Navn,Stasjon,Tid(norsk normaltid),Lufttemperatur
Kjevik,SN39040,18.03.2022 01:50,42.8
Kjevik,SN39040,18.03.2022 03:20,39.2
Kjevik,SN39040,18.03.2022 03:50,37.4
Kjevik,SN39040,18.03.2022 04:20,41.0
Kjevik,SN39040,18.03.2022 04:50,41.0
Kjevik,SN39040,18.03.2022 05:20,41.0
Kjevik,SN39040,18.03.2022 05:50,41.0
Kjevik,SN39040,18.03.2022 06:20,39.2
Kjevik,SN39040,18.03.2022 06:50,39.2
Kjevik,SN39040,18.03.2022 07:20,39.2
Kjevik,SN39040,18.03.2022 07:50,41.0
Kjevik,SN39040,18.03.2022 08:20,41.0
Kjevik,SN39040,18.03.2022 08:50,42.8
Kjevik,SN39040,18.03.2022 09:20,44.6
Kjevik,SN39040,18.03.2022 09:50,44.6
Kjevik,SN39040,18.03.2022 10:20,44.6
Kjevik,SN39040,18.03.2022 10:50,46.4
Kjevik,SN39040,18.03.2022 11:20,48.2
Kjevik,SN39040,18.03.2022 11:50,48.2
Kjevik,SN39040,18.03.2022 12:20,48.2
Kjevik,SN39040,18.03.2022 12:50,50.0
Kjevik,SN39040,18.03.2022 13:20,50.0
Kjevik,SN39040,18.03.2022 13:50,50.0
Kjevik,SN39040,18.03.2022 14:20,51.8
Kjevik,SN39040,18.03.2022 14:50,51.8
Kjevik,SN39040,18.03.2022 15:20,51.8
Kjevik,SN39040,18.03.2022 15:50,51.8
Kjevik,SN39040,18.03.2022 16:20,51.8
Kjevik,SN39040,18.03.2022 16:50,50.0
Kjevik,SN39040,18.03.2022 17:20,50.0
Kjevik,SN39040,18.03.2022 17:50,50.0
Kjevik,SN39040,18.03.2022 18:20,46.4
Kjevik,SN39040,18.03.2022 18:50,44.6
Kjevik,SN39040,18.03.2022 19:20,44.6
Kjevik,SN39040,18.03.2022 19:50,39.2
Kjevik,SN39040,18.03.2022 20:20,39.2
Kjevik,SN39040,18.03.2022 20:50,33.8
Kjevik,SN39040,18.03.2022 21:20,33.8
Kjevik,SN39040,18.03.2022 21:50,33.8
Kjevik,SN39040,18.03.2022 22:20,30.2
Kjevik,SN39040,18.03.2022 22:50,30.2
Kjevik,SN39040,18.03.2022 23:20,30.2
Kjevik,SN39040,18.03.2022 23:50,30.2
Kjevik,SN39040,19.03.2022 00:20,30.2
Kjevik,SN39040,19.03.2022 00:50,30.2
Kjevik,SN39040,19.03.2022 01:20,28.4
Kjevik,SN39040,19.03.2022 01:50,28.4
Kjevik,SN39040,19.03.2022 02:20,30.2
Kjevik,SN39040,19.03.2022 02:50,28.4
Kjevik,SN39040,19.03.2022 03:20,28.4
Kjevik,SN39040,19.03.2022 03:50,28.4
Kjevik,SN39040,19.03.2022 04:20,28.4
Kjevik,SN39040,19.03.2022 04:50,26.6
Kjevik,SN39040,19.03.2022 05:20,28.4
Kjevik,SN39040,19.03.2022 05:50,28.4
Kjevik,SN39040,19.03.2022 06:20,32.0
Kjevik,SN39040,19.03.2022 06:50,30.2
Kjevik,SN39040,19.03.2022 07:20,32.0
Kjevik,SN39040,19.03.2022 07:50,33.8
Kjevik,SN39040,19.03.2022 08:20,35.6
Kjevik,SN39040,19.03.2022 08:50,35.6
Kjevik,SN39040,19.03.2022 09:20,39.2
Kjevik,SN39040,19.03.2022 09:50,42.8
Kjevik,SN39040,19.03.2022 10:20,44.6
Kjevik,SN39040,19.03.2022 10:50,44.6
Kjevik,SN39040,19.03.2022 11:20,48.2
Kjevik,SN39040,19.03.2022 11:50,48.2
Kjevik,SN39040,19.03.2022 12:20,50.0
Kjevik,SN39040,19.03.2022 12:50,48.2
Kjevik,SN39040,19.03.2022 13:20,48.2
Kjevik,SN39040,19.03.2022 13:50,48.2
Kjevik,SN39040,19.03.2022 14:20,48.2
Kjevik,SN39040,19.03.2022 14:50,48.2
Kjevik,SN39040,19.03.2022 15:20,48.2
Kjevik,SN39040,19.03.2022 15:50,48.2
Kjevik,SN39040,19.03.2022 16:20,48.2
Kjevik,SN39040,19.03.2022 16:50,46.4
Kjevik,SN39040,19.03.2022 17:20,46.4
Kjevik,SN39040,19.03.2022 17:50,44.6
Kjevik,SN39040,19.03.2022 18:20,42.8
Kjevik,SN39040,19.03.2022 18:50,41.0
Kjevik,SN39040,19.03.2022 19:20,39.2
Kjevik,SN39040,19.03.2022 19:50,35.6
Kjevik,SN39040,19.03.2022 20:20,33.8
Kjevik,SN39040,19.03.2022 20:50,33.8
Kjevik,SN39040,19.03.2022 21:20,33.8
Kjevik,SN39040,19.03.2022 21:50,33.8
Kjevik,SN39040,19.03.2022 22:20,33.8
Kjevik,SN39040,19.03.2022 22:50,32.0
Kjevik,SN39040,19.03.2022 23:20,30.2
Kjevik,SN39040,19.03.2022 23:50,30.2
Kjevik,SN39040,20.03.2022 00:20,30.2
Kjevik,SN39040,20.03.2022 00:50,30.2
Kjevik,SN39040,20.03.2022 01:20,30.2
Kjevik,SN39040,20.03.2022 01:50,30.2
Kjevik,SN39040,20.03.2022 02:20,30.2
Kjevik,SN39040,20.03.2022 02:50,28.4
Kjevik,SN39040,20.03.2022 03:20,28.4
Kjevik,SN39040,20.03.2022 03:50,28.4
Kjevik,SN39040,20.03.2022 04:20,28.4
Kjevik,SN39040,20.03.2022 04:50,28.4
Kjevik,SN39040,20.03.2022 05:20,26.6
Kjevik,SN39040,20.03.2022 05:50,26.6
Kjevik,SN39040,20.03.2022 06:20,28.4
Kjevik,SN39040,20.03.2022 06:50,28.4
Kjevik,SN39040,20.03.2022 07:20,28.4
Kjevik,SN39040,20.03.2022 07:50,30.2
Kjevik,SN39040,20.03.2022 08:20,33.8
Kjevik,SN39040,20.03.2022 08:50,35.6
Kjevik,SN39040,20.03.2022 09:20,41.0
Kjevik,SN39040,20.03.2022 09:50,42.8
Kjevik,SN39040,20.03.2022 10:20,46.4
Kjevik,SN39040,20.03.2022 10:50,46.4
Kjevik,SN39040,20.03.2022 11:20,48.2
Kjevik,SN39040,20.03.2022 11:50,48.2
Kjevik,SN39040,20.03.2022 12:20,48.2
Kjevik,SN39040,20.03.2022 12:50,48.2
Kjevik,SN39040,20.03.2022 13:20,46.4
Kjevik,SN39040,20.03.2022 13:50,46.4
Kjevik,SN39040,20.03.2022 14:20,46.4
Kjevik,SN39040,20.03.2022 14:50,48.2
Kjevik,SN39040,20.03.2022 15:20,46.4
Kjevik,SN39040,20.03.2022 15:50,44.6
Kjevik,SN39040,20.03.2022 16:20,44.6
Kjevik,SN39040,20.03.2022 16:50,44.6
Kjevik,SN39040,20.03.2022 17:20,42.8
Kjevik,SN39040,20.03.2022 17:50,42.8
Kjevik,SN39040,20.03.2022 18:20,41.0
Kjevik,SN39040,20.03.2022 18:50,39.2
Kjevik,SN39040,20.03.2022 19:20,37.4
Kjevik,SN39040,20.03.2022 19:50,35.6
Kjevik,SN39040,20.03.2022 20:20,35.6
Kjevik,SN39040,20.03.2022 20:50,35.6
Kjevik,SN39040,20.03.2022 21:20,35.6
Kjevik,SN39040,20.03.2022 21:50,33.8
Kjevik,SN39040,20.03.2022 22:20,33.8
Kjevik,SN39040,20.03.2022 22:50,33.8
Kjevik,SN39040,20.03.2022 23:20,33.8
Kjevik,SN39040,20.03.2022 23:50,33.8
Kjevik,SN39040,21.03.2022 00:20,33.8
Kjevik,SN39040,21.03.2022 00:50,33.8
Kjevik,SN39040,21.03.2022 01:20,33.8
Kjevik,SN39040,21.03.2022 01:50,33.8
Kjevik,SN39040,21.03.2022 02:20,33.8
Kjevik,SN39040,21.03.2022 02:50,33.8
Kjevik,SN39040,21.03.2022 03:20,33.8
Kjevik,SN39040,21.03.2022 03:50,33.8
Kjevik,SN39040,21.03.2022 04:20,33.8
Kjevik,SN39040,21.03.2022 04:50,33.8
Kjevik,SN39040,21.03.2022 05:20,33.8
Kjevik,SN39040,21.03.2022 05:50,33.8
Kjevik,SN39040,21.03.2022 06:20,33.8
Kjevik,SN39040,21.03.2022 06:50,33.8
Kjevik,SN39040,21.03.2022 07:20,33.8
Kjevik,SN39040,21.03.2022 07:50,33.8
Kjevik,SN39040,21.03.2022 08:20,35.6
Kjevik,SN39040,21.03.2022 08:50,39.2
Kjevik,SN39040,21.03.2022 09:20,41.0
Kjevik,SN39040,21.03.2022 09:50,42.8
Kjevik,SN39040,21.03.2022 10:20,42.8
Kjevik,SN39040,21.03.2022 10:50,42.8
Kjevik,SN39040,21.03.2022 11:20,42.8
Kjevik,SN39040,21.03.2022 11:50,42.8
Kjevik,SN39040,21.03.2022 12:20,42.8
Kjevik,SN39040,21.03.2022 12:50,42.8
Kjevik,SN39040,21.03.2022 13:20,42.8
Kjevik,SN39040,21.03.2022 13:50,42.8
Kjevik,SN39040,21.03.2022 14:20,42.8
Kjevik,SN39040,21.03.2022 14:50,42.8
Kjevik,SN39040,21.03.2022 15:20,42.8
Kjevik,SN39040,21.03.2022 15:50,44.6
Kjevik,SN39040,21.03.2022 16:20,44.6
Kjevik,SN39040,21.03.2022 16:50,44.6
Kjevik,SN39040,21.03.2022 17:20,42.8
Kjevik,SN39040,21.03.2022 17:50,42.8
Kjevik,SN39040,21.03.2022 18:20,41.0
Kjevik,SN39040,21.03.2022 18:50,39.2
Kjevik,SN39040,21.03.2022 19:20,39.2
Kjevik,SN39040,21.03.2022 19:50,37.4
Kjevik,SN39040,21.03.2022 20:20,37.4
Kjevik,SN39040,21.03.2022 20:50,37.4
Kjevik,SN39040,21.03.2022 21:20,37.4
Kjevik,SN39040,21.03.2022 21:50,35.6
Kjevik,SN39040,21.03.2022 22:20,33.8
Kjevik,SN39040,21.03.2022 22:50,33.8
Kjevik,SN39040,21.03.2022 23:20,33.8
Kjevik,SN39040,21.03.2022 23:50,32.0
Kjevik,SN39040,22.03.2022 00:20,32.0
Kjevik,SN39040,22.03.2022 00:50,33.8
Kjevik,SN39040,22.03.2022 01:20,32.0
Kjevik,SN39040,22.03.2022 01:50,33.8
Kjevik,SN39040,22.03.2022 02:20,32.0
Kjevik,SN39040,22.03.2022 02:50,33.8
Kjevik,SN39040,22.03.2022 03:50,33.8
Kjevik,SN39040,22.03.2022 04:20,33.8
Kjevik,SN39040,22.03.2022 04:50,32.0
Kjevik,SN39040,22.03.2022 05:20,32.0
Kjevik,SN39040,22.03.2022 05:50,30.2
Kjevik,SN39040,22.03.2022 06:20,32.0
Kjevik,SN39040,22.03.2022 06:50,32.0
Kjevik,SN39040,22.03.2022 07:20,33.8
Kjevik,SN39040,22.03.2022 07:50,33.8
Kjevik,SN39040,22.03.2022 08:20,35.6
Kjevik,SN39040,22.03.2022 08:50,37.4
Kjevik,SN39040,22.03.2022 09:20,39.2
Kjevik,SN39040,22.03.2022 09:50,42.8
Kjevik,SN39040,22.03.2022 10:20,44.6
Kjevik,SN39040,22.03.2022 10:50,46.4
Kjevik,SN39040,22.03.2022 11:20,44.6
Kjevik,SN39040,22.03.2022 11:50,44.6
Kjevik,SN39040,22.03.2022 12:20,44.6
Kjevik,SN39040,22.03.2022 12:50,46.4
Kjevik,SN39040,22.03.2022 13:20,46.4
Kjevik,SN39040,22.03.2022 13:50,48.2
Kjevik,SN39040,22.03.2022 14:20,48.2
Kjevik,SN39040,22.03.2022 14:50,44.6
Kjevik,SN39040,22.03.2022 15:20,46.4
Kjevik,SN39040,22.03.2022 15:50,46.4
Kjevik,SN39040,22.03.2022 16:20,48.2
Kjevik,SN39040,22.03.2022 16:50,46.4
Kjevik,SN39040,22.03.2022 17:20,46.4
Kjevik,SN39040,22.03.2022 17:50,44.6
Kjevik,SN39040,22.03.2022 18:20,44.6
Kjevik,SN39040,22.03.2022 18:50,44.6
Kjevik,SN39040,22.03.2022 19:20,41.0
Kjevik,SN39040,22.03.2022 19:50,37.4
Kjevik,SN39040,22.03.2022 20:20,35.6
Kjevik,SN39040,22.03.2022 20:50,33.8
Kjevik,SN39040,22.03.2022 21:20,33.8
Kjevik,SN39040,22.03.2022 21:50,32.0
Kjevik,SN39040,22.03.2022 22:20,30.2
Kjevik,SN39040,22.03.2022 22:50,30.2
Kjevik,SN39040,22.03.2022 23:20,30.2
Kjevik,SN39040,22.03.2022 23:50,30.2
Kjevik,SN39040,23.03.2022 00:20,30.2
Kjevik,SN39040,23.03.2022 00:50,28.4
Kjevik,SN39040,23.03.2022 01:20,28.4
Kjevik,SN39040,23.03.2022 01:50,28.4
Kjevik,SN39040,23.03.2022 02:20,26.6
Kjevik,SN39040,23.03.2022 02:50,28.4
Kjevik,SN39040,23.03.2022 03:20,26.6
Kjevik,SN39040,23.03.2022 03:50,26.6
Kjevik,SN39040,23.03.2022 04:20,26.6
Kjevik,SN39040,23.03.2022 04:50,26.6
Kjevik,SN39040,23.03.2022 05:20,26.6
Kjevik,SN39040,23.03.2022 05:50,26.6
Kjevik,SN39040,23.03.2022 06:20,26.6
Kjevik,SN39040,23.03.2022 06:50,26.6
Kjevik,SN39040,23.03.2022 07:20,28.4
Kjevik,SN39040,23.03.2022 07:50,30.2
Kjevik,SN39040,23.03.2022 08:20,32.0
Kjevik,SN39040,23.03.2022 08:50,33.8
Kjevik,SN39040,23.03.2022 09:20,37.4
Kjevik,SN39040,23.03.2022 09:50,42.8
Kjevik,SN39040,23.03.2022 10:20,46.4
Kjevik,SN39040,23.03.2022 10:50,44.6
Kjevik,SN39040,23.03.2022 11:20,48.2
Kjevik,SN39040,23.03.2022 11:50,50.0
Kjevik,SN39040,23.03.2022 12:20,50.0
Kjevik,SN39040,23.03.2022 12:50,48.2
Kjevik,SN39040,23.03.2022 13:20,46.4
Kjevik,SN39040,23.03.2022 13:50,44.6
Kjevik,SN39040,23.03.2022 14:20,46.4
Kjevik,SN39040,23.03.2022 14:50,48.2
Kjevik,SN39040,23.03.2022 15:20,48.2
Kjevik,SN39040,23.03.2022 15:50,48.2
Kjevik,SN39040,23.03.2022 16:20,48.2
Kjevik,SN39040,23.03.2022 16:50,46.4
Kjevik,SN39040,23.03.2022 17:20,44.6
Kjevik,SN39040,23.03.2022 17:50,42.8
Kjevik,SN39040,23.03.2022 18:20,42.8
Kjevik,SN39040,23.03.2022 18:50,41.0
Kjevik,SN39040,23.03.2022 19:20,39.2
Kjevik,SN39040,23.03.2022 19:50,37.4
Kjevik,SN39040,23.03.2022 20:20,35.6
Kjevik,SN39040,23.03.2022 20:50,33.8
Kjevik,SN39040,23.03.2022 21:20,33.8
Kjevik,SN39040,23.03.2022 21:50,33.8
Kjevik,SN39040,23.03.2022 22:20,33.8
Kjevik,SN39040,23.03.2022 22:50,33.8
Kjevik,SN39040,23.03.2022 23:20,32.0
Kjevik,SN39040,23.03.2022 23:50,32.0
Kjevik,SN39040,24.03.2022 00:20,33.8
Kjevik,SN39040,24.03.2022 00:50,32.0
Kjevik,SN39040,24.03.2022 01:20,32.0
Kjevik,SN39040,24.03.2022 01:50,32.0
Kjevik,SN39040,24.03.2022 02:20,32.0
Kjevik,SN39040,24.03.2022 02:50,32.0
Kjevik,SN39040,24.03.2022 03:20,32.0
Kjevik,SN39040,24.03.2022 03:50,32.0
Kjevik,SN39040,24.03.2022 04:20,32.0
Kjevik,SN39040,24.03.2022 04:50,32.0
Kjevik,SN39040,24.03.2022 05:20,30.2
Kjevik,SN39040,24.03.2022 05:50,28.4
Kjevik,SN39040,24.03.2022 06:20,30.2
Kjevik,SN39040,24.03.2022 06:50,28.4
Kjevik,SN39040,24.03.2022 07:20,30.2
Kjevik,SN39040,24.03.2022 07:50,33.8
Kjevik,SN39040,24.03.2022 08:20,35.6
Kjevik,SN39040,24.03.2022 08:50,39.2
Kjevik,SN39040,24.03.2022 09:20,42.8
Kjevik,SN39040,24.03.2022 09:50,46.4
Kjevik,SN39040,24.03.2022 10:20,48.2
Kjevik,SN39040,24.03.2022 10:50,53.6
Kjevik,SN39040,24.03.2022 11:20,59.0
Kjevik,SN39040,24.03.2022 11:50,59.0
Kjevik,SN39040,24.03.2022 12:20,60.8
Kjevik,SN39040,24.03.2022 12:50,57.2
Kjevik,SN39040,24.03.2022 13:20,57.2
Kjevik,SN39040,24.03.2022 13:50,60.8
Kjevik,SN39040,24.03.2022 14:20,62.6
Kjevik,SN39040,24.03.2022 14:50,55.4
Kjevik,SN39040,24.03.2022 15:20,57.2
Kjevik,SN39040,24.03.2022 15:50,55.4
Kjevik,SN39040,24.03.2022 16:20,55.4
Kjevik,SN39040,24.03.2022 16:50,55.4
Kjevik,SN39040,24.03.2022 17:20,55.4
Kjevik,SN39040,24.03.2022 17:50,53.6
Kjevik,SN39040,24.03.2022 18:20,50.0
Kjevik,SN39040,24.03.2022 18:50,50.0
Kjevik,SN39040,24.03.2022 19:20,46.4
Kjevik,SN39040,24.03.2022 19:50,44.6
Kjevik,SN39040,24.03.2022 20:20,42.8
Kjevik,SN39040,24.03.2022 20:50,42.8
Kjevik,SN39040,24.03.2022 21:20,41.0
Kjevik,SN39040,24.03.2022 21:50,39.2
Kjevik,SN39040,24.03.2022 22:20,39.2
Kjevik,SN39040,24.03.2022 22:50,37.4
Kjevik,SN39040,24.03.2022 23:20,37.4
Kjevik,SN39040,24.03.2022 23:50,35.6
Kjevik,SN39040,25.03.2022 00:20,35.6
Kjevik,SN39040,25.03.2022 00:50,33.8
Kjevik,SN39040,25.03.2022 01:20,33.8
Kjevik,SN39040,25.03.2022 01:50,32.0
Kjevik,SN39040,25.03.2022 02:20,32.0
Kjevik,SN39040,25.03.2022 02:50,32.0
Kjevik,SN39040,25.03.2022 03:20,32.0
Kjevik,SN39040,25.03.2022 03:50,30.2
Kjevik,SN39040,25.03.2022 04:20,33.8
Kjevik,SN39040,25.03.2022 04:50,30.2
Kjevik,SN39040,25.03.2022 05:20,33.8
Kjevik,SN39040,25.03.2022 05:50,32.0
Kjevik,SN39040,25.03.2022 06:20,35.6
Kjevik,SN39040,25.03.2022 06:50,37.4
Kjevik,SN39040,25.03.2022 07:20,41.0
Kjevik,SN39040,25.03.2022 07:50,41.0
Kjevik,SN39040,25.03.2022 08:20,41.0
Kjevik,SN39040,25.03.2022 08:50,42.8
Kjevik,SN39040,25.03.2022 09:20,46.4
Kjevik,SN39040,25.03.2022 09:50,48.2
Kjevik,SN39040,25.03.2022 10:20,50.0
Kjevik,SN39040,25.03.2022 10:50,53.6
Kjevik,SN39040,25.03.2022 11:20,53.6
Kjevik,SN39040,25.03.2022 11:50,53.6
Kjevik,SN39040,25.03.2022 12:20,55.4
Kjevik,SN39040,25.03.2022 12:50,55.4
Kjevik,SN39040,25.03.2022 13:20,55.4
Kjevik,SN39040,25.03.2022 13:50,57.2
Kjevik,SN39040,25.03.2022 14:20,57.2
Kjevik,SN39040,25.03.2022 14:50,57.2
Kjevik,SN39040,25.03.2022 15:20,59.0
Kjevik,SN39040,25.03.2022 15:50,57.2
Kjevik,SN39040,25.03.2022 16:20,55.4
Kjevik,SN39040,25.03.2022 16:50,55.4
Kjevik,SN39040,25.03.2022 17:20,53.6
Kjevik,SN39040,25.03.2022 17:50,53.6
Kjevik,SN39040,25.03.2022 18:20,51.8
Kjevik,SN39040,25.03.2022 18:50,51.8
Kjevik,SN39040,25.03.2022 19:20,51.8
Kjevik,SN39040,25.03.2022 19:50,51.8
Kjevik,SN39040,25.03.2022 20:20,51.8
Kjevik,SN39040,25.03.2022 20:50,51.8
Kjevik,SN39040,25.03.2022 21:20,51.8
Kjevik,SN39040,25.03.2022 21:50,51.8
Kjevik,SN39040,25.03.2022 22:20,51.8
Kjevik,SN39040,25.03.2022 22:50,50.0
Kjevik,SN39040,25.03.2022 23:20,50.0
Kjevik,SN39040,25.03.2022 23:50,50.0
Kjevik,SN39040,26.03.2022 00:20,48.2
Kjevik,SN39040,26.03.2022 00:50,48.2
Kjevik,SN39040,26.03.2022 01:20,48.2
Kjevik,SN39040,26.03.2022 01:50,46.4
Kjevik,SN39040,26.03.2022 02:20,44.6
Kjevik,SN39040,26.03.2022 02:50,44.6
Kjevik,SN39040,26.03.2022 03:20,44.6
Kjevik,SN39040,26.03.2022 03:50,46.4
Kjevik,SN39040,26.03.2022 04:20,44.6
Kjevik,SN39040,26.03.2022 04:50,48.2
Kjevik,SN39040,26.03.2022 05:20,48.2
Kjevik,SN39040,26.03.2022 05:50,46.4
Kjevik,SN39040,26.03.2022 06:20,48.2
Kjevik,SN39040,26.03.2022 06:50,50.0
Kjevik,SN39040,26.03.2022 07:20,48.2
Kjevik,SN39040,26.03.2022 07:50,50.0
Kjevik,SN39040,26.03.2022 08:20,50.0
Kjevik,SN39040,26.03.2022 08:50,50.0
Kjevik,SN39040,26.03.2022 09:20,51.8
Kjevik,SN39040,26.03.2022 09:50,53.6
Kjevik,SN39040,26.03.2022 10:20,55.4
Kjevik,SN39040,26.03.2022 10:50,55.4
Kjevik,SN39040,26.03.2022 11:20,57.2
Kjevik,SN39040,26.03.2022 11:50,53.6
Kjevik,SN39040,26.03.2022 12:20,51.8
Kjevik,SN39040,26.03.2022 12:50,53.6
Kjevik,SN39040,26.03.2022 13:20,53.6
Kjevik,SN39040,26.03.2022 13:50,53.6
Kjevik,SN39040,26.03.2022 14:20,53.6
Kjevik,SN39040,26.03.2022 14:50,53.6
Kjevik,SN39040,26.03.2022 15:20,51.8
Kjevik,SN39040,26.03.2022 15:50,51.8
Kjevik,SN39040,26.03.2022 16:20,50.0
Kjevik,SN39040,26.03.2022 16:50,50.0
Kjevik,SN39040,26.03.2022 17:20,48.2
Kjevik,SN39040,26.03.2022 17:50,46.4
Kjevik,SN39040,26.03.2022 18:20,44.6
Kjevik,SN39040,26.03.2022 18:50,44.6
Kjevik,SN39040,26.03.2022 19:20,44.6
Kjevik,SN39040,26.03.2022 19:50,41.0
Kjevik,SN39040,26.03.2022 20:20,37.4
Kjevik,SN39040,26.03.2022 20:50,37.4
Kjevik,SN39040,26.03.2022 21:20,33.8
Kjevik,SN39040,26.03.2022 21:50,35.6
Kjevik,SN39040,26.03.2022 22:20,33.8
Kjevik,SN39040,26.03.2022 22:50,33.8
Kjevik,SN39040,26.03.2022 23:20,33.8
Kjevik,SN39040,26.03.2022 23:50,33.8
Kjevik,SN39040,27.03.2022 00:20,32.0
Kjevik,SN39040,27.03.2022 00:50,32.0
Kjevik,SN39040,27.03.2022 01:20,33.8
Kjevik,SN39040,27.03.2022 01:50,33.8
Kjevik,SN39040,27.03.2022 02:20,35.6
Kjevik,SN39040,27.03.2022 02:50,35.6
Kjevik,SN39040,27.03.2022 03:20,35.6
Kjevik,SN39040,27.03.2022 03:50,35.6
Kjevik,SN39040,27.03.2022 04:20,35.6
Kjevik,SN39040,27.03.2022 04:50,33.8
Kjevik,SN39040,27.03.2022 05:20,33.8
Kjevik,SN39040,27.03.2022 05:50,33.8
Kjevik,SN39040,27.03.2022 06:20,42.8
Kjevik,SN39040,27.03.2022 06:50,37.4
Kjevik,SN39040,27.03.2022 07:20,44.6
Kjevik,SN39040,27.03.2022 07:50,46.4
Kjevik,SN39040,27.03.2022 08:20,46.4
Kjevik,SN39040,27.03.2022 08:50,46.4
Kjevik,SN39040,27.03.2022 09:20,50.0
Kjevik,SN39040,27.03.2022 09:50,46.4
Kjevik,SN39040,27.03.2022 10:20,48.2
Kjevik,SN39040,27.03.2022 10:50,48.2
Kjevik,SN39040,27.03.2022 11:20,51.8
Kjevik,SN39040,27.03.2022 11:50,53.6
Kjevik,SN39040,27.03.2022 12:20,53.6
Kjevik,SN39040,27.03.2022 12:50,55.4
Kjevik,SN39040,27.03.2022 13:20,55.4
Kjevik,SN39040,27.03.2022 13:50,57.2
Kjevik,SN39040,27.03.2022 14:20,57.2
Kjevik,SN39040,27.03.2022 14:50,59.0
Kjevik,SN39040,27.03.2022 15:20,57.2
Kjevik,SN39040,27.03.2022 15:50,59.0
Kjevik,SN39040,27.03.2022 16:20,62.6
Kjevik,SN39040,27.03.2022 16:50,60.8
Kjevik,SN39040,27.03.2022 17:20,59.0
Kjevik,SN39040,27.03.2022 17:50,57.2
Kjevik,SN39040,27.03.2022 18:20,55.4
Kjevik,SN39040,27.03.2022 18:50,53.6
Kjevik,SN39040,27.03.2022 19:20,50.0
Kjevik,SN39040,27.03.2022 19:50,48.2
Kjevik,SN39040,27.03.2022 20:20,48.2
Kjevik,SN39040,27.03.2022 20:50,46.4
Kjevik,SN39040,27.03.2022 21:20,46.4
Kjevik,SN39040,27.03.2022 21:50,44.6
Kjevik,SN39040,27.03.2022 22:20,44.6
Kjevik,SN39040,27.03.2022 22:50,44.6
Kjevik,SN39040,27.03.2022 23:20,44.6
Kjevik,SN39040,27.03.2022 23:50,44.6
Kjevik,SN39040,28.03.2022 00:20,44.6
Kjevik,SN39040,28.03.2022 00:50,42.8
Kjevik,SN39040,28.03.2022 01:20,42.8
Kjevik,SN39040,28.03.2022 01:50,42.8
Kjevik,SN39040,28.03.2022 02:20,42.8
Kjevik,SN39040,28.03.2022 02:50,42.8
Kjevik,SN39040,28.03.2022 03:20,42.8
Kjevik,SN39040,28.03.2022 03:50,42.8
Kjevik,SN39040,28.03.2022 04:20,42.8
Kjevik,SN39040,28.03.2022 04:50,42.8
Kjevik,SN39040,28.03.2022 05:20,42.8
Kjevik,SN39040,28.03.2022 05:50,42.8
Kjevik,SN39040,28.03.2022 06:20,42.8
Kjevik,SN39040,28.03.2022 06:50,41.0
Kjevik,SN39040,28.03.2022 07:20,42.8
Kjevik,SN39040,28.03.2022 07:50,42.8
Kjevik,SN39040,28.03.2022 08:20,44.6
Kjevik,SN39040,28.03.2022 08:50,46.4
Kjevik,SN39040,28.03.2022 09:20,48.2
Kjevik,SN39040,28.03.2022 09:50,50.0
Kjevik,SN39040,28.03.2022 10:20,51.8
Kjevik,SN39040,28.03.2022 10:50,51.8
Kjevik,SN39040,28.03.2022 11:20,53.6
Kjevik,SN39040,28.03.2022 11:50,55.4
Kjevik,SN39040,28.03.2022 12:20,55.4
Kjevik,SN39040,28.03.2022 12:50,55.4
Kjevik,SN39040,28.03.2022 13:20,55.4
Kjevik,SN39040,28.03.2022 13:50,55.4
Kjevik,SN39040,28.03.2022 14:20,55.4
Kjevik,SN39040,28.03.2022 14:50,50.0
Kjevik,SN39040,28.03.2022 15:20,48.2
Kjevik,SN39040,28.03.2022 15:50,48.2
Kjevik,SN39040,28.03.2022 16:20,48.2
Kjevik,SN39040,28.03.2022 16:50,48.2
Kjevik,SN39040,28.03.2022 17:20,46.4
Kjevik,SN39040,28.03.2022 17:50,46.4
Kjevik,SN39040,28.03.2022 18:20,46.4
Kjevik,SN39040,28.03.2022 18:50,46.4
Kjevik,SN39040,28.03.2022 19:20,44.6
Kjevik,SN39040,28.03.2022 19:50,44.6
Kjevik,SN39040,28.03.2022 20:20,44.6
Kjevik,SN39040,28.03.2022 20:50,44.6
Kjevik,SN39040,28.03.2022 21:20,44.6
Kjevik,SN39040,28.03.2022 21:50,42.8
Kjevik,SN39040,28.03.2022 22:20,42.8
Kjevik,SN39040,28.03.2022 22:50,42.8
Kjevik,SN39040,28.03.2022 23:20,41.0
Kjevik,SN39040,28.03.2022 23:50,41.0
Kjevik,SN39040,29.03.2022 00:20,41.0
Kjevik,SN39040,29.03.2022 00:50,41.0
Kjevik,SN39040,29.03.2022 01:20,39.2
Kjevik,SN39040,29.03.2022 01:50,39.2
Kjevik,SN39040,29.03.2022 02:20,39.2
Kjevik,SN39040,29.03.2022 02:50,39.2
Kjevik,SN39040,29.03.2022 03:20,37.4
Kjevik,SN39040,29.03.2022 03:50,37.4
Kjevik,SN39040,29.03.2022 04:20,37.4
Kjevik,SN39040,29.03.2022 04:50,35.6
Kjevik,SN39040,29.03.2022 05:20,32.0
Kjevik,SN39040,29.03.2022 05:50,30.2
Kjevik,SN39040,29.03.2022 06:20,28.4
Kjevik,SN39040,29.03.2022 06:50,28.4
Kjevik,SN39040,29.03.2022 07:20,30.2
Kjevik,SN39040,29.03.2022 07:50,37.4
Kjevik,SN39040,29.03.2022 08:20,39.2
Kjevik,SN39040,29.03.2022 08:50,39.2
Kjevik,SN39040,29.03.2022 09:20,41.0
Kjevik,SN39040,29.03.2022 09:50,42.8
Kjevik,SN39040,29.03.2022 10:20,44.6
Kjevik,SN39040,29.03.2022 10:50,46.4
Kjevik,SN39040,29.03.2022 11:20,46.4
Kjevik,SN39040,29.03.2022 11:50,46.4
Kjevik,SN39040,29.03.2022 12:20,44.6
Kjevik,SN39040,29.03.2022 12:50,44.6
Kjevik,SN39040,29.03.2022 13:20,44.6
Kjevik,SN39040,29.03.2022 13:50,44.6
Kjevik,SN39040,29.03.2022 14:20,42.8
Kjevik,SN39040,29.03.2022 14:50,41.0
Kjevik,SN39040,29.03.2022 15:20,42.8
Kjevik,SN39040,29.03.2022 15:50,46.4
Kjevik,SN39040,29.03.2022 16:20,44.6
Kjevik,SN39040,29.03.2022 16:50,39.2
Kjevik,SN39040,29.03.2022 17:20,39.2
Kjevik,SN39040,29.03.2022 17:50,39.2
Kjevik,SN39040,29.03.2022 18:20,37.4
Kjevik,SN39040,29.03.2022 18:50,37.4
Kjevik,SN39040,29.03.2022 19:20,35.6
Kjevik,SN39040,29.03.2022 19:50,33.8
Kjevik,SN39040,29.03.2022 20:20,32.0
Kjevik,SN39040,29.03.2022 20:50,30.2
Kjevik,SN39040,29.03.2022 21:20,30.2
Kjevik,SN39040,29.03.2022 21:50,30.2
Kjevik,SN39040,29.03.2022 22:20,28.4
Kjevik,SN39040,29.03.2022 22:50,30.2
Kjevik,SN39040,29.03.2022 23:20,28.4
Kjevik,SN39040,29.03.2022 23:50,28.4
Kjevik,SN39040,30.03.2022 00:20,28.4
Kjevik,SN39040,30.03.2022 00:50,28.4
Kjevik,SN39040,30.03.2022 01:20,28.4
Kjevik,SN39040,30.03.2022 01:50,28.4
Kjevik,SN39040,30.03.2022 02:20,26.6
Kjevik,SN39040,30.03.2022 02:50,28.4
Kjevik,SN39040,30.03.2022 03:20,28.4
Kjevik,SN39040,30.03.2022 03:50,28.4
Kjevik,SN39040,30.03.2022 04:20,28.4
Kjevik,SN39040,30.03.2022 04:50,28.4
Kjevik,SN39040,30.03.2022 05:20,30.2
Kjevik,SN39040,30.03.2022 05:50,30.2
Kjevik,SN39040,30.03.2022 06:20,30.2
Kjevik,SN39040,30.03.2022 06:50,30.2
Kjevik,SN39040,30.03.2022 07:20,30.2
Kjevik,SN39040,30.03.2022 07:50,30.2
Kjevik,SN39040,30.03.2022 08:20,32.0
Kjevik,SN39040,30.03.2022 08:50,30.2
Kjevik,SN39040,30.03.2022 09:20,30.2
Kjevik,SN39040,30.03.2022 09:50,35.6
Kjevik,SN39040,30.03.2022 10:20,33.8
Kjevik,SN39040,30.03.2022 10:50,37.4
Kjevik,SN39040,30.03.2022 11:20,37.4
Kjevik,SN39040,30.03.2022 11:50,39.2
Kjevik,SN39040,30.03.2022 12:20,41.0
Kjevik,SN39040,30.03.2022 12:50,39.2
Kjevik,SN39040,30.03.2022 13:20,39.2
Kjevik,SN39040,30.03.2022 13:50,39.2
Kjevik,SN39040,30.03.2022 14:20,39.2
Kjevik,SN39040,30.03.2022 14:50,39.2
Kjevik,SN39040,30.03.2022 15:20,37.4
Kjevik,SN39040,30.03.2022 15:50,37.4
Kjevik,SN39040,30.03.2022 16:20,39.2
Kjevik,SN39040,30.03.2022 16:50,39.2
Kjevik,SN39040,30.03.2022 17:20,37.4
Kjevik,SN39040,30.03.2022 17:50,37.4
Kjevik,SN39040,30.03.2022 18:20,35.6
Kjevik,SN39040,30.03.2022 18:50,33.8
Kjevik,SN39040,30.03.2022 19:20,33.8
Kjevik,SN39040,30.03.2022 19:50,33.8
Kjevik,SN39040,30.03.2022 20:20,32.0
Kjevik,SN39040,30.03.2022 20:50,30.2
Kjevik,SN39040,30.03.2022 21:20,26.6
Kjevik,SN39040,30.03.2022 21:50,28.4
Kjevik,SN39040,30.03.2022 22:20,26.6
Kjevik,SN39040,30.03.2022 22:50,24.8
Kjevik,SN39040,30.03.2022 23:20,26.6
Kjevik,SN39040,30.03.2022 23:50,24.8
Kjevik,SN39040,31.03.2022 00:20,24.8
Kjevik,SN39040,31.03.2022 00:50,23.0
Kjevik,SN39040,31.03.2022 01:20,24.8
Kjevik,SN39040,31.03.2022 01:50,23.0
Kjevik,SN39040,31.03.2022 02:20,23.0
Kjevik,SN39040,31.03.2022 02:50,23.0
Kjevik,SN39040,31.03.2022 03:20,21.2
Kjevik,SN39040,31.03.2022 03:50,23.0
Kjevik,SN39040,31.03.2022 04:20,24.8
Kjevik,SN39040,31.03.2022 04:50,23.0
Kjevik,SN39040,31.03.2022 05:20,23.0
Kjevik,SN39040,31.03.2022 05:50,24.8
Kjevik,SN39040,31.03.2022 06:20,24.8
Kjevik,SN39040,31.03.2022 06:50,24.8
Kjevik,SN39040,31.03.2022 07:20,26.6
Kjevik,SN39040,31.03.2022 07:50,30.2
Kjevik,SN39040,31.03.2022 08:20,33.8
Kjevik,SN39040,31.03.2022 08:50,35.6
Kjevik,SN39040,31.03.2022 09:20,37.4
Kjevik,SN39040,31.03.2022 09:50,39.2
Kjevik,SN39040,31.03.2022 10:20,41.0
Kjevik,SN39040,31.03.2022 10:50,41.0
Kjevik,SN39040,31.03.2022 11:20,41.0
Kjevik,SN39040,31.03.2022 11:50,42.8
Kjevik,SN39040,31.03.2022 12:20,41.0
Kjevik,SN39040,31.03.2022 12:50,42.8
Kjevik,SN39040,31.03.2022 13:20,42.8
Kjevik,SN39040,31.03.2022 13:50,44.6
Kjevik,SN39040,31.03.2022 14:20,42.8
Kjevik,SN39040,31.03.2022 14:50,42.8
Kjevik,SN39040,31.03.2022 15:20,41.0
Kjevik,SN39040,31.03.2022 15:50,39.2
Kjevik,SN39040,31.03.2022 16:20,39.2
Kjevik,SN39040,31.03.2022 16:50,39.2
Kjevik,SN39040,31.03.2022 17:20,39.2
Kjevik,SN39040,31.03.2022 17:50,39.2
Kjevik,SN39040,31.03.2022 18:20,37.4
Kjevik,SN39040,31.03.2022 18:50,37.4
Kjevik,SN39040,31.03.2022 19:20,35.6
Kjevik,SN39040,31.03.2022 19:50,33.8
Kjevik,SN39040,31.03.2022 20:20,30.2
Kjevik,SN39040,31.03.2022 20:50,30.2
Kjevik,SN39040,31.03.2022 21:20,28.4
Kjevik,SN39040,31.03.2022 21:50,28.4
Kjevik,SN39040,31.03.2022 22:20,30.2
Kjevik,SN39040,31.03.2022 22:50,32.0
Kjevik,SN39040,31.03.2022 23:20,32.0
Kjevik,SN39040,31.03.2022 23:50,30.2
Kjevik,SN39040,01.04.2022 00:20,30.2
Kjevik,SN39040,01.04.2022 00:50,30.2
Kjevik,SN39040,01.04.2022 01:20,28.4
Kjevik,SN39040,01.04.2022 01:50,28.4
Kjevik,SN39040,01.04.2022 02:20,26.6
Kjevik,SN39040,01.04.2022 02:50,26.6
Kjevik,SN39040,01.04.2022 03:20,26.6
Kjevik,SN39040,01.04.2022 03:50,24.8
Kjevik,SN39040,01.04.2022 04:20,24.8
Kjevik,SN39040,01.04.2022 04:50,24.8
Kjevik,SN39040,01.04.2022 05:20,24.8
Kjevik,SN39040,01.04.2022 05:50,26.6
Kjevik,SN39040,01.04.2022 06:20,24.8
Kjevik,SN39040,01.04.2022 06:50,26.6
Kjevik,SN39040,01.04.2022 07:20,28.4
Kjevik,SN39040,01.04.2022 07:50,32.0
Kjevik,SN39040,01.04.2022 08:20,33.8
Kjevik,SN39040,01.04.2022 08:50,35.6
Kjevik,SN39040,01.04.2022 09:20,37.4
Kjevik,SN39040,01.04.2022 09:50,37.4
Kjevik,SN39040,01.04.2022 10:20,41.0
Kjevik,SN39040,01.04.2022 10:50,39.2
Kjevik,SN39040,01.04.2022 11:20,41.0
Kjevik,SN39040,01.04.2022 11:50,42.8
Kjevik,SN39040,01.04.2022 12:20,41.0
Kjevik,SN39040,01.04.2022 12:50,41.0
Kjevik,SN39040,01.04.2022 13:20,39.2
Kjevik,SN39040,01.04.2022 13:50,41.0
Kjevik,SN39040,01.04.2022 14:20,39.2
Kjevik,SN39040,01.04.2022 14:50,39.2
Kjevik,SN39040,01.04.2022 15:20,39.2
Kjevik,SN39040,01.04.2022 15:50,39.2
Kjevik,SN39040,01.04.2022 16:20,37.4
Kjevik,SN39040,01.04.2022 16:50,37.4
Kjevik,SN39040,01.04.2022 17:20,37.4
Kjevik,SN39040,01.04.2022 17:50,37.4
Kjevik,SN39040,01.04.2022 18:20,35.6
Kjevik,SN39040,01.04.2022 18:50,35.6
Kjevik,SN39040,01.04.2022 19:20,33.8
Kjevik,SN39040,01.04.2022 19:50,32.0
Kjevik,SN39040,01.04.2022 20:20,28.4
Kjevik,SN39040,01.04.2022 20:50,26.6
Kjevik,SN39040,01.04.2022 21:20,28.4
Kjevik,SN39040,01.04.2022 21:50,26.6
Kjevik,SN39040,01.04.2022 22:20,28.4
Kjevik,SN39040,01.04.2022 22:50,28.4
Kjevik,SN39040,01.04.2022 23:20,28.4
Kjevik,SN39040,01.04.2022 23:50,26.6
Kjevik,SN39040,02.04.2022 00:20,26.6
Kjevik,SN39040,02.04.2022 00:50,24.8
Kjevik,SN39040,02.04.2022 01:20,24.8
Kjevik,SN39040,02.04.2022 01:50,24.8
Kjevik,SN39040,02.04.2022 02:20,24.8
Kjevik,SN39040,02.04.2022 02:50,24.8
Kjevik,SN39040,02.04.2022 03:20,23.0
Kjevik,SN39040,02.04.2022 03:50,23.0
Kjevik,SN39040,02.04.2022 04:20,23.0
Kjevik,SN39040,02.04.2022 04:50,23.0
Kjevik,SN39040,02.04.2022 05:20,23.0
Kjevik,SN39040,02.04.2022 05:50,21.2
Kjevik,SN39040,02.04.2022 06:20,21.2
Kjevik,SN39040,02.04.2022 06:50,23.0
Kjevik,SN39040,02.04.2022 07:20,26.6
Kjevik,SN39040,02.04.2022 07:50,28.4
Kjevik,SN39040,02.04.2022 08:20,30.2
Kjevik,SN39040,02.04.2022 08:50,35.6
Kjevik,SN39040,02.04.2022 09:20,37.4
Kjevik,SN39040,02.04.2022 09:50,39.2
Kjevik,SN39040,02.04.2022 10:20,41.0
Kjevik,SN39040,02.04.2022 10:50,41.0
Kjevik,SN39040,02.04.2022 11:20,41.0
Kjevik,SN39040,02.04.2022 11:50,42.8
Kjevik,SN39040,02.04.2022 12:20,41.0
Kjevik,SN39040,02.04.2022 12:50,42.8
Kjevik,SN39040,02.04.2022 13:20,41.0
Kjevik,SN39040,02.04.2022 13:50,42.8
Kjevik,SN39040,02.04.2022 14:20,42.8
Kjevik,SN39040,02.04.2022 14:50,42.8
Kjevik,SN39040,02.04.2022 15:20,42.8
Kjevik,SN39040,02.04.2022 15:50,42.8
Kjevik,SN39040,02.04.2022 16:20,42.8
Kjevik,SN39040,02.04.2022 16:50,46.4
Kjevik,SN39040,02.04.2022 17:20,44.6
Kjevik,SN39040,02.04.2022 17:50,44.6
Kjevik,SN39040,02.04.2022 18:20,42.8
Kjevik,SN39040,02.04.2022 18:50,42.8
Kjevik,SN39040,02.04.2022 19:20,41.0
Kjevik,SN39040,02.04.2022 19:50,41.0
Kjevik,SN39040,02.04.2022 20:20,41.0
Kjevik,SN39040,02.04.2022 20:50,39.2
Kjevik,SN39040,02.04.2022 21:20,39.2
Kjevik,SN39040,02.04.2022 21:50,39.2
Kjevik,SN39040,02.04.2022 22:20,37.4
Kjevik,SN39040,02.04.2022 22:50,37.4
Kjevik,SN39040,02.04.2022 23:20,37.4
Kjevik,SN39040,02.04.2022 23:50,37.4
Kjevik,SN39040,03.04.2022 00:20,37.4
Kjevik,SN39040,03.04.2022 00:50,35.6
Kjevik,SN39040,03.04.2022 01:20,35.6
Kjevik,SN39040,03.04.2022 01:50,35.6
Kjevik,SN39040,03.04.2022 02:20,35.6
Kjevik,SN39040,03.04.2022 02:50,35.6
Kjevik,SN39040,03.04.2022 03:20,33.8
Kjevik,SN39040,03.04.2022 03:50,30.2
Kjevik,SN39040,03.04.2022 04:20,26.6
Kjevik,SN39040,03.04.2022 04:50,24.8
Kjevik,SN39040,03.04.2022 05:20,26.6
Kjevik,SN39040,03.04.2022 05:50,26.6
Kjevik,SN39040,03.04.2022 06:20,32.0
Kjevik,SN39040,03.04.2022 06:50,32.0
Kjevik,SN39040,03.04.2022 07:20,35.6
Kjevik,SN39040,03.04.2022 07:50,39.2
Kjevik,SN39040,03.04.2022 08:20,41.0
Kjevik,SN39040,03.04.2022 08:50,42.8
Kjevik,SN39040,03.04.2022 09:20,42.8
Kjevik,SN39040,03.04.2022 09:50,44.6
Kjevik,SN39040,03.04.2022 10:20,42.8
Kjevik,SN39040,03.04.2022 10:50,42.8
Kjevik,SN39040,03.04.2022 11:20,44.6
Kjevik,SN39040,03.04.2022 11:50,44.6
Kjevik,SN39040,03.04.2022 12:20,46.4
Kjevik,SN39040,03.04.2022 12:50,46.4
Kjevik,SN39040,03.04.2022 13:20,48.2
Kjevik,SN39040,03.04.2022 13:50,50.0
Kjevik,SN39040,03.04.2022 14:20,50.0
Kjevik,SN39040,03.04.2022 14:50,50.0
Kjevik,SN39040,03.04.2022 15:20,48.2
Kjevik,SN39040,03.04.2022 15:50,46.4
Kjevik,SN39040,03.04.2022 16:20,46.4
Kjevik,SN39040,03.04.2022 16:50,46.4
Kjevik,SN39040,03.04.2022 17:20,44.6
Kjevik,SN39040,03.04.2022 17:50,44.6
Kjevik,SN39040,03.04.2022 18:20,42.8
Kjevik,SN39040,03.04.2022 18:50,42.8
Kjevik,SN39040,03.04.2022 19:20,44.6
Kjevik,SN39040,03.04.2022 19:50,42.8
Kjevik,SN39040,03.04.2022 20:20,42.8
Kjevik,SN39040,03.04.2022 20:50,42.8
Kjevik,SN39040,03.04.2022 21:20,42.8
Kjevik,SN39040,03.04.2022 21:50,42.8
Kjevik,SN39040,03.04.2022 22:20,42.8
Kjevik,SN39040,03.04.2022 22:50,42.8
Kjevik,SN39040,03.04.2022 23:20,41.0
Kjevik,SN39040,03.04.2022 23:50,41.0
Kjevik,SN39040,04.04.2022 00:20,41.0
Kjevik,SN39040,04.04.2022 00:50,41.0
Kjevik,SN39040,04.04.2022 01:50,39.2
Kjevik,SN39040,04.04.2022 02:20,39.2
Kjevik,SN39040,04.04.2022 02:50,39.2
Kjevik,SN39040,04.04.2022 03:20,39.2
Kjevik,SN39040,04.04.2022 03:50,39.2
Kjevik,SN39040,04.04.2022 04:20,39.2
Kjevik,SN39040,04.04.2022 04:50,39.2
Kjevik,SN39040,04.04.2022 05:20,39.2
Kjevik,SN39040,04.04.2022 05:50,41.0
Kjevik,SN39040,04.04.2022 06:20,41.0
Kjevik,SN39040,04.04.2022 06:50,41.0
Kjevik,SN39040,04.04.2022 07:20,41.0
Kjevik,SN39040,04.04.2022 07:50,42.8
Kjevik,SN39040,04.04.2022 08:20,42.8
Kjevik,SN39040,04.04.2022 08:50,42.8
Kjevik,SN39040,04.04.2022 09:20,44.6
Kjevik,SN39040,04.04.2022 09:50,44.6
Kjevik,SN39040,04.04.2022 10:20,46.4
Kjevik,SN39040,04.04.2022 10:50,46.4
Kjevik,SN39040,04.04.2022 11:20,46.4
Kjevik,SN39040,04.04.2022 11:50,44.6
Kjevik,SN39040,04.04.2022 12:20,48.2
Kjevik,SN39040,04.04.2022 12:50,50.0
Kjevik,SN39040,04.04.2022 13:20,51.8
Kjevik,SN39040,04.04.2022 13:50,51.8
Kjevik,SN39040,04.04.2022 14:20,53.6
Kjevik,SN39040,04.04.2022 14:50,51.8
Kjevik,SN39040,04.04.2022 15:20,51.8
Kjevik,SN39040,04.04.2022 15:50,50.0
Kjevik,SN39040,04.04.2022 16:20,51.8
Kjevik,SN39040,04.04.2022 16:50,48.2
Kjevik,SN39040,04.04.2022 17:20,48.2
Kjevik,SN39040,04.04.2022 17:50,48.2
Kjevik,SN39040,04.04.2022 18:20,46.4
Kjevik,SN39040,04.04.2022 18:50,44.6
Kjevik,SN39040,04.04.2022 19:20,44.6
Kjevik,SN39040,04.04.2022 19:50,42.8
Kjevik,SN39040,04.04.2022 20:20,41.0
Kjevik,SN39040,04.04.2022 20:50,41.0
Kjevik,SN39040,04.04.2022 21:20,41.0
Kjevik,SN39040,04.04.2022 21:50,39.2
Kjevik,SN39040,04.04.2022 22:20,39.2
Kjevik,SN39040,04.04.2022 22:50,39.2
Kjevik,SN39040,04.04.2022 23:20,37.4
Kjevik,SN39040,04.04.2022 23:50,37.4
Kjevik,SN39040,05.04.2022 00:20,35.6
Kjevik,SN39040,05.04.2022 00:50,35.6
Kjevik,SN39040,05.04.2022 01:20,35.6
Kjevik,SN39040,05.04.2022 01:50,32.0
Kjevik,SN39040,05.04.2022 02:20,32.0
Kjevik,SN39040,05.04.2022 02:50,33.8
Kjevik,SN39040,05.04.2022 03:20,33.8
Kjevik,SN39040,05.04.2022 03:50,33.8
Kjevik,SN39040,05.04.2022 04:20,33.8
Kjevik,SN39040,05.04.2022 04:50,33.8
Kjevik,SN39040,05.04.2022 05:20,33.8
Kjevik,SN39040,05.04.2022 05:50,32.0
Kjevik,SN39040,05.04.2022 06:20,32.0
Kjevik,SN39040,05.04.2022 06:50,33.8
Kjevik,SN39040,05.04.2022 07:20,35.6
Kjevik,SN39040,05.04.2022 07:50,37.4
Kjevik,SN39040,05.04.2022 08:20,39.2
Kjevik,SN39040,05.04.2022 08:50,41.0
Kjevik,SN39040,05.04.2022 09:20,41.0
Kjevik,SN39040,05.04.2022 09:50,42.8
Kjevik,SN39040,05.04.2022 10:20,42.8
Kjevik,SN39040,05.04.2022 10:50,42.8
Kjevik,SN39040,05.04.2022 11:20,44.6
Kjevik,SN39040,05.04.2022 11:50,44.6
Kjevik,SN39040,05.04.2022 12:20,44.6
Kjevik,SN39040,05.04.2022 12:50,46.4
Kjevik,SN39040,05.04.2022 13:20,48.2
Kjevik,SN39040,05.04.2022 13:50,46.4
Kjevik,SN39040,05.04.2022 14:20,44.6
Kjevik,SN39040,05.04.2022 14:50,48.2
Kjevik,SN39040,05.04.2022 15:20,46.4
Kjevik,SN39040,05.04.2022 15:50,44.6
Kjevik,SN39040,05.04.2022 16:20,46.4
Kjevik,SN39040,05.04.2022 16:50,46.4
Kjevik,SN39040,05.04.2022 17:20,46.4
Kjevik,SN39040,05.04.2022 17:50,44.6
Kjevik,SN39040,05.04.2022 18:20,44.6
Kjevik,SN39040,05.04.2022 18:50,42.8
Kjevik,SN39040,05.04.2022 19:20,41.0
Kjevik,SN39040,05.04.2022 19:50,41.0
Kjevik,SN39040,05.04.2022 20:20,39.2
Kjevik,SN39040,05.04.2022 20:50,39.2
Kjevik,SN39040,05.04.2022 21:20,37.4
Kjevik,SN39040,05.04.2022 21:50,33.8
Kjevik,SN39040,05.04.2022 22:20,33.8
Kjevik,SN39040,05.04.2022 22:50,33.8
Kjevik,SN39040,05.04.2022 23:20,30.2
Kjevik,SN39040,05.04.2022 23:50,26.6
Kjevik,SN39040,06.04.2022 00:20,26.6
Kjevik,SN39040,06.04.2022 00:50,26.6
Kjevik,SN39040,06.04.2022 01:20,26.6
Kjevik,SN39040,06.04.2022 01:50,26.6
Kjevik,SN39040,06.04.2022 02:20,26.6
Kjevik,SN39040,06.04.2022 02:50,28.4
Kjevik,SN39040,06.04.2022 03:20,28.4
Kjevik,SN39040,06.04.2022 03:50,28.4
Kjevik,SN39040,06.04.2022 04:20,28.4
Kjevik,SN39040,06.04.2022 04:50,30.2
Kjevik,SN39040,06.04.2022 05:20,28.4
Kjevik,SN39040,06.04.2022 05:50,30.2
Kjevik,SN39040,06.04.2022 06:20,30.2
Kjevik,SN39040,06.04.2022 06:50,32.0
Kjevik,SN39040,06.04.2022 07:20,32.0
Kjevik,SN39040,06.04.2022 07:50,32.0
Kjevik,SN39040,06.04.2022 08:20,30.2
Kjevik,SN39040,06.04.2022 08:50,28.4
Kjevik,SN39040,06.04.2022 09:20,30.2
Kjevik,SN39040,06.04.2022 09:50,30.2
Kjevik,SN39040,06.04.2022 10:20,30.2
Kjevik,SN39040,06.04.2022 10:50,30.2
Kjevik,SN39040,06.04.2022 11:20,32.0
Kjevik,SN39040,06.04.2022 11:50,32.0
Kjevik,SN39040,06.04.2022 12:20,32.0
Kjevik,SN39040,06.04.2022 12:50,33.8
Kjevik,SN39040,06.04.2022 13:20,33.8
Kjevik,SN39040,06.04.2022 13:50,33.8
Kjevik,SN39040,06.04.2022 14:20,33.8
Kjevik,SN39040,06.04.2022 14:50,33.8
Kjevik,SN39040,06.04.2022 15:20,33.8
Kjevik,SN39040,06.04.2022 15:50,33.8
Kjevik,SN39040,06.04.2022 16:20,35.6
Kjevik,SN39040,06.04.2022 16:50,33.8
Kjevik,SN39040,06.04.2022 17:20,33.8
Kjevik,SN39040,06.04.2022 17:50,33.8
Kjevik,SN39040,06.04.2022 18:20,33.8
Kjevik,SN39040,06.04.2022 18:50,33.8
Kjevik,SN39040,06.04.2022 19:20,33.8
Kjevik,SN39040,06.04.2022 19:50,33.8
Kjevik,SN39040,06.04.2022 20:20,33.8
Kjevik,SN39040,06.04.2022 20:50,33.8
Kjevik,SN39040,06.04.2022 21:20,33.8
Kjevik,SN39040,06.04.2022 21:50,33.8
Kjevik,SN39040,06.04.2022 22:20,33.8
Kjevik,SN39040,06.04.2022 22:50,33.8
Kjevik,SN39040,06.04.2022 23:50,33.8
Kjevik,SN39040,07.04.2022 01:20,33.8
Kjevik,SN39040,07.04.2022 01:50,33.8
Kjevik,SN39040,07.04.2022 02:50,33.8
Kjevik,SN39040,07.04.2022 04:20,33.8
Kjevik,SN39040,07.04.2022 04:50,33.8
Kjevik,SN39040,07.04.2022 05:20,33.8
Kjevik,SN39040,07.04.2022 05:50,32.0
Kjevik,SN39040,07.04.2022 06:20,33.8
Kjevik,SN39040,07.04.2022 06:50,32.0
Kjevik,SN39040,07.04.2022 07:20,32.0
Kjevik,SN39040,07.04.2022 07:50,33.8
Kjevik,SN39040,07.04.2022 08:20,33.8
Kjevik,SN39040,07.04.2022 08:50,33.8
Kjevik,SN39040,07.04.2022 09:20,33.8
Kjevik,SN39040,07.04.2022 09:50,33.8
Kjevik,SN39040,07.04.2022 10:20,33.8
Kjevik,SN39040,07.04.2022 10:50,33.8
Kjevik,SN39040,07.04.2022 11:20,33.8
Kjevik,SN39040,07.04.2022 11:50,35.6
Kjevik,SN39040,07.04.2022 12:20,35.6
Kjevik,SN39040,07.04.2022 12:50,37.4
Kjevik,SN39040,07.04.2022 13:20,37.4
Kjevik,SN39040,07.04.2022 13:50,37.4
Kjevik,SN39040,07.04.2022 14:20,37.4
Kjevik,SN39040,07.04.2022 14:50,39.2
Kjevik,SN39040,07.04.2022 15:20,39.2
Kjevik,SN39040,07.04.2022 15:50,39.2
Kjevik,SN39040,07.04.2022 16:20,39.2
Kjevik,SN39040,07.04.2022 16:50,39.2
Kjevik,SN39040,07.04.2022 17:20,39.2
Kjevik,SN39040,07.04.2022 17:50,41.0
Kjevik,SN39040,07.04.2022 18:20,39.2
Kjevik,SN39040,07.04.2022 18:50,39.2
Kjevik,SN39040,07.04.2022 19:20,39.2
Kjevik,SN39040,07.04.2022 19:50,39.2
Kjevik,SN39040,07.04.2022 20:20,39.2
Kjevik,SN39040,07.04.2022 20:50,39.2
Kjevik,SN39040,07.04.2022 21:20,37.4
Kjevik,SN39040,07.04.2022 21:50,39.2
Kjevik,SN39040,07.04.2022 22:20,37.4
Kjevik,SN39040,07.04.2022 22:50,37.4
Kjevik,SN39040,07.04.2022 23:20,37.4
Kjevik,SN39040,07.04.2022 23:50,37.4
Kjevik,SN39040,08.04.2022 00:20,33.8
Kjevik,SN39040,08.04.2022 01:20,35.6
Kjevik,SN39040,08.04.2022 01:50,35.6
Kjevik,SN39040,08.04.2022 02:50,33.8
Kjevik,SN39040,08.04.2022 03:20,32.0
Kjevik,SN39040,08.04.2022 03:50,32.0
Kjevik,SN39040,08.04.2022 04:20,32.0
Kjevik,SN39040,08.04.2022 04:50,32.0
Kjevik,SN39040,08.04.2022 05:20,32.0
Kjevik,SN39040,08.04.2022 05:50,32.0
Kjevik,SN39040,08.04.2022 06:20,32.0
Kjevik,SN39040,08.04.2022 06:50,32.0
Kjevik,SN39040,08.04.2022 07:20,32.0
Kjevik,SN39040,08.04.2022 07:50,32.0
Kjevik,SN39040,08.04.2022 08:20,33.8
Kjevik,SN39040,08.04.2022 08:50,33.8
Kjevik,SN39040,08.04.2022 09:20,35.6
Kjevik,SN39040,08.04.2022 09:50,37.4
Kjevik,SN39040,08.04.2022 10:20,39.2
Kjevik,SN39040,08.04.2022 10:50,41.0
Kjevik,SN39040,08.04.2022 11:20,41.0
Kjevik,SN39040,08.04.2022 11:50,41.0
Kjevik,SN39040,08.04.2022 12:20,44.6
Kjevik,SN39040,08.04.2022 12:50,41.0
Kjevik,SN39040,08.04.2022 13:20,42.8
Kjevik,SN39040,08.04.2022 13:50,44.6
Kjevik,SN39040,08.04.2022 14:20,44.6
Kjevik,SN39040,08.04.2022 14:50,44.6
Kjevik,SN39040,08.04.2022 15:20,42.8
Kjevik,SN39040,08.04.2022 15:50,44.6
Kjevik,SN39040,08.04.2022 16:20,44.6
Kjevik,SN39040,08.04.2022 16:50,42.8
Kjevik,SN39040,08.04.2022 17:20,42.8
Kjevik,SN39040,08.04.2022 17:50,42.8
Kjevik,SN39040,08.04.2022 18:20,42.8
Kjevik,SN39040,08.04.2022 18:50,41.0
Kjevik,SN39040,08.04.2022 19:20,41.0
Kjevik,SN39040,08.04.2022 19:50,39.2
Kjevik,SN39040,08.04.2022 20:20,37.4
Kjevik,SN39040,08.04.2022 20:50,33.8
Kjevik,SN39040,08.04.2022 21:20,33.8
Kjevik,SN39040,08.04.2022 21:50,33.8
Kjevik,SN39040,08.04.2022 22:20,33.8
Kjevik,SN39040,08.04.2022 22:50,35.6
Kjevik,SN39040,08.04.2022 23:20,37.4
Kjevik,SN39040,08.04.2022 23:50,37.4
Kjevik,SN39040,09.04.2022 00:20,35.6
Kjevik,SN39040,09.04.2022 00:50,35.6
Kjevik,SN39040,09.04.2022 01:20,35.6
Kjevik,SN39040,09.04.2022 01:50,35.6
Kjevik,SN39040,09.04.2022 02:20,35.6
Kjevik,SN39040,09.04.2022 02:50,37.4
Kjevik,SN39040,09.04.2022 03:20,35.6
Kjevik,SN39040,09.04.2022 03:50,35.6
Kjevik,SN39040,09.04.2022 04:20,37.4
Kjevik,SN39040,09.04.2022 04:50,37.4
Kjevik,SN39040,09.04.2022 05:20,37.4
Kjevik,SN39040,09.04.2022 05:50,37.4
Kjevik,SN39040,09.04.2022 06:20,37.4
Kjevik,SN39040,09.04.2022 06:50,37.4
Kjevik,SN39040,09.04.2022 07:20,39.2
Kjevik,SN39040,09.04.2022 07:50,39.2
Kjevik,SN39040,09.04.2022 08:20,41.0
Kjevik,SN39040,09.04.2022 08:50,41.0
Kjevik,SN39040,09.04.2022 09:20,42.8
Kjevik,SN39040,09.04.2022 09:50,42.8
Kjevik,SN39040,09.04.2022 10:20,44.6
Kjevik,SN39040,09.04.2022 10:50,44.6
Kjevik,SN39040,09.04.2022 11:20,44.6
Kjevik,SN39040,09.04.2022 11:50,44.6
Kjevik,SN39040,09.04.2022 12:20,46.4
Kjevik,SN39040,09.04.2022 12:50,46.4
Kjevik,SN39040,09.04.2022 13:20,46.4
Kjevik,SN39040,09.04.2022 13:50,48.2
Kjevik,SN39040,09.04.2022 14:20,48.2
Kjevik,SN39040,09.04.2022 14:50,48.2
Kjevik,SN39040,09.04.2022 15:20,48.2
Kjevik,SN39040,09.04.2022 15:50,48.2
Kjevik,SN39040,09.04.2022 16:20,48.2
Kjevik,SN39040,09.04.2022 16:50,44.6
Kjevik,SN39040,09.04.2022 17:20,44.6
Kjevik,SN39040,09.04.2022 17:50,44.6
Kjevik,SN39040,09.04.2022 18:20,44.6
Kjevik,SN39040,09.04.2022 18:50,42.8
Kjevik,SN39040,09.04.2022 19:20,42.8
Kjevik,SN39040,09.04.2022 19:50,42.8
Kjevik,SN39040,09.04.2022 20:20,42.8
Kjevik,SN39040,09.04.2022 20:50,41.0
Kjevik,SN39040,09.04.2022 21:20,41.0
Kjevik,SN39040,09.04.2022 21:50,41.0
Kjevik,SN39040,09.04.2022 22:20,41.0
Kjevik,SN39040,09.04.2022 22:50,41.0
Kjevik,SN39040,09.04.2022 23:20,39.2
Kjevik,SN39040,09.04.2022 23:50,39.2
Kjevik,SN39040,10.04.2022 00:20,39.2
Kjevik,SN39040,10.04.2022 00:50,39.2
Kjevik,SN39040,10.04.2022 01:20,39.2
Kjevik,SN39040,10.04.2022 01:50,39.2
Kjevik,SN39040,10.04.2022 02:20,39.2
Kjevik,SN39040,10.04.2022 02:50,39.2
Kjevik,SN39040,10.04.2022 03:20,39.2
Kjevik,SN39040,10.04.2022 03:50,39.2
Kjevik,SN39040,10.04.2022 04:20,39.2
Kjevik,SN39040,10.04.2022 04:50,39.2
Kjevik,SN39040,10.04.2022 05:20,39.2
Kjevik,SN39040,10.04.2022 05:50,39.2
Kjevik,SN39040,10.04.2022 06:20,39.2
Kjevik,SN39040,10.04.2022 06:50,41.0
Kjevik,SN39040,10.04.2022 07:20,41.0
Kjevik,SN39040,10.04.2022 07:50,41.0
Kjevik,SN39040,10.04.2022 08:20,42.8
Kjevik,SN39040,10.04.2022 08:50,42.8
Kjevik,SN39040,10.04.2022 09:20,42.8
Kjevik,SN39040,10.04.2022 09:50,44.6
Kjevik,SN39040,10.04.2022 10:20,44.6
Kjevik,SN39040,10.04.2022 10:50,44.6
Kjevik,SN39040,10.04.2022 11:20,44.6
Kjevik,SN39040,10.04.2022 11:50,46.4
Kjevik,SN39040,10.04.2022 12:20,46.4
Kjevik,SN39040,10.04.2022 12:50,46.4
Kjevik,SN39040,10.04.2022 13:20,46.4
Kjevik,SN39040,10.04.2022 13:50,46.4
Kjevik,SN39040,10.04.2022 14:20,46.4
Kjevik,SN39040,10.04.2022 14:50,46.4
Kjevik,SN39040,10.04.2022 15:20,46.4
Kjevik,SN39040,10.04.2022 15:50,46.4
Kjevik,SN39040,10.04.2022 16:20,46.4
Kjevik,SN39040,10.04.2022 16:50,46.4
Kjevik,SN39040,10.04.2022 17:20,46.4
Kjevik,SN39040,10.04.2022 17:50,44.6
Kjevik,SN39040,10.04.2022 18:20,44.6
Kjevik,SN39040,10.04.2022 18:50,42.8
Kjevik,SN39040,10.04.2022 19:20,42.8
Kjevik,SN39040,10.04.2022 19:50,41.0
Kjevik,SN39040,10.04.2022 20:20,41.0
Kjevik,SN39040,10.04.2022 20:50,39.2
Kjevik,SN39040,10.04.2022 21:20,41.0
Kjevik,SN39040,10.04.2022 21:50,41.0
Kjevik,SN39040,10.04.2022 22:20,39.2
Kjevik,SN39040,10.04.2022 22:50,39.2
Kjevik,SN39040,10.04.2022 23:20,39.2
Kjevik,SN39040,10.04.2022 23:50,39.2
Kjevik,SN39040,11.04.2022 00:20,39.2
Kjevik,SN39040,11.04.2022 00:50,39.2
Kjevik,SN39040,11.04.2022 01:20,39.2
Kjevik,SN39040,11.04.2022 01:50,39.2
Kjevik,SN39040,11.04.2022 02:20,39.2
Kjevik,SN39040,11.04.2022 02:50,37.4
Kjevik,SN39040,11.04.2022 03:20,37.4
Kjevik,SN39040,11.04.2022 03:50,37.4
Kjevik,SN39040,11.04.2022 04:20,33.8
Kjevik,SN39040,11.04.2022 04:50,35.6
Kjevik,SN39040,11.04.2022 05:20,37.4
Kjevik,SN39040,11.04.2022 05:50,37.4
Kjevik,SN39040,11.04.2022 06:20,35.6
Kjevik,SN39040,11.04.2022 06:50,37.4
Kjevik,SN39040,11.04.2022 07:20,39.2
Kjevik,SN39040,11.04.2022 07:50,41.0
Kjevik,SN39040,11.04.2022 08:20,42.8
Kjevik,SN39040,11.04.2022 08:50,42.8
Kjevik,SN39040,11.04.2022 09:20,44.6
Kjevik,SN39040,11.04.2022 09:50,44.6
Kjevik,SN39040,11.04.2022 10:20,46.4
Kjevik,SN39040,11.04.2022 10:50,46.4
Kjevik,SN39040,11.04.2022 11:20,48.2
Kjevik,SN39040,11.04.2022 11:50,48.2
Kjevik,SN39040,11.04.2022 12:20,50.0
Kjevik,SN39040,11.04.2022 12:50,50.0
Kjevik,SN39040,11.04.2022 13:20,50.0
Kjevik,SN39040,11.04.2022 13:50,51.8
Kjevik,SN39040,11.04.2022 14:20,51.8
Kjevik,SN39040,11.04.2022 14:50,51.8
Kjevik,SN39040,11.04.2022 15:20,51.8
Kjevik,SN39040,11.04.2022 15:50,53.6
Kjevik,SN39040,11.04.2022 16:20,53.6
Kjevik,SN39040,11.04.2022 16:50,51.8
Kjevik,SN39040,11.04.2022 17:20,50.0
Kjevik,SN39040,11.04.2022 17:50,50.0
Kjevik,SN39040,11.04.2022 18:20,50.0
Kjevik,SN39040,11.04.2022 18:50,48.2
Kjevik,SN39040,11.04.2022 19:20,46.4
Kjevik,SN39040,11.04.2022 19:50,44.6
Kjevik,SN39040,11.04.2022 20:20,42.8
Kjevik,SN39040,11.04.2022 20:50,41.0
Kjevik,SN39040,11.04.2022 21:20,39.2
Kjevik,SN39040,11.04.2022 21:50,37.4
Kjevik,SN39040,11.04.2022 22:20,35.6
Kjevik,SN39040,11.04.2022 22:50,35.6
Kjevik,SN39040,11.04.2022 23:20,35.6
Kjevik,SN39040,11.04.2022 23:50,33.8
Kjevik,SN39040,12.04.2022 00:20,35.6
Kjevik,SN39040,12.04.2022 00:50,33.8
Kjevik,SN39040,12.04.2022 01:20,33.8
Kjevik,SN39040,12.04.2022 01:50,35.6
Kjevik,SN39040,12.04.2022 02:20,35.6
Kjevik,SN39040,12.04.2022 02:50,32.0
Kjevik,SN39040,12.04.2022 03:20,30.2
Kjevik,SN39040,12.04.2022 03:50,30.2
Kjevik,SN39040,12.04.2022 04:20,30.2
Kjevik,SN39040,12.04.2022 04:50,30.2
Kjevik,SN39040,12.04.2022 05:20,28.4
Kjevik,SN39040,12.04.2022 05:50,28.4
Kjevik,SN39040,12.04.2022 06:20,30.2
Kjevik,SN39040,12.04.2022 06:50,33.8
Kjevik,SN39040,12.04.2022 07:20,37.4
Kjevik,SN39040,12.04.2022 07:50,39.2
Kjevik,SN39040,12.04.2022 08:20,41.0
Kjevik,SN39040,12.04.2022 08:50,41.0
Kjevik,SN39040,12.04.2022 09:20,42.8
Kjevik,SN39040,12.04.2022 09:50,44.6
Kjevik,SN39040,12.04.2022 10:20,44.6
Kjevik,SN39040,12.04.2022 10:50,46.4
Kjevik,SN39040,12.04.2022 11:20,44.6
Kjevik,SN39040,12.04.2022 11:50,44.6
Kjevik,SN39040,12.04.2022 12:20,44.6
Kjevik,SN39040,12.04.2022 12:50,44.6
Kjevik,SN39040,12.04.2022 13:20,44.6
Kjevik,SN39040,12.04.2022 13:50,42.8
Kjevik,SN39040,12.04.2022 14:20,42.8
Kjevik,SN39040,12.04.2022 14:50,42.8
Kjevik,SN39040,12.04.2022 15:20,42.8
Kjevik,SN39040,12.04.2022 15:50,42.8
Kjevik,SN39040,12.04.2022 16:20,44.6
Kjevik,SN39040,12.04.2022 16:50,44.6
Kjevik,SN39040,12.04.2022 17:20,44.6
Kjevik,SN39040,12.04.2022 17:50,42.8
Kjevik,SN39040,12.04.2022 18:20,42.8
Kjevik,SN39040,12.04.2022 18:50,42.8
Kjevik,SN39040,12.04.2022 19:20,42.8
Kjevik,SN39040,12.04.2022 19:50,41.0
Kjevik,SN39040,12.04.2022 20:20,41.0
Kjevik,SN39040,12.04.2022 20:50,41.0
Kjevik,SN39040,12.04.2022 21:20,41.0
Kjevik,SN39040,12.04.2022 21:50,41.0
Kjevik,SN39040,12.04.2022 22:20,41.0
Kjevik,SN39040,12.04.2022 22:50,41.0
Kjevik,SN39040,12.04.2022 23:20,41.0
Kjevik,SN39040,12.04.2022 23:50,41.0
Kjevik,SN39040,13.04.2022 00:50,41.0
Kjevik,SN39040,13.04.2022 01:20,41.0
Kjevik,SN39040,13.04.2022 01:50,41.0
Kjevik,SN39040,13.04.2022 02:50,42.8
Kjevik,SN39040,13.04.2022 03:50,42.8
Kjevik,SN39040,13.04.2022 04:20,42.8
Kjevik,SN39040,13.04.2022 04:50,42.8
Kjevik,SN39040,13.04.2022 05:20,41.0
Kjevik,SN39040,13.04.2022 05:50,41.0
Kjevik,SN39040,13.04.2022 06:20,41.0
Kjevik,SN39040,13.04.2022 06:50,42.8
Kjevik,SN39040,13.04.2022 07:20,42.8
Kjevik,SN39040,13.04.2022 07:50,42.8
Kjevik,SN39040,13.04.2022 08:20,44.6
Kjevik,SN39040,13.04.2022 08:50,44.6
Kjevik,SN39040,13.04.2022 09:20,44.6
Kjevik,SN39040,13.04.2022 09:50,46.4
Kjevik,SN39040,13.04.2022 10:20,44.6
Kjevik,SN39040,13.04.2022 10:50,44.6
Kjevik,SN39040,13.04.2022 11:20,42.8
Kjevik,SN39040,13.04.2022 11:50,44.6
Kjevik,SN39040,13.04.2022 12:20,44.6
Kjevik,SN39040,13.04.2022 12:50,44.6
Kjevik,SN39040,13.04.2022 13:20,44.6
Kjevik,SN39040,13.04.2022 13:50,42.8
Kjevik,SN39040,13.04.2022 14:20,44.6
Kjevik,SN39040,13.04.2022 14:50,42.8
Kjevik,SN39040,13.04.2022 15:20,44.6
Kjevik,SN39040,13.04.2022 15:50,44.6
Kjevik,SN39040,13.04.2022 16:20,44.6
Kjevik,SN39040,13.04.2022 16:50,44.6
Kjevik,SN39040,13.04.2022 17:20,44.6
Kjevik,SN39040,13.04.2022 17:50,44.6
Kjevik,SN39040,13.04.2022 18:20,44.6
Kjevik,SN39040,13.04.2022 18:50,44.6
Kjevik,SN39040,13.04.2022 19:20,44.6
Kjevik,SN39040,13.04.2022 19:50,42.8
Kjevik,SN39040,13.04.2022 20:20,42.8
Kjevik,SN39040,13.04.2022 20:50,42.8
Kjevik,SN39040,13.04.2022 21:20,42.8
Kjevik,SN39040,13.04.2022 21:50,42.8
Kjevik,SN39040,13.04.2022 22:20,42.8
Kjevik,SN39040,13.04.2022 22:50,42.8
Kjevik,SN39040,13.04.2022 23:20,42.8
Kjevik,SN39040,13.04.2022 23:50,42.8
Kjevik,SN39040,14.04.2022 00:20,42.8
Kjevik,SN39040,14.04.2022 00:50,41.0
Kjevik,SN39040,14.04.2022 01:20,41.0
Kjevik,SN39040,14.04.2022 01:50,41.0
Kjevik,SN39040,14.04.2022 03:20,41.0
Kjevik,SN39040,14.04.2022 03:50,39.2
Kjevik,SN39040,14.04.2022 04:20,39.2
Kjevik,SN39040,14.04.2022 04:50,39.2
Kjevik,SN39040,14.04.2022 05:20,39.2
Kjevik,SN39040,14.04.2022 05:50,39.2
Kjevik,SN39040,14.04.2022 06:20,41.0
Kjevik,SN39040,14.04.2022 06:50,41.0
Kjevik,SN39040,14.04.2022 07:20,41.0
Kjevik,SN39040,14.04.2022 07:50,41.0
Kjevik,SN39040,14.04.2022 08:20,41.0
Kjevik,SN39040,14.04.2022 08:50,41.0
Kjevik,SN39040,14.04.2022 09:20,42.8
Kjevik,SN39040,14.04.2022 09:50,42.8
Kjevik,SN39040,14.04.2022 10:20,42.8
Kjevik,SN39040,14.04.2022 10:50,42.8
Kjevik,SN39040,14.04.2022 11:20,44.6
Kjevik,SN39040,14.04.2022 11:50,46.4
Kjevik,SN39040,14.04.2022 12:20,46.4
Kjevik,SN39040,14.04.2022 12:50,46.4
Kjevik,SN39040,14.04.2022 13:20,46.4
Kjevik,SN39040,14.04.2022 13:50,48.2
Kjevik,SN39040,14.04.2022 14:20,48.2
Kjevik,SN39040,14.04.2022 14:50,50.0
Kjevik,SN39040,14.04.2022 15:20,50.0
Kjevik,SN39040,14.04.2022 15:50,48.2
Kjevik,SN39040,14.04.2022 16:20,46.4
Kjevik,SN39040,14.04.2022 16:50,46.4
Kjevik,SN39040,14.04.2022 17:20,46.4
Kjevik,SN39040,14.04.2022 17:50,46.4
Kjevik,SN39040,14.04.2022 18:20,46.4
Kjevik,SN39040,14.04.2022 18:50,44.6
Kjevik,SN39040,14.04.2022 19:20,44.6
Kjevik,SN39040,14.04.2022 19:50,44.6
Kjevik,SN39040,14.04.2022 20:20,44.6
Kjevik,SN39040,14.04.2022 20:50,44.6
Kjevik,SN39040,14.04.2022 21:20,44.6
Kjevik,SN39040,14.04.2022 21:50,42.8
Kjevik,SN39040,14.04.2022 22:20,42.8
Kjevik,SN39040,14.04.2022 22:50,42.8
Kjevik,SN39040,14.04.2022 23:20,46.4
Kjevik,SN39040,14.04.2022 23:50,44.6
Kjevik,SN39040,15.04.2022 00:20,44.6
Kjevik,SN39040,15.04.2022 00:50,44.6
Kjevik,SN39040,15.04.2022 01:20,44.6
Kjevik,SN39040,15.04.2022 01:50,42.8
Kjevik,SN39040,15.04.2022 02:20,42.8
Kjevik,SN39040,15.04.2022 02:50,42.8
Kjevik,SN39040,15.04.2022 03:20,41.0
Kjevik,SN39040,15.04.2022 03:50,41.0
Kjevik,SN39040,15.04.2022 04:20,37.4
Kjevik,SN39040,15.04.2022 04:50,37.4
Kjevik,SN39040,15.04.2022 05:20,33.8
Kjevik,SN39040,15.04.2022 05:50,35.6
Kjevik,SN39040,15.04.2022 06:20,35.6
Kjevik,SN39040,15.04.2022 06:50,39.2
Kjevik,SN39040,15.04.2022 07:20,42.8
Kjevik,SN39040,15.04.2022 07:50,44.6
Kjevik,SN39040,15.04.2022 08:20,46.4
Kjevik,SN39040,15.04.2022 08:50,48.2
Kjevik,SN39040,15.04.2022 09:20,48.2
Kjevik,SN39040,15.04.2022 09:50,50.0
Kjevik,SN39040,15.04.2022 10:20,51.8
Kjevik,SN39040,15.04.2022 10:50,50.0
Kjevik,SN39040,15.04.2022 11:20,51.8
Kjevik,SN39040,15.04.2022 11:50,51.8
Kjevik,SN39040,15.04.2022 12:20,51.8
Kjevik,SN39040,15.04.2022 12:50,51.8
Kjevik,SN39040,15.04.2022 13:20,51.8
Kjevik,SN39040,15.04.2022 13:50,51.8
Kjevik,SN39040,15.04.2022 14:20,50.0
Kjevik,SN39040,15.04.2022 14:50,50.0
Kjevik,SN39040,15.04.2022 15:20,50.0
Kjevik,SN39040,15.04.2022 15:50,50.0
Kjevik,SN39040,15.04.2022 16:20,50.0
Kjevik,SN39040,15.04.2022 16:50,50.0
Kjevik,SN39040,15.04.2022 17:20,50.0
Kjevik,SN39040,15.04.2022 17:50,50.0
Kjevik,SN39040,15.04.2022 18:20,48.2
Kjevik,SN39040,15.04.2022 18:50,48.2
Kjevik,SN39040,15.04.2022 19:20,46.4
Kjevik,SN39040,15.04.2022 19:50,44.6
Kjevik,SN39040,15.04.2022 20:20,41.0
Kjevik,SN39040,15.04.2022 20:50,39.2
Kjevik,SN39040,15.04.2022 21:20,35.6
Kjevik,SN39040,15.04.2022 21:50,33.8
Kjevik,SN39040,15.04.2022 22:20,33.8
Kjevik,SN39040,15.04.2022 22:50,32.0
Kjevik,SN39040,15.04.2022 23:20,32.0
Kjevik,SN39040,15.04.2022 23:50,32.0
Kjevik,SN39040,16.04.2022 00:20,30.2
Kjevik,SN39040,16.04.2022 00:50,30.2
Kjevik,SN39040,16.04.2022 01:20,28.4
Kjevik,SN39040,16.04.2022 01:50,28.4
Kjevik,SN39040,16.04.2022 02:20,28.4
Kjevik,SN39040,16.04.2022 02:50,26.6
Kjevik,SN39040,16.04.2022 03:20,28.4
Kjevik,SN39040,16.04.2022 03:50,26.6
Kjevik,SN39040,16.04.2022 04:20,26.6
Kjevik,SN39040,16.04.2022 04:50,26.6
Kjevik,SN39040,16.04.2022 05:20,28.4
Kjevik,SN39040,16.04.2022 05:50,28.4
Kjevik,SN39040,16.04.2022 06:20,30.2
Kjevik,SN39040,16.04.2022 06:50,32.0
Kjevik,SN39040,16.04.2022 07:20,33.8
Kjevik,SN39040,16.04.2022 07:50,37.4
Kjevik,SN39040,16.04.2022 08:20,42.8
Kjevik,SN39040,16.04.2022 08:50,42.8
Kjevik,SN39040,16.04.2022 09:20,44.6
Kjevik,SN39040,16.04.2022 09:50,48.2
Kjevik,SN39040,16.04.2022 10:20,46.4
Kjevik,SN39040,16.04.2022 10:50,48.2
Kjevik,SN39040,16.04.2022 11:20,48.2
Kjevik,SN39040,16.04.2022 11:50,48.2
Kjevik,SN39040,16.04.2022 12:20,46.4
Kjevik,SN39040,16.04.2022 12:50,48.2
Kjevik,SN39040,16.04.2022 13:20,48.2
Kjevik,SN39040,16.04.2022 13:50,48.2
Kjevik,SN39040,16.04.2022 14:20,48.2
Kjevik,SN39040,16.04.2022 14:50,48.2
Kjevik,SN39040,16.04.2022 15:20,50.0
Kjevik,SN39040,16.04.2022 15:50,48.2
Kjevik,SN39040,16.04.2022 16:20,48.2
Kjevik,SN39040,16.04.2022 16:50,48.2
Kjevik,SN39040,16.04.2022 17:20,46.4
Kjevik,SN39040,16.04.2022 17:50,50.0
Kjevik,SN39040,16.04.2022 18:20,50.0
Kjevik,SN39040,16.04.2022 18:50,48.2
Kjevik,SN39040,16.04.2022 19:20,46.4
Kjevik,SN39040,16.04.2022 19:50,44.6
Kjevik,SN39040,16.04.2022 20:20,42.8
Kjevik,SN39040,16.04.2022 20:50,42.8
Kjevik,SN39040,16.04.2022 21:20,42.8
Kjevik,SN39040,16.04.2022 21:50,42.8
Kjevik,SN39040,16.04.2022 22:20,41.0
Kjevik,SN39040,16.04.2022 22:50,39.2
Kjevik,SN39040,16.04.2022 23:20,39.2
Kjevik,SN39040,16.04.2022 23:50,39.2
Kjevik,SN39040,17.04.2022 00:20,39.2
Kjevik,SN39040,17.04.2022 00:50,37.4
Kjevik,SN39040,17.04.2022 01:20,37.4
Kjevik,SN39040,17.04.2022 01:50,35.6
Kjevik,SN39040,17.04.2022 02:20,35.6
Kjevik,SN39040,17.04.2022 02:50,35.6
Kjevik,SN39040,17.04.2022 03:20,33.8
Kjevik,SN39040,17.04.2022 03:50,32.0
Kjevik,SN39040,17.04.2022 04:20,35.6
Kjevik,SN39040,17.04.2022 04:50,33.8
Kjevik,SN39040,17.04.2022 05:20,35.6
Kjevik,SN39040,17.04.2022 05:50,33.8
Kjevik,SN39040,17.04.2022 06:20,33.8
Kjevik,SN39040,17.04.2022 06:50,37.4
Kjevik,SN39040,17.04.2022 07:20,39.2
Kjevik,SN39040,17.04.2022 07:50,41.0
Kjevik,SN39040,17.04.2022 08:20,44.6
Kjevik,SN39040,17.04.2022 08:50,46.4
Kjevik,SN39040,17.04.2022 09:20,46.4
Kjevik,SN39040,17.04.2022 09:50,48.2
Kjevik,SN39040,17.04.2022 10:20,48.2
Kjevik,SN39040,17.04.2022 10:50,48.2
Kjevik,SN39040,17.04.2022 11:20,50.0
Kjevik,SN39040,17.04.2022 11:50,51.8
Kjevik,SN39040,17.04.2022 12:20,51.8
Kjevik,SN39040,17.04.2022 12:50,51.8
Kjevik,SN39040,17.04.2022 13:20,51.8
Kjevik,SN39040,17.04.2022 13:50,51.8
Kjevik,SN39040,17.04.2022 14:20,51.8
Kjevik,SN39040,17.04.2022 14:50,51.8
Kjevik,SN39040,17.04.2022 15:20,50.0
Kjevik,SN39040,17.04.2022 15:50,51.8
Kjevik,SN39040,17.04.2022 16:20,51.8
Kjevik,SN39040,17.04.2022 16:50,51.8
Kjevik,SN39040,17.04.2022 17:20,51.8
Kjevik,SN39040,17.04.2022 17:50,50.0
Kjevik,SN39040,17.04.2022 18:20,50.0
Kjevik,SN39040,17.04.2022 18:50,48.2
Kjevik,SN39040,17.04.2022 19:20,46.4
Kjevik,SN39040,17.04.2022 19:50,46.4
Kjevik,SN39040,17.04.2022 20:20,44.6
Kjevik,SN39040,17.04.2022 20:50,42.8
Kjevik,SN39040,17.04.2022 21:20,41.0
Kjevik,SN39040,17.04.2022 21:50,39.2
Kjevik,SN39040,17.04.2022 22:20,35.6
Kjevik,SN39040,17.04.2022 22:50,33.8
Kjevik,SN39040,17.04.2022 23:20,35.6
Kjevik,SN39040,17.04.2022 23:50,33.8
Kjevik,SN39040,18.04.2022 00:20,32.0
Kjevik,SN39040,18.04.2022 00:50,32.0
Kjevik,SN39040,18.04.2022 01:20,30.2
Kjevik,SN39040,18.04.2022 01:50,30.2
Kjevik,SN39040,18.04.2022 02:20,30.2
Kjevik,SN39040,18.04.2022 02:50,30.2
Kjevik,SN39040,18.04.2022 03:20,30.2
Kjevik,SN39040,18.04.2022 03:50,28.4
Kjevik,SN39040,18.04.2022 04:20,28.4
Kjevik,SN39040,18.04.2022 04:50,28.4
Kjevik,SN39040,18.04.2022 05:20,28.4
Kjevik,SN39040,18.04.2022 05:50,28.4
Kjevik,SN39040,18.04.2022 06:20,30.2
Kjevik,SN39040,18.04.2022 06:50,32.0
Kjevik,SN39040,18.04.2022 07:20,35.6
Kjevik,SN39040,18.04.2022 07:50,37.4
Kjevik,SN39040,18.04.2022 08:20,42.8
Kjevik,SN39040,18.04.2022 08:50,46.4
Kjevik,SN39040,18.04.2022 09:20,51.8
Kjevik,SN39040,18.04.2022 09:50,51.8
Kjevik,SN39040,18.04.2022 10:20,51.8
Kjevik,SN39040,18.04.2022 10:50,53.6
Kjevik,SN39040,18.04.2022 11:20,53.6
Kjevik,SN39040,18.04.2022 11:50,53.6
Kjevik,SN39040,18.04.2022 12:20,53.6
Kjevik,SN39040,18.04.2022 12:50,51.8
Kjevik,SN39040,18.04.2022 13:20,51.8
Kjevik,SN39040,18.04.2022 13:50,53.6
Kjevik,SN39040,18.04.2022 14:20,53.6
Kjevik,SN39040,18.04.2022 14:50,53.6
Kjevik,SN39040,18.04.2022 15:20,53.6
Kjevik,SN39040,18.04.2022 15:50,55.4
Kjevik,SN39040,18.04.2022 16:20,55.4
Kjevik,SN39040,18.04.2022 16:50,55.4
Kjevik,SN39040,18.04.2022 17:20,55.4
Kjevik,SN39040,18.04.2022 17:50,53.6
Kjevik,SN39040,18.04.2022 18:20,53.6
Kjevik,SN39040,18.04.2022 18:50,53.6
Kjevik,SN39040,18.04.2022 19:20,50.0
Kjevik,SN39040,18.04.2022 19:50,48.2
Kjevik,SN39040,18.04.2022 20:20,42.8
Kjevik,SN39040,18.04.2022 20:50,42.8
Kjevik,SN39040,18.04.2022 21:20,41.0
Kjevik,SN39040,18.04.2022 21:50,37.4
Kjevik,SN39040,18.04.2022 22:20,37.4
Kjevik,SN39040,18.04.2022 22:50,37.4
Kjevik,SN39040,18.04.2022 23:20,35.6
Kjevik,SN39040,18.04.2022 23:50,33.8
Kjevik,SN39040,19.04.2022 00:20,33.8
Kjevik,SN39040,19.04.2022 00:50,33.8
Kjevik,SN39040,19.04.2022 01:20,33.8
Kjevik,SN39040,19.04.2022 01:50,32.0
Kjevik,SN39040,19.04.2022 02:20,32.0
Kjevik,SN39040,19.04.2022 02:50,32.0
Kjevik,SN39040,19.04.2022 03:20,30.2
Kjevik,SN39040,19.04.2022 03:50,32.0
Kjevik,SN39040,19.04.2022 04:20,30.2
Kjevik,SN39040,19.04.2022 04:50,30.2
Kjevik,SN39040,19.04.2022 05:20,30.2
Kjevik,SN39040,19.04.2022 05:50,30.2
Kjevik,SN39040,19.04.2022 06:20,32.0
Kjevik,SN39040,19.04.2022 06:50,35.6
Kjevik,SN39040,19.04.2022 07:20,37.4
Kjevik,SN39040,19.04.2022 07:50,41.0
Kjevik,SN39040,19.04.2022 08:20,46.4
Kjevik,SN39040,19.04.2022 08:50,48.2
Kjevik,SN39040,19.04.2022 09:20,51.8
Kjevik,SN39040,19.04.2022 09:50,53.6
Kjevik,SN39040,19.04.2022 10:20,53.6
Kjevik,SN39040,19.04.2022 10:50,55.4
Kjevik,SN39040,19.04.2022 11:20,57.2
Kjevik,SN39040,19.04.2022 11:50,57.2
Kjevik,SN39040,19.04.2022 12:20,57.2
Kjevik,SN39040,19.04.2022 12:50,57.2
Kjevik,SN39040,19.04.2022 13:20,57.2
Kjevik,SN39040,19.04.2022 13:50,57.2
Kjevik,SN39040,19.04.2022 14:20,57.2
Kjevik,SN39040,19.04.2022 14:50,55.4
Kjevik,SN39040,19.04.2022 15:20,57.2
Kjevik,SN39040,19.04.2022 15:50,53.6
Kjevik,SN39040,19.04.2022 16:20,55.4
Kjevik,SN39040,19.04.2022 16:50,55.4
Kjevik,SN39040,19.04.2022 17:20,53.6
Kjevik,SN39040,19.04.2022 17:50,53.6
Kjevik,SN39040,19.04.2022 18:20,53.6
Kjevik,SN39040,19.04.2022 18:50,51.8
Kjevik,SN39040,19.04.2022 19:20,51.8
Kjevik,SN39040,19.04.2022 19:50,48.2
Kjevik,SN39040,19.04.2022 20:20,46.4
Kjevik,SN39040,19.04.2022 20:50,44.6
Kjevik,SN39040,19.04.2022 21:20,41.0
Kjevik,SN39040,19.04.2022 21:50,39.2
Kjevik,SN39040,19.04.2022 22:20,39.2
Kjevik,SN39040,19.04.2022 22:50,37.4
Kjevik,SN39040,19.04.2022 23:20,37.4
Kjevik,SN39040,19.04.2022 23:50,37.4
Kjevik,SN39040,20.04.2022 00:20,35.6
Kjevik,SN39040,20.04.2022 00:50,37.4
Kjevik,SN39040,20.04.2022 01:20,35.6
Kjevik,SN39040,20.04.2022 01:50,35.6
Kjevik,SN39040,20.04.2022 02:20,35.6
Kjevik,SN39040,20.04.2022 02:50,35.6
Kjevik,SN39040,20.04.2022 03:20,33.8
Kjevik,SN39040,20.04.2022 03:50,33.8
Kjevik,SN39040,20.04.2022 04:20,33.8
Kjevik,SN39040,20.04.2022 04:50,33.8
Kjevik,SN39040,20.04.2022 05:20,33.8
Kjevik,SN39040,20.04.2022 05:50,35.6
Kjevik,SN39040,20.04.2022 06:20,37.4
Kjevik,SN39040,20.04.2022 06:50,39.2
Kjevik,SN39040,20.04.2022 07:20,42.8
Kjevik,SN39040,20.04.2022 07:50,48.2
Kjevik,SN39040,20.04.2022 08:20,53.6
Kjevik,SN39040,20.04.2022 08:50,55.4
Kjevik,SN39040,20.04.2022 09:20,57.2
Kjevik,SN39040,20.04.2022 09:50,59.0
Kjevik,SN39040,20.04.2022 10:20,57.2
Kjevik,SN39040,20.04.2022 10:50,59.0
Kjevik,SN39040,20.04.2022 11:20,59.0
Kjevik,SN39040,20.04.2022 11:50,59.0
Kjevik,SN39040,20.04.2022 12:20,59.0
Kjevik,SN39040,20.04.2022 12:50,60.8
Kjevik,SN39040,20.04.2022 13:20,60.8
Kjevik,SN39040,20.04.2022 13:50,60.8
Kjevik,SN39040,20.04.2022 14:20,60.8
Kjevik,SN39040,20.04.2022 14:50,59.0
Kjevik,SN39040,20.04.2022 15:20,59.0
Kjevik,SN39040,20.04.2022 15:50,59.0
Kjevik,SN39040,20.04.2022 16:20,60.8
Kjevik,SN39040,20.04.2022 16:50,60.8
Kjevik,SN39040,20.04.2022 17:20,60.8
Kjevik,SN39040,20.04.2022 17:50,60.8
Kjevik,SN39040,20.04.2022 18:20,59.0
Kjevik,SN39040,20.04.2022 18:50,59.0
Kjevik,SN39040,20.04.2022 19:20,59.0
Kjevik,SN39040,20.04.2022 19:50,57.2
Kjevik,SN39040,20.04.2022 20:20,53.6
Kjevik,SN39040,20.04.2022 20:50,51.8
Kjevik,SN39040,20.04.2022 21:20,50.0
Kjevik,SN39040,20.04.2022 21:50,46.4
Kjevik,SN39040,20.04.2022 22:20,46.4
Kjevik,SN39040,20.04.2022 22:50,42.8
Kjevik,SN39040,20.04.2022 23:20,44.6
Kjevik,SN39040,20.04.2022 23:50,42.8
Kjevik,SN39040,21.04.2022 00:20,42.8
Kjevik,SN39040,21.04.2022 00:50,42.8
Kjevik,SN39040,21.04.2022 01:20,42.8
Kjevik,SN39040,21.04.2022 01:50,42.8
Kjevik,SN39040,21.04.2022 02:20,42.8
Kjevik,SN39040,21.04.2022 02:50,41.0
Kjevik,SN39040,21.04.2022 03:20,41.0
Kjevik,SN39040,21.04.2022 03:50,41.0
Kjevik,SN39040,21.04.2022 04:20,41.0
Kjevik,SN39040,21.04.2022 04:50,39.2
Kjevik,SN39040,21.04.2022 05:20,39.2
Kjevik,SN39040,21.04.2022 05:50,41.0
Kjevik,SN39040,21.04.2022 06:20,42.8
Kjevik,SN39040,21.04.2022 06:50,44.6
Kjevik,SN39040,21.04.2022 07:20,44.6
Kjevik,SN39040,21.04.2022 07:50,48.2
Kjevik,SN39040,21.04.2022 08:20,53.6
Kjevik,SN39040,21.04.2022 08:50,55.4
Kjevik,SN39040,21.04.2022 09:20,57.2
Kjevik,SN39040,21.04.2022 09:50,57.2
Kjevik,SN39040,21.04.2022 10:20,59.0
Kjevik,SN39040,21.04.2022 10:50,59.0
Kjevik,SN39040,21.04.2022 11:20,60.8
Kjevik,SN39040,21.04.2022 11:50,60.8
Kjevik,SN39040,21.04.2022 12:20,62.6
Kjevik,SN39040,21.04.2022 12:50,60.8
Kjevik,SN39040,21.04.2022 13:20,60.8
Kjevik,SN39040,21.04.2022 13:50,60.8
Kjevik,SN39040,21.04.2022 14:20,60.8
Kjevik,SN39040,21.04.2022 14:50,60.8
Kjevik,SN39040,21.04.2022 15:20,60.8
Kjevik,SN39040,21.04.2022 15:50,60.8
Kjevik,SN39040,21.04.2022 16:20,62.6
Kjevik,SN39040,21.04.2022 16:50,62.6
Kjevik,SN39040,21.04.2022 17:20,60.8
Kjevik,SN39040,21.04.2022 17:50,60.8
Kjevik,SN39040,21.04.2022 18:20,60.8
Kjevik,SN39040,21.04.2022 18:50,60.8
Kjevik,SN39040,21.04.2022 19:20,59.0
Kjevik,SN39040,21.04.2022 19:50,59.0
Kjevik,SN39040,21.04.2022 20:20,55.4
Kjevik,SN39040,21.04.2022 20:50,53.6
Kjevik,SN39040,21.04.2022 21:20,48.2
Kjevik,SN39040,21.04.2022 21:50,46.4
Kjevik,SN39040,21.04.2022 22:20,46.4
Kjevik,SN39040,21.04.2022 22:50,44.6
Kjevik,SN39040,21.04.2022 23:20,44.6
Kjevik,SN39040,21.04.2022 23:50,44.6
Kjevik,SN39040,22.04.2022 00:20,42.8
Kjevik,SN39040,22.04.2022 00:50,44.6
Kjevik,SN39040,22.04.2022 01:20,44.6
Kjevik,SN39040,22.04.2022 01:50,44.6
Kjevik,SN39040,22.04.2022 02:20,42.8
Kjevik,SN39040,22.04.2022 02:50,42.8
Kjevik,SN39040,22.04.2022 03:20,44.6
Kjevik,SN39040,22.04.2022 03:50,42.8
Kjevik,SN39040,22.04.2022 04:20,42.8
Kjevik,SN39040,22.04.2022 04:50,41.0
Kjevik,SN39040,22.04.2022 05:20,41.0
Kjevik,SN39040,22.04.2022 05:50,42.8
Kjevik,SN39040,22.04.2022 06:20,44.6
Kjevik,SN39040,22.04.2022 06:50,48.2
Kjevik,SN39040,22.04.2022 07:20,51.8
Kjevik,SN39040,22.04.2022 07:50,53.6
Kjevik,SN39040,22.04.2022 08:20,55.4
Kjevik,SN39040,22.04.2022 08:50,55.4
Kjevik,SN39040,22.04.2022 09:20,57.2
Kjevik,SN39040,22.04.2022 09:50,57.2
Kjevik,SN39040,22.04.2022 10:20,59.0
Kjevik,SN39040,22.04.2022 10:50,59.0
Kjevik,SN39040,22.04.2022 11:20,59.0
Kjevik,SN39040,22.04.2022 11:50,59.0
Kjevik,SN39040,22.04.2022 12:20,60.8
Kjevik,SN39040,22.04.2022 12:50,60.8
Kjevik,SN39040,22.04.2022 13:20,60.8
Kjevik,SN39040,22.04.2022 13:50,60.8
Kjevik,SN39040,22.04.2022 14:20,60.8
Kjevik,SN39040,22.04.2022 14:50,62.6
Kjevik,SN39040,22.04.2022 15:20,62.6
Kjevik,SN39040,22.04.2022 15:50,62.6
Kjevik,SN39040,22.04.2022 16:20,62.6
Kjevik,SN39040,22.04.2022 16:50,62.6
Kjevik,SN39040,22.04.2022 17:20,62.6
Kjevik,SN39040,22.04.2022 17:50,60.8
Kjevik,SN39040,22.04.2022 18:20,60.8
Kjevik,SN39040,22.04.2022 18:50,59.0
Kjevik,SN39040,22.04.2022 19:20,57.2
Kjevik,SN39040,22.04.2022 19:50,55.4
Kjevik,SN39040,22.04.2022 20:20,53.6
Kjevik,SN39040,22.04.2022 20:50,53.6
Kjevik,SN39040,22.04.2022 21:20,51.8
Kjevik,SN39040,22.04.2022 21:50,50.0
Kjevik,SN39040,22.04.2022 22:20,48.2
Kjevik,SN39040,22.04.2022 22:50,46.4
Kjevik,SN39040,22.04.2022 23:20,46.4
Kjevik,SN39040,22.04.2022 23:50,44.6
Kjevik,SN39040,23.04.2022 00:20,44.6
Kjevik,SN39040,23.04.2022 00:50,44.6
Kjevik,SN39040,23.04.2022 01:20,44.6
Kjevik,SN39040,23.04.2022 01:50,44.6
Kjevik,SN39040,23.04.2022 02:20,44.6
Kjevik,SN39040,23.04.2022 02:50,44.6
Kjevik,SN39040,23.04.2022 03:20,46.4
Kjevik,SN39040,23.04.2022 03:50,46.4
Kjevik,SN39040,23.04.2022 04:20,46.4
Kjevik,SN39040,23.04.2022 04:50,46.4
Kjevik,SN39040,23.04.2022 05:20,46.4
Kjevik,SN39040,23.04.2022 05:50,46.4
Kjevik,SN39040,23.04.2022 06:20,48.2
Kjevik,SN39040,23.04.2022 06:50,48.2
Kjevik,SN39040,23.04.2022 07:20,48.2
Kjevik,SN39040,23.04.2022 07:50,50.0
Kjevik,SN39040,23.04.2022 08:20,51.8
Kjevik,SN39040,23.04.2022 08:50,51.8
Kjevik,SN39040,23.04.2022 09:20,51.8
Kjevik,SN39040,23.04.2022 09:50,53.6
Kjevik,SN39040,23.04.2022 10:20,55.4
Kjevik,SN39040,23.04.2022 10:50,55.4
Kjevik,SN39040,23.04.2022 11:20,57.2
Kjevik,SN39040,23.04.2022 11:50,57.2
Kjevik,SN39040,23.04.2022 12:20,55.4
Kjevik,SN39040,23.04.2022 12:50,55.4
Kjevik,SN39040,23.04.2022 13:20,55.4
Kjevik,SN39040,23.04.2022 13:50,57.2
Kjevik,SN39040,23.04.2022 14:20,57.2
Kjevik,SN39040,23.04.2022 14:50,57.2
Kjevik,SN39040,23.04.2022 15:20,57.2
Kjevik,SN39040,23.04.2022 15:50,57.2
Kjevik,SN39040,23.04.2022 16:20,57.2
Kjevik,SN39040,23.04.2022 16:50,57.2
Kjevik,SN39040,23.04.2022 17:20,55.4
Kjevik,SN39040,23.04.2022 17:50,55.4
Kjevik,SN39040,23.04.2022 18:20,55.4
Kjevik,SN39040,23.04.2022 18:50,55.4
Kjevik,SN39040,23.04.2022 19:20,53.6
Kjevik,SN39040,23.04.2022 19:50,51.8
Kjevik,SN39040,23.04.2022 20:20,48.2
Kjevik,SN39040,23.04.2022 20:50,48.2
Kjevik,SN39040,23.04.2022 21:20,48.2
Kjevik,SN39040,23.04.2022 21:50,46.4
Kjevik,SN39040,23.04.2022 22:20,46.4
Kjevik,SN39040,23.04.2022 22:50,50.0
Kjevik,SN39040,23.04.2022 23:20,50.0
Kjevik,SN39040,23.04.2022 23:50,50.0
Kjevik,SN39040,24.04.2022 00:20,50.0
Kjevik,SN39040,24.04.2022 00:50,50.0
Kjevik,SN39040,24.04.2022 01:50,48.2
Kjevik,SN39040,24.04.2022 02:20,46.4
Kjevik,SN39040,24.04.2022 02:50,46.4
Kjevik,SN39040,24.04.2022 03:20,44.6
Kjevik,SN39040,24.04.2022 03:50,44.6
Kjevik,SN39040,24.04.2022 04:20,42.8
Kjevik,SN39040,24.04.2022 04:50,41.0
Kjevik,SN39040,24.04.2022 05:20,42.8
Kjevik,SN39040,24.04.2022 05:50,42.8
Kjevik,SN39040,24.04.2022 06:20,42.8
Kjevik,SN39040,24.04.2022 06:50,44.6
Kjevik,SN39040,24.04.2022 07:20,46.4
Kjevik,SN39040,24.04.2022 07:50,48.2
Kjevik,SN39040,24.04.2022 08:20,48.2
Kjevik,SN39040,24.04.2022 08:50,48.2
Kjevik,SN39040,24.04.2022 09:20,48.2
Kjevik,SN39040,24.04.2022 09:50,48.2
Kjevik,SN39040,24.04.2022 10:20,50.0
Kjevik,SN39040,24.04.2022 10:50,50.0
Kjevik,SN39040,24.04.2022 11:20,48.2
Kjevik,SN39040,24.04.2022 11:50,48.2
Kjevik,SN39040,24.04.2022 12:20,51.8
Kjevik,SN39040,24.04.2022 12:50,50.0
Kjevik,SN39040,24.04.2022 13:20,50.0
Kjevik,SN39040,24.04.2022 13:50,50.0
Kjevik,SN39040,24.04.2022 14:20,48.2
Kjevik,SN39040,24.04.2022 14:50,50.0
Kjevik,SN39040,24.04.2022 15:20,50.0
Kjevik,SN39040,24.04.2022 15:50,50.0
Kjevik,SN39040,24.04.2022 16:20,50.0
Kjevik,SN39040,24.04.2022 16:50,50.0
Kjevik,SN39040,24.04.2022 17:20,50.0
Kjevik,SN39040,24.04.2022 17:50,51.8
Kjevik,SN39040,24.04.2022 18:20,50.0
Kjevik,SN39040,24.04.2022 18:50,50.0
Kjevik,SN39040,24.04.2022 19:20,48.2
Kjevik,SN39040,24.04.2022 19:50,46.4
Kjevik,SN39040,24.04.2022 20:20,46.4
Kjevik,SN39040,24.04.2022 20:50,44.6
Kjevik,SN39040,24.04.2022 21:20,42.8
Kjevik,SN39040,24.04.2022 21:50,39.2
Kjevik,SN39040,24.04.2022 22:20,39.2
Kjevik,SN39040,24.04.2022 22:50,37.4
Kjevik,SN39040,24.04.2022 23:20,35.6
Kjevik,SN39040,24.04.2022 23:50,33.8
Kjevik,SN39040,25.04.2022 00:20,35.6
Kjevik,SN39040,25.04.2022 00:50,35.6
Kjevik,SN39040,25.04.2022 01:20,33.8
Kjevik,SN39040,25.04.2022 01:50,33.8
Kjevik,SN39040,25.04.2022 02:20,32.0
Kjevik,SN39040,25.04.2022 02:50,32.0
Kjevik,SN39040,25.04.2022 03:20,32.0
Kjevik,SN39040,25.04.2022 03:50,30.2
Kjevik,SN39040,25.04.2022 04:20,30.2
Kjevik,SN39040,25.04.2022 04:50,32.0
Kjevik,SN39040,25.04.2022 05:20,32.0
Kjevik,SN39040,25.04.2022 05:50,32.0
Kjevik,SN39040,25.04.2022 06:20,35.6
Kjevik,SN39040,25.04.2022 06:50,37.4
Kjevik,SN39040,25.04.2022 07:20,41.0
Kjevik,SN39040,25.04.2022 07:50,44.6
Kjevik,SN39040,25.04.2022 08:20,50.0
Kjevik,SN39040,25.04.2022 08:50,50.0
Kjevik,SN39040,25.04.2022 09:20,51.8
Kjevik,SN39040,25.04.2022 09:50,53.6
Kjevik,SN39040,25.04.2022 10:20,53.6
Kjevik,SN39040,25.04.2022 10:50,53.6
Kjevik,SN39040,25.04.2022 11:20,51.8
Kjevik,SN39040,25.04.2022 11:50,51.8
Kjevik,SN39040,25.04.2022 12:20,51.8
Kjevik,SN39040,25.04.2022 12:50,51.8
Kjevik,SN39040,25.04.2022 13:20,51.8
Kjevik,SN39040,25.04.2022 13:50,53.6
Kjevik,SN39040,25.04.2022 14:20,53.6
Kjevik,SN39040,25.04.2022 14:50,55.4
Kjevik,SN39040,25.04.2022 15:20,55.4
Kjevik,SN39040,25.04.2022 15:50,55.4
Kjevik,SN39040,25.04.2022 16:20,55.4
Kjevik,SN39040,25.04.2022 16:50,55.4
Kjevik,SN39040,25.04.2022 17:20,53.6
Kjevik,SN39040,25.04.2022 17:50,53.6
Kjevik,SN39040,25.04.2022 18:20,51.8
Kjevik,SN39040,25.04.2022 18:50,50.0
Kjevik,SN39040,25.04.2022 19:20,50.0
Kjevik,SN39040,25.04.2022 19:50,48.2
Kjevik,SN39040,25.04.2022 20:20,46.4
Kjevik,SN39040,25.04.2022 20:50,44.6
Kjevik,SN39040,25.04.2022 21:20,42.8
Kjevik,SN39040,25.04.2022 21:50,42.8
Kjevik,SN39040,25.04.2022 22:20,41.0
Kjevik,SN39040,25.04.2022 22:50,41.0
Kjevik,SN39040,25.04.2022 23:20,39.2
Kjevik,SN39040,25.04.2022 23:50,37.4
Kjevik,SN39040,26.04.2022 00:20,39.2
Kjevik,SN39040,26.04.2022 00:50,37.4
Kjevik,SN39040,26.04.2022 01:20,37.4
Kjevik,SN39040,26.04.2022 01:50,35.6
Kjevik,SN39040,26.04.2022 02:20,35.6
Kjevik,SN39040,26.04.2022 02:50,35.6
Kjevik,SN39040,26.04.2022 03:20,35.6
Kjevik,SN39040,26.04.2022 03:50,35.6
Kjevik,SN39040,26.04.2022 04:20,37.4
Kjevik,SN39040,26.04.2022 04:50,39.2
Kjevik,SN39040,26.04.2022 05:20,41.0
Kjevik,SN39040,26.04.2022 05:50,41.0
Kjevik,SN39040,26.04.2022 06:20,44.6
Kjevik,SN39040,26.04.2022 06:50,48.2
Kjevik,SN39040,26.04.2022 07:20,48.2
Kjevik,SN39040,26.04.2022 07:50,50.0
Kjevik,SN39040,26.04.2022 08:20,50.0
Kjevik,SN39040,26.04.2022 08:50,50.0
Kjevik,SN39040,26.04.2022 09:20,50.0
Kjevik,SN39040,26.04.2022 09:50,50.0
Kjevik,SN39040,26.04.2022 10:20,51.8
Kjevik,SN39040,26.04.2022 10:50,51.8
Kjevik,SN39040,26.04.2022 11:20,50.0
Kjevik,SN39040,26.04.2022 11:50,50.0
Kjevik,SN39040,26.04.2022 12:20,50.0
Kjevik,SN39040,26.04.2022 12:50,51.8
Kjevik,SN39040,26.04.2022 13:20,51.8
Kjevik,SN39040,26.04.2022 13:50,51.8
Kjevik,SN39040,26.04.2022 14:20,51.8
Kjevik,SN39040,26.04.2022 14:50,50.0
Kjevik,SN39040,26.04.2022 15:20,51.8
Kjevik,SN39040,26.04.2022 15:50,51.8
Kjevik,SN39040,26.04.2022 16:20,51.8
Kjevik,SN39040,26.04.2022 16:50,50.0
Kjevik,SN39040,26.04.2022 17:20,50.0
Kjevik,SN39040,26.04.2022 17:50,50.0
Kjevik,SN39040,26.04.2022 18:20,50.0
Kjevik,SN39040,26.04.2022 18:50,50.0
Kjevik,SN39040,26.04.2022 19:20,48.2
Kjevik,SN39040,26.04.2022 19:50,46.4
Kjevik,SN39040,26.04.2022 20:20,44.6
Kjevik,SN39040,26.04.2022 20:50,41.0
Kjevik,SN39040,26.04.2022 21:20,39.2
Kjevik,SN39040,26.04.2022 21:50,39.2
Kjevik,SN39040,26.04.2022 22:20,35.6
Kjevik,SN39040,26.04.2022 22:50,37.4
Kjevik,SN39040,26.04.2022 23:20,35.6
Kjevik,SN39040,26.04.2022 23:50,33.8
Kjevik,SN39040,27.04.2022 00:20,35.6
Kjevik,SN39040,27.04.2022 00:50,37.4
Kjevik,SN39040,27.04.2022 01:20,35.6
Kjevik,SN39040,27.04.2022 01:50,35.6
Kjevik,SN39040,27.04.2022 02:20,35.6
Kjevik,SN39040,27.04.2022 02:50,37.4
Kjevik,SN39040,27.04.2022 03:20,35.6
Kjevik,SN39040,27.04.2022 03:50,35.6
Kjevik,SN39040,27.04.2022 04:20,35.6
Kjevik,SN39040,27.04.2022 04:50,35.6
Kjevik,SN39040,27.04.2022 05:20,33.8
Kjevik,SN39040,27.04.2022 05:50,33.8
Kjevik,SN39040,27.04.2022 06:20,35.6
Kjevik,SN39040,27.04.2022 06:50,37.4
Kjevik,SN39040,27.04.2022 07:20,41.0
Kjevik,SN39040,27.04.2022 07:50,44.6
Kjevik,SN39040,27.04.2022 08:20,48.2
Kjevik,SN39040,27.04.2022 08:50,50.0
Kjevik,SN39040,27.04.2022 09:20,50.0
Kjevik,SN39040,27.04.2022 09:50,51.8
Kjevik,SN39040,27.04.2022 10:20,51.8
Kjevik,SN39040,27.04.2022 10:50,51.8
Kjevik,SN39040,27.04.2022 11:20,53.6
Kjevik,SN39040,27.04.2022 11:50,55.4
Kjevik,SN39040,27.04.2022 12:20,53.6
Kjevik,SN39040,27.04.2022 12:50,53.6
Kjevik,SN39040,27.04.2022 13:20,53.6
Kjevik,SN39040,27.04.2022 13:50,53.6
Kjevik,SN39040,27.04.2022 14:20,53.6
Kjevik,SN39040,27.04.2022 14:50,51.8
Kjevik,SN39040,27.04.2022 15:20,53.6
Kjevik,SN39040,27.04.2022 15:50,53.6
Kjevik,SN39040,27.04.2022 16:20,51.8
Kjevik,SN39040,27.04.2022 16:50,51.8
Kjevik,SN39040,27.04.2022 17:20,51.8
Kjevik,SN39040,27.04.2022 17:50,51.8
Kjevik,SN39040,27.04.2022 18:20,50.0
Kjevik,SN39040,27.04.2022 18:50,48.2
Kjevik,SN39040,27.04.2022 19:20,48.2
Kjevik,SN39040,27.04.2022 19:50,46.4
Kjevik,SN39040,27.04.2022 20:20,44.6
Kjevik,SN39040,27.04.2022 20:50,44.6
Kjevik,SN39040,27.04.2022 21:20,44.6
Kjevik,SN39040,27.04.2022 21:50,42.8
Kjevik,SN39040,27.04.2022 22:20,41.0
Kjevik,SN39040,27.04.2022 22:50,41.0
Kjevik,SN39040,27.04.2022 23:20,39.2
Kjevik,SN39040,27.04.2022 23:50,37.4
Kjevik,SN39040,28.04.2022 00:20,37.4
Kjevik,SN39040,28.04.2022 00:50,35.6
Kjevik,SN39040,28.04.2022 01:20,33.8
Kjevik,SN39040,28.04.2022 01:50,33.8
Kjevik,SN39040,28.04.2022 02:20,32.0
Kjevik,SN39040,28.04.2022 02:50,33.8
Kjevik,SN39040,28.04.2022 03:20,33.8
Kjevik,SN39040,28.04.2022 03:50,32.0
Kjevik,SN39040,28.04.2022 04:20,32.0
Kjevik,SN39040,28.04.2022 04:50,32.0
Kjevik,SN39040,28.04.2022 05:20,32.0
Kjevik,SN39040,28.04.2022 05:50,33.8
Kjevik,SN39040,28.04.2022 06:20,35.6
Kjevik,SN39040,28.04.2022 06:50,37.4
Kjevik,SN39040,28.04.2022 07:20,41.0
Kjevik,SN39040,28.04.2022 07:50,44.6
Kjevik,SN39040,28.04.2022 08:20,48.2
Kjevik,SN39040,28.04.2022 08:50,51.8
Kjevik,SN39040,28.04.2022 09:20,53.6
Kjevik,SN39040,28.04.2022 09:50,55.4
Kjevik,SN39040,28.04.2022 10:20,57.2
Kjevik,SN39040,28.04.2022 10:50,55.4
Kjevik,SN39040,28.04.2022 11:20,55.4
Kjevik,SN39040,28.04.2022 11:50,55.4
Kjevik,SN39040,28.04.2022 12:20,55.4
Kjevik,SN39040,28.04.2022 12:50,55.4
Kjevik,SN39040,28.04.2022 13:20,57.2
Kjevik,SN39040,28.04.2022 13:50,59.0
Kjevik,SN39040,28.04.2022 14:20,59.0
Kjevik,SN39040,28.04.2022 14:50,60.8
Kjevik,SN39040,28.04.2022 15:20,62.6
Kjevik,SN39040,28.04.2022 15:50,60.8
Kjevik,SN39040,28.04.2022 16:20,60.8
Kjevik,SN39040,28.04.2022 16:50,60.8
Kjevik,SN39040,28.04.2022 17:20,59.0
Kjevik,SN39040,28.04.2022 17:50,57.2
Kjevik,SN39040,28.04.2022 18:20,57.2
Kjevik,SN39040,28.04.2022 18:50,55.4
Kjevik,SN39040,28.04.2022 19:20,55.4
Kjevik,SN39040,28.04.2022 19:50,53.6
Kjevik,SN39040,28.04.2022 20:20,51.8
Kjevik,SN39040,28.04.2022 20:50,50.0
Kjevik,SN39040,28.04.2022 21:20,50.0
Kjevik,SN39040,28.04.2022 21:50,48.2
Kjevik,SN39040,28.04.2022 22:20,48.2
Kjevik,SN39040,28.04.2022 22:50,48.2
Kjevik,SN39040,28.04.2022 23:20,46.4
Kjevik,SN39040,28.04.2022 23:50,42.8
Kjevik,SN39040,29.04.2022 00:20,42.8
Kjevik,SN39040,29.04.2022 00:50,41.0
Kjevik,SN39040,29.04.2022 01:20,39.2
Kjevik,SN39040,29.04.2022 01:50,39.2
Kjevik,SN39040,29.04.2022 02:20,39.2
Kjevik,SN39040,29.04.2022 02:50,37.4
Kjevik,SN39040,29.04.2022 03:20,37.4
Kjevik,SN39040,29.04.2022 03:50,37.4
Kjevik,SN39040,29.04.2022 04:20,39.2
Kjevik,SN39040,29.04.2022 04:50,37.4
Kjevik,SN39040,29.04.2022 05:20,37.4
Kjevik,SN39040,29.04.2022 05:50,37.4
Kjevik,SN39040,29.04.2022 06:20,39.2
Kjevik,SN39040,29.04.2022 06:50,42.8
Kjevik,SN39040,29.04.2022 07:20,46.4
Kjevik,SN39040,29.04.2022 07:50,48.2
Kjevik,SN39040,29.04.2022 08:20,50.0
Kjevik,SN39040,29.04.2022 08:50,50.0
Kjevik,SN39040,29.04.2022 09:20,51.8
Kjevik,SN39040,29.04.2022 09:50,51.8
Kjevik,SN39040,29.04.2022 10:20,53.6
Kjevik,SN39040,29.04.2022 10:50,53.6
Kjevik,SN39040,29.04.2022 11:20,53.6
Kjevik,SN39040,29.04.2022 11:50,57.2
Kjevik,SN39040,29.04.2022 12:20,57.2
Kjevik,SN39040,29.04.2022 12:50,51.8
Kjevik,SN39040,29.04.2022 13:20,55.4
Kjevik,SN39040,29.04.2022 13:50,53.6
Kjevik,SN39040,29.04.2022 14:20,51.8
Kjevik,SN39040,29.04.2022 14:50,51.8
Kjevik,SN39040,29.04.2022 15:20,51.8
Kjevik,SN39040,29.04.2022 15:50,51.8
Kjevik,SN39040,29.04.2022 16:20,51.8
Kjevik,SN39040,29.04.2022 16:50,51.8
Kjevik,SN39040,29.04.2022 17:20,51.8
Kjevik,SN39040,29.04.2022 17:50,50.0
Kjevik,SN39040,29.04.2022 18:20,50.0
Kjevik,SN39040,29.04.2022 18:50,50.0
Kjevik,SN39040,29.04.2022 19:20,50.0
Kjevik,SN39040,29.04.2022 19:50,48.2
Kjevik,SN39040,29.04.2022 20:20,46.4
Kjevik,SN39040,29.04.2022 20:50,42.8
Kjevik,SN39040,29.04.2022 21:20,41.0
Kjevik,SN39040,29.04.2022 21:50,39.2
Kjevik,SN39040,29.04.2022 22:20,37.4
Kjevik,SN39040,29.04.2022 22:50,37.4
Kjevik,SN39040,29.04.2022 23:20,35.6
Kjevik,SN39040,29.04.2022 23:50,35.6
Kjevik,SN39040,30.04.2022 00:20,37.4
Kjevik,SN39040,30.04.2022 00:50,33.8
Kjevik,SN39040,30.04.2022 01:20,33.8
Kjevik,SN39040,30.04.2022 01:50,32.0
Kjevik,SN39040,30.04.2022 02:20,32.0
Kjevik,SN39040,30.04.2022 02:50,32.0
Kjevik,SN39040,30.04.2022 03:20,30.2
Kjevik,SN39040,30.04.2022 03:50,32.0
Kjevik,SN39040,30.04.2022 04:20,32.0
Kjevik,SN39040,30.04.2022 04:50,32.0
Kjevik,SN39040,30.04.2022 05:20,32.0
Kjevik,SN39040,30.04.2022 05:50,32.0
Kjevik,SN39040,30.04.2022 06:20,35.6
Kjevik,SN39040,30.04.2022 06:50,39.2
Kjevik,SN39040,30.04.2022 07:20,44.6
Kjevik,SN39040,30.04.2022 07:50,50.0
Kjevik,SN39040,30.04.2022 08:20,50.0
Kjevik,SN39040,30.04.2022 08:50,51.8
Kjevik,SN39040,30.04.2022 09:20,55.4
Kjevik,SN39040,30.04.2022 09:50,53.6
Kjevik,SN39040,30.04.2022 10:20,53.6
Kjevik,SN39040,30.04.2022 10:50,55.4
Kjevik,SN39040,30.04.2022 11:20,53.6
Kjevik,SN39040,30.04.2022 11:50,55.4
Kjevik,SN39040,30.04.2022 12:20,55.4
Kjevik,SN39040,30.04.2022 12:50,55.4
Kjevik,SN39040,30.04.2022 13:20,55.4
Kjevik,SN39040,30.04.2022 13:50,53.6
Kjevik,SN39040,30.04.2022 14:20,53.6
Kjevik,SN39040,30.04.2022 14:50,53.6
Kjevik,SN39040,30.04.2022 15:20,51.8
Kjevik,SN39040,30.04.2022 15:50,51.8
Kjevik,SN39040,30.04.2022 16:20,51.8
Kjevik,SN39040,30.04.2022 16:50,50.0
Kjevik,SN39040,30.04.2022 17:20,50.0
Kjevik,SN39040,30.04.2022 17:50,50.0
Kjevik,SN39040,30.04.2022 18:20,50.0
Kjevik,SN39040,30.04.2022 18:50,48.2
Kjevik,SN39040,30.04.2022 19:20,48.2
Kjevik,SN39040,30.04.2022 19:50,48.2
Kjevik,SN39040,30.04.2022 20:20,48.2
Kjevik,SN39040,30.04.2022 20:50,48.2
Kjevik,SN39040,30.04.2022 21:20,46.4
Kjevik,SN39040,30.04.2022 21:50,44.6
Kjevik,SN39040,30.04.2022 22:20,42.8
Kjevik,SN39040,30.04.2022 22:50,42.8
Kjevik,SN39040,30.04.2022 23:20,42.8
Kjevik,SN39040,30.04.2022 23:50,42.8
Kjevik,SN39040,01.05.2022 00:20,42.8
Kjevik,SN39040,01.05.2022 00:50,39.2
Kjevik,SN39040,01.05.2022 01:20,37.4
Kjevik,SN39040,01.05.2022 01:50,37.4
Kjevik,SN39040,01.05.2022 02:20,35.6
Kjevik,SN39040,01.05.2022 02:50,35.6
Kjevik,SN39040,01.05.2022 03:20,35.6
Kjevik,SN39040,01.05.2022 03:50,33.8
Kjevik,SN39040,01.05.2022 04:20,33.8
Kjevik,SN39040,01.05.2022 04:50,33.8
Kjevik,SN39040,01.05.2022 05:20,33.8
Kjevik,SN39040,01.05.2022 05:50,33.8
Kjevik,SN39040,01.05.2022 06:20,37.4
Kjevik,SN39040,01.05.2022 06:50,41.0
Kjevik,SN39040,01.05.2022 07:20,44.6
Kjevik,SN39040,01.05.2022 07:50,48.2
Kjevik,SN39040,01.05.2022 08:20,51.8
Kjevik,SN39040,01.05.2022 08:50,53.6
Kjevik,SN39040,01.05.2022 09:20,53.6
Kjevik,SN39040,01.05.2022 09:50,53.6
Kjevik,SN39040,01.05.2022 10:20,53.6
Kjevik,SN39040,01.05.2022 10:50,55.4
Kjevik,SN39040,01.05.2022 11:20,55.4
Kjevik,SN39040,01.05.2022 11:50,55.4
Kjevik,SN39040,01.05.2022 12:20,55.4
Kjevik,SN39040,01.05.2022 12:50,55.4
Kjevik,SN39040,01.05.2022 13:20,55.4
Kjevik,SN39040,01.05.2022 13:50,55.4
Kjevik,SN39040,01.05.2022 14:20,55.4
Kjevik,SN39040,01.05.2022 14:50,53.6
Kjevik,SN39040,01.05.2022 15:20,55.4
Kjevik,SN39040,01.05.2022 15:50,55.4
Kjevik,SN39040,01.05.2022 16:20,55.4
Kjevik,SN39040,01.05.2022 16:50,53.6
Kjevik,SN39040,01.05.2022 17:20,53.6
Kjevik,SN39040,01.05.2022 17:50,53.6
Kjevik,SN39040,01.05.2022 18:20,53.6
Kjevik,SN39040,01.05.2022 18:50,53.6
Kjevik,SN39040,01.05.2022 19:20,53.6
Kjevik,SN39040,01.05.2022 19:50,53.6
Kjevik,SN39040,01.05.2022 20:20,51.8
Kjevik,SN39040,01.05.2022 20:50,51.8
Kjevik,SN39040,01.05.2022 21:20,50.0
Kjevik,SN39040,01.05.2022 21:50,48.2
Kjevik,SN39040,01.05.2022 22:20,44.6
Kjevik,SN39040,01.05.2022 22:50,42.8
Kjevik,SN39040,01.05.2022 23:20,41.0
Kjevik,SN39040,01.05.2022 23:50,39.2
Kjevik,SN39040,02.05.2022 00:20,37.4
Kjevik,SN39040,02.05.2022 00:50,37.4
Kjevik,SN39040,02.05.2022 01:20,37.4
Kjevik,SN39040,02.05.2022 01:50,35.6
Kjevik,SN39040,02.05.2022 02:20,35.6
Kjevik,SN39040,02.05.2022 02:50,33.8
Kjevik,SN39040,02.05.2022 03:20,33.8
Kjevik,SN39040,02.05.2022 03:50,32.0
Kjevik,SN39040,02.05.2022 04:20,33.8
Kjevik,SN39040,02.05.2022 04:50,33.8
Kjevik,SN39040,02.05.2022 05:20,35.6
Kjevik,SN39040,02.05.2022 05:50,41.0
Kjevik,SN39040,02.05.2022 06:20,44.6
Kjevik,SN39040,02.05.2022 06:50,46.4
Kjevik,SN39040,02.05.2022 07:20,46.4
Kjevik,SN39040,02.05.2022 07:50,46.4
Kjevik,SN39040,02.05.2022 08:20,48.2
Kjevik,SN39040,02.05.2022 08:50,50.0
Kjevik,SN39040,02.05.2022 09:20,51.8
Kjevik,SN39040,02.05.2022 09:50,53.6
Kjevik,SN39040,02.05.2022 10:20,53.6
Kjevik,SN39040,02.05.2022 10:50,53.6
Kjevik,SN39040,02.05.2022 11:20,53.6
Kjevik,SN39040,02.05.2022 11:50,53.6
Kjevik,SN39040,02.05.2022 12:20,53.6
Kjevik,SN39040,02.05.2022 12:50,53.6
Kjevik,SN39040,02.05.2022 13:20,53.6
Kjevik,SN39040,02.05.2022 13:50,53.6
Kjevik,SN39040,02.05.2022 14:20,55.4
Kjevik,SN39040,02.05.2022 14:50,55.4
Kjevik,SN39040,02.05.2022 15:20,55.4
Kjevik,SN39040,02.05.2022 15:50,57.2
Kjevik,SN39040,02.05.2022 16:20,57.2
Kjevik,SN39040,02.05.2022 16:50,55.4
Kjevik,SN39040,02.05.2022 17:20,55.4
Kjevik,SN39040,02.05.2022 17:50,57.2
Kjevik,SN39040,02.05.2022 18:20,57.2
Kjevik,SN39040,02.05.2022 18:50,55.4
Kjevik,SN39040,02.05.2022 19:20,53.6
Kjevik,SN39040,02.05.2022 19:50,51.8
Kjevik,SN39040,02.05.2022 20:20,51.8
Kjevik,SN39040,02.05.2022 20:50,50.0
Kjevik,SN39040,02.05.2022 21:20,50.0
Kjevik,SN39040,02.05.2022 21:50,48.2
Kjevik,SN39040,02.05.2022 22:20,48.2
Kjevik,SN39040,02.05.2022 22:50,46.4
Kjevik,SN39040,02.05.2022 23:20,44.6
Kjevik,SN39040,02.05.2022 23:50,44.6
Kjevik,SN39040,03.05.2022 00:20,42.8
Kjevik,SN39040,03.05.2022 00:50,44.6
Kjevik,SN39040,03.05.2022 01:20,42.8
Kjevik,SN39040,03.05.2022 01:50,35.6
Kjevik,SN39040,03.05.2022 02:20,35.6
Kjevik,SN39040,03.05.2022 02:50,35.6
Kjevik,SN39040,03.05.2022 03:20,33.8
Kjevik,SN39040,03.05.2022 03:50,32.0
Kjevik,SN39040,03.05.2022 04:20,33.8
Kjevik,SN39040,03.05.2022 04:50,30.2
Kjevik,SN39040,03.05.2022 05:20,33.8
Kjevik,SN39040,03.05.2022 05:50,35.6
Kjevik,SN39040,03.05.2022 06:20,39.2
Kjevik,SN39040,03.05.2022 06:50,42.8
Kjevik,SN39040,03.05.2022 07:20,46.4
Kjevik,SN39040,03.05.2022 07:50,48.2
Kjevik,SN39040,03.05.2022 08:20,50.0
Kjevik,SN39040,03.05.2022 08:50,50.0
Kjevik,SN39040,03.05.2022 09:20,50.0
Kjevik,SN39040,03.05.2022 09:50,50.0
Kjevik,SN39040,03.05.2022 10:20,51.8
Kjevik,SN39040,03.05.2022 10:50,51.8
Kjevik,SN39040,03.05.2022 11:20,51.8
Kjevik,SN39040,03.05.2022 11:50,51.8
Kjevik,SN39040,03.05.2022 12:20,53.6
Kjevik,SN39040,03.05.2022 12:50,53.6
Kjevik,SN39040,03.05.2022 13:20,53.6
Kjevik,SN39040,03.05.2022 13:50,53.6
Kjevik,SN39040,03.05.2022 14:20,51.8
Kjevik,SN39040,03.05.2022 14:50,50.0
Kjevik,SN39040,03.05.2022 15:20,50.0
Kjevik,SN39040,03.05.2022 15:50,50.0
Kjevik,SN39040,03.05.2022 16:20,50.0
Kjevik,SN39040,03.05.2022 16:50,50.0
Kjevik,SN39040,03.05.2022 17:20,50.0
Kjevik,SN39040,03.05.2022 17:50,51.8
Kjevik,SN39040,03.05.2022 18:20,51.8
Kjevik,SN39040,03.05.2022 18:50,51.8
Kjevik,SN39040,03.05.2022 19:20,50.0
Kjevik,SN39040,03.05.2022 19:50,50.0
Kjevik,SN39040,03.05.2022 20:20,48.2
Kjevik,SN39040,03.05.2022 20:50,48.2
Kjevik,SN39040,03.05.2022 21:20,46.4
Kjevik,SN39040,03.05.2022 21:50,46.4
Kjevik,SN39040,03.05.2022 22:20,41.0
Kjevik,SN39040,03.05.2022 22:50,41.0
Kjevik,SN39040,03.05.2022 23:20,39.2
Kjevik,SN39040,03.05.2022 23:50,37.4
Kjevik,SN39040,04.05.2022 00:20,37.4
Kjevik,SN39040,04.05.2022 00:50,35.6
Kjevik,SN39040,04.05.2022 01:20,35.6
Kjevik,SN39040,04.05.2022 01:50,33.8
Kjevik,SN39040,04.05.2022 02:20,33.8
Kjevik,SN39040,04.05.2022 02:50,33.8
Kjevik,SN39040,04.05.2022 03:20,32.0
Kjevik,SN39040,04.05.2022 03:50,32.0
Kjevik,SN39040,04.05.2022 04:20,32.0
Kjevik,SN39040,04.05.2022 04:50,32.0
Kjevik,SN39040,04.05.2022 05:20,32.0
Kjevik,SN39040,04.05.2022 05:50,33.8
Kjevik,SN39040,04.05.2022 06:20,35.6
Kjevik,SN39040,04.05.2022 06:50,37.4
Kjevik,SN39040,04.05.2022 07:20,39.2
Kjevik,SN39040,04.05.2022 07:50,46.4
Kjevik,SN39040,04.05.2022 08:20,46.4
Kjevik,SN39040,04.05.2022 08:50,46.4
Kjevik,SN39040,04.05.2022 09:20,46.4
Kjevik,SN39040,04.05.2022 09:50,48.2
Kjevik,SN39040,04.05.2022 10:20,48.2
Kjevik,SN39040,04.05.2022 10:50,48.2
Kjevik,SN39040,04.05.2022 11:20,48.2
Kjevik,SN39040,04.05.2022 11:50,50.0
Kjevik,SN39040,04.05.2022 12:20,50.0
Kjevik,SN39040,04.05.2022 12:50,51.8
Kjevik,SN39040,04.05.2022 13:20,50.0
Kjevik,SN39040,04.05.2022 13:50,50.0
Kjevik,SN39040,04.05.2022 14:20,51.8
Kjevik,SN39040,04.05.2022 14:50,51.8
Kjevik,SN39040,04.05.2022 15:20,51.8
Kjevik,SN39040,04.05.2022 15:50,51.8
Kjevik,SN39040,04.05.2022 16:20,51.8
Kjevik,SN39040,04.05.2022 16:50,53.6
Kjevik,SN39040,04.05.2022 17:20,51.8
Kjevik,SN39040,04.05.2022 17:50,51.8
Kjevik,SN39040,04.05.2022 18:20,51.8
Kjevik,SN39040,04.05.2022 18:50,51.8
Kjevik,SN39040,04.05.2022 19:20,50.0
Kjevik,SN39040,04.05.2022 19:50,50.0
Kjevik,SN39040,04.05.2022 20:20,48.2
Kjevik,SN39040,04.05.2022 20:50,48.2
Kjevik,SN39040,04.05.2022 21:20,46.4
Kjevik,SN39040,04.05.2022 21:50,46.4
Kjevik,SN39040,04.05.2022 22:20,46.4
Kjevik,SN39040,04.05.2022 22:50,46.4
Kjevik,SN39040,04.05.2022 23:20,44.6
Kjevik,SN39040,04.05.2022 23:50,44.6
Kjevik,SN39040,05.05.2022 00:20,44.6
Kjevik,SN39040,05.05.2022 00:50,44.6
Kjevik,SN39040,05.05.2022 01:50,46.4
Kjevik,SN39040,05.05.2022 02:20,46.4
Kjevik,SN39040,05.05.2022 02:50,46.4
Kjevik,SN39040,05.05.2022 03:20,46.4
Kjevik,SN39040,05.05.2022 03:50,46.4
Kjevik,SN39040,05.05.2022 04:20,46.4
Kjevik,SN39040,05.05.2022 04:50,46.4
Kjevik,SN39040,05.05.2022 05:20,48.2
Kjevik,SN39040,05.05.2022 05:50,48.2
Kjevik,SN39040,05.05.2022 06:20,50.0
Kjevik,SN39040,05.05.2022 06:50,50.0
Kjevik,SN39040,05.05.2022 07:20,51.8
Kjevik,SN39040,05.05.2022 07:50,53.6
Kjevik,SN39040,05.05.2022 08:20,55.4
Kjevik,SN39040,05.05.2022 08:50,53.6
Kjevik,SN39040,05.05.2022 09:20,53.6
Kjevik,SN39040,05.05.2022 09:50,53.6
Kjevik,SN39040,05.05.2022 10:20,55.4
Kjevik,SN39040,05.05.2022 10:50,57.2
Kjevik,SN39040,05.05.2022 11:20,57.2
Kjevik,SN39040,05.05.2022 11:50,59.0
Kjevik,SN39040,05.05.2022 12:20,59.0
Kjevik,SN39040,05.05.2022 12:50,59.0
Kjevik,SN39040,05.05.2022 13:20,59.0
Kjevik,SN39040,05.05.2022 13:50,60.8
Kjevik,SN39040,05.05.2022 14:20,62.6
Kjevik,SN39040,05.05.2022 14:50,62.6
Kjevik,SN39040,05.05.2022 15:20,62.6
Kjevik,SN39040,05.05.2022 15:50,62.6
Kjevik,SN39040,05.05.2022 16:20,62.6
Kjevik,SN39040,05.05.2022 16:50,60.8
Kjevik,SN39040,05.05.2022 17:20,60.8
Kjevik,SN39040,05.05.2022 17:50,60.8
Kjevik,SN39040,05.05.2022 18:20,59.0
Kjevik,SN39040,05.05.2022 18:50,57.2
Kjevik,SN39040,05.05.2022 19:20,57.2
Kjevik,SN39040,05.05.2022 19:50,55.4
Kjevik,SN39040,05.05.2022 20:20,53.6
Kjevik,SN39040,05.05.2022 20:50,51.8
Kjevik,SN39040,05.05.2022 21:20,51.8
Kjevik,SN39040,05.05.2022 21:50,50.0
Kjevik,SN39040,05.05.2022 22:20,50.0
Kjevik,SN39040,05.05.2022 22:50,50.0
Kjevik,SN39040,05.05.2022 23:20,50.0
Kjevik,SN39040,05.05.2022 23:50,50.0
Kjevik,SN39040,06.05.2022 00:20,50.0
Kjevik,SN39040,06.05.2022 00:50,48.2
Kjevik,SN39040,06.05.2022 01:20,48.2
Kjevik,SN39040,06.05.2022 01:50,48.2
Kjevik,SN39040,06.05.2022 02:20,48.2
Kjevik,SN39040,06.05.2022 02:50,48.2
Kjevik,SN39040,06.05.2022 03:20,48.2
Kjevik,SN39040,06.05.2022 03:50,50.0
Kjevik,SN39040,06.05.2022 04:20,50.0
Kjevik,SN39040,06.05.2022 04:50,50.0
Kjevik,SN39040,06.05.2022 05:20,50.0
Kjevik,SN39040,06.05.2022 05:50,50.0
Kjevik,SN39040,06.05.2022 06:20,50.0
Kjevik,SN39040,06.05.2022 06:50,50.0
Kjevik,SN39040,06.05.2022 07:20,51.8
Kjevik,SN39040,06.05.2022 07:50,53.6
Kjevik,SN39040,06.05.2022 08:20,53.6
Kjevik,SN39040,06.05.2022 08:50,55.4
Kjevik,SN39040,06.05.2022 09:20,55.4
Kjevik,SN39040,06.05.2022 09:50,55.4
Kjevik,SN39040,06.05.2022 10:20,55.4
Kjevik,SN39040,06.05.2022 10:50,53.6
Kjevik,SN39040,06.05.2022 11:20,53.6
Kjevik,SN39040,06.05.2022 11:50,53.6
Kjevik,SN39040,06.05.2022 12:20,55.4
Kjevik,SN39040,06.05.2022 12:50,55.4
Kjevik,SN39040,06.05.2022 13:20,57.2
Kjevik,SN39040,06.05.2022 13:50,55.4
Kjevik,SN39040,06.05.2022 14:20,53.6
Kjevik,SN39040,06.05.2022 14:50,53.6
Kjevik,SN39040,06.05.2022 15:20,53.6
Kjevik,SN39040,06.05.2022 15:50,51.8
Kjevik,SN39040,06.05.2022 16:20,51.8
Kjevik,SN39040,06.05.2022 16:50,51.8
Kjevik,SN39040,06.05.2022 17:20,51.8
Kjevik,SN39040,06.05.2022 17:50,51.8
Kjevik,SN39040,06.05.2022 18:20,51.8
Kjevik,SN39040,06.05.2022 18:50,51.8
Kjevik,SN39040,06.05.2022 19:20,51.8
Kjevik,SN39040,06.05.2022 19:50,51.8
Kjevik,SN39040,06.05.2022 20:20,51.8
Kjevik,SN39040,06.05.2022 20:50,50.0
Kjevik,SN39040,06.05.2022 21:20,50.0
Kjevik,SN39040,06.05.2022 21:50,51.8
Kjevik,SN39040,06.05.2022 22:20,50.0
Kjevik,SN39040,06.05.2022 22:50,50.0
Kjevik,SN39040,06.05.2022 23:20,50.0
Kjevik,SN39040,06.05.2022 23:50,50.0
Kjevik,SN39040,07.05.2022 00:20,50.0
Kjevik,SN39040,07.05.2022 00:50,48.2
Kjevik,SN39040,07.05.2022 01:20,48.2
Kjevik,SN39040,07.05.2022 01:50,48.2
Kjevik,SN39040,07.05.2022 02:20,46.4
Kjevik,SN39040,07.05.2022 02:50,46.4
Kjevik,SN39040,07.05.2022 03:20,46.4
Kjevik,SN39040,07.05.2022 03:50,46.4
Kjevik,SN39040,07.05.2022 04:20,46.4
Kjevik,SN39040,07.05.2022 04:50,46.4
Kjevik,SN39040,07.05.2022 05:20,46.4
Kjevik,SN39040,07.05.2022 05:50,48.2
Kjevik,SN39040,07.05.2022 06:20,50.0
Kjevik,SN39040,07.05.2022 06:50,50.0
Kjevik,SN39040,07.05.2022 07:20,50.0
Kjevik,SN39040,07.05.2022 07:50,51.8
Kjevik,SN39040,07.05.2022 08:20,51.8
Kjevik,SN39040,07.05.2022 08:50,53.6
Kjevik,SN39040,07.05.2022 09:20,55.4
Kjevik,SN39040,07.05.2022 09:50,55.4
Kjevik,SN39040,07.05.2022 10:20,57.2
Kjevik,SN39040,07.05.2022 10:50,57.2
Kjevik,SN39040,07.05.2022 11:20,59.0
Kjevik,SN39040,07.05.2022 11:50,59.0
Kjevik,SN39040,07.05.2022 12:20,60.8
Kjevik,SN39040,07.05.2022 12:50,59.0
Kjevik,SN39040,07.05.2022 13:20,59.0
Kjevik,SN39040,07.05.2022 13:50,60.8
Kjevik,SN39040,07.05.2022 14:20,60.8
Kjevik,SN39040,07.05.2022 14:50,60.8
Kjevik,SN39040,07.05.2022 15:20,60.8
Kjevik,SN39040,07.05.2022 15:50,60.8
Kjevik,SN39040,07.05.2022 16:20,60.8
Kjevik,SN39040,07.05.2022 16:50,60.8
Kjevik,SN39040,07.05.2022 17:20,59.0
Kjevik,SN39040,07.05.2022 17:50,59.0
Kjevik,SN39040,07.05.2022 18:20,57.2
Kjevik,SN39040,07.05.2022 18:50,55.4
Kjevik,SN39040,07.05.2022 19:20,55.4
Kjevik,SN39040,07.05.2022 19:50,53.6
Kjevik,SN39040,07.05.2022 20:20,51.8
Kjevik,SN39040,07.05.2022 20:50,51.8
Kjevik,SN39040,07.05.2022 21:20,50.0
Kjevik,SN39040,07.05.2022 21:50,50.0
Kjevik,SN39040,07.05.2022 22:20,48.2
Kjevik,SN39040,07.05.2022 22:50,46.4
Kjevik,SN39040,07.05.2022 23:20,46.4
Kjevik,SN39040,07.05.2022 23:50,46.4
Kjevik,SN39040,08.05.2022 00:20,41.0
Kjevik,SN39040,08.05.2022 00:50,39.2
Kjevik,SN39040,08.05.2022 01:20,35.6
Kjevik,SN39040,08.05.2022 01:50,35.6
Kjevik,SN39040,08.05.2022 02:20,33.8
Kjevik,SN39040,08.05.2022 02:50,33.8
Kjevik,SN39040,08.05.2022 03:20,33.8
Kjevik,SN39040,08.05.2022 03:50,33.8
Kjevik,SN39040,08.05.2022 04:20,35.6
Kjevik,SN39040,08.05.2022 04:50,35.6
Kjevik,SN39040,08.05.2022 05:20,35.6
Kjevik,SN39040,08.05.2022 05:50,37.4
Kjevik,SN39040,08.05.2022 06:20,41.0
Kjevik,SN39040,08.05.2022 06:50,44.6
Kjevik,SN39040,08.05.2022 07:20,50.0
Kjevik,SN39040,08.05.2022 07:50,50.0
Kjevik,SN39040,08.05.2022 08:20,51.8
Kjevik,SN39040,08.05.2022 08:50,53.6
Kjevik,SN39040,08.05.2022 09:20,53.6
Kjevik,SN39040,08.05.2022 09:50,55.4
Kjevik,SN39040,08.05.2022 10:20,53.6
Kjevik,SN39040,08.05.2022 10:50,53.6
Kjevik,SN39040,08.05.2022 11:20,53.6
Kjevik,SN39040,08.05.2022 11:50,53.6
Kjevik,SN39040,08.05.2022 12:20,53.6
Kjevik,SN39040,08.05.2022 12:50,55.4
Kjevik,SN39040,08.05.2022 13:20,55.4
Kjevik,SN39040,08.05.2022 13:50,55.4
Kjevik,SN39040,08.05.2022 14:20,55.4
Kjevik,SN39040,08.05.2022 14:50,53.6
Kjevik,SN39040,08.05.2022 15:20,51.8
Kjevik,SN39040,08.05.2022 15:50,51.8
Kjevik,SN39040,08.05.2022 16:20,51.8
Kjevik,SN39040,08.05.2022 16:50,51.8
Kjevik,SN39040,08.05.2022 17:20,51.8
Kjevik,SN39040,08.05.2022 17:50,50.0
Kjevik,SN39040,08.05.2022 18:20,50.0
Kjevik,SN39040,08.05.2022 18:50,50.0
Kjevik,SN39040,08.05.2022 19:20,48.2
Kjevik,SN39040,08.05.2022 19:50,48.2
Kjevik,SN39040,08.05.2022 20:20,48.2
Kjevik,SN39040,08.05.2022 20:50,46.4
Kjevik,SN39040,08.05.2022 21:20,46.4
Kjevik,SN39040,08.05.2022 21:50,46.4
Kjevik,SN39040,08.05.2022 22:20,44.6
Kjevik,SN39040,08.05.2022 22:50,41.0
Kjevik,SN39040,08.05.2022 23:20,39.2
Kjevik,SN39040,08.05.2022 23:50,37.4
Kjevik,SN39040,09.05.2022 00:20,37.4
Kjevik,SN39040,09.05.2022 00:50,37.4
Kjevik,SN39040,09.05.2022 01:20,35.6
Kjevik,SN39040,09.05.2022 01:50,37.4
Kjevik,SN39040,09.05.2022 02:20,35.6
Kjevik,SN39040,09.05.2022 02:50,35.6
Kjevik,SN39040,09.05.2022 03:20,35.6
Kjevik,SN39040,09.05.2022 03:50,35.6
Kjevik,SN39040,09.05.2022 04:20,33.8
Kjevik,SN39040,09.05.2022 04:50,33.8
Kjevik,SN39040,09.05.2022 05:20,33.8
Kjevik,SN39040,09.05.2022 05:50,33.8
Kjevik,SN39040,09.05.2022 06:20,39.2
Kjevik,SN39040,09.05.2022 06:50,39.2
Kjevik,SN39040,09.05.2022 07:20,44.6
Kjevik,SN39040,09.05.2022 07:50,48.2
Kjevik,SN39040,09.05.2022 08:20,53.6
Kjevik,SN39040,09.05.2022 08:50,51.8
Kjevik,SN39040,09.05.2022 09:20,51.8
Kjevik,SN39040,09.05.2022 09:50,53.6
Kjevik,SN39040,09.05.2022 10:20,53.6
Kjevik,SN39040,09.05.2022 10:50,53.6
Kjevik,SN39040,09.05.2022 11:20,53.6
Kjevik,SN39040,09.05.2022 11:50,53.6
Kjevik,SN39040,09.05.2022 12:20,55.4
Kjevik,SN39040,09.05.2022 12:50,55.4
Kjevik,SN39040,09.05.2022 13:20,55.4
Kjevik,SN39040,09.05.2022 13:50,53.6
Kjevik,SN39040,09.05.2022 14:20,55.4
Kjevik,SN39040,09.05.2022 14:50,55.4
Kjevik,SN39040,09.05.2022 15:20,55.4
Kjevik,SN39040,09.05.2022 15:50,55.4
Kjevik,SN39040,09.05.2022 16:20,55.4
Kjevik,SN39040,09.05.2022 16:50,53.6
Kjevik,SN39040,09.05.2022 17:20,53.6
Kjevik,SN39040,09.05.2022 17:50,53.6
Kjevik,SN39040,09.05.2022 18:20,53.6
Kjevik,SN39040,09.05.2022 18:50,51.8
Kjevik,SN39040,09.05.2022 19:20,51.8
Kjevik,SN39040,09.05.2022 19:50,50.0
Kjevik,SN39040,09.05.2022 20:20,50.0
Kjevik,SN39040,09.05.2022 20:50,48.2
Kjevik,SN39040,09.05.2022 21:20,48.2
Kjevik,SN39040,09.05.2022 21:50,46.4
Kjevik,SN39040,09.05.2022 22:20,46.4
Kjevik,SN39040,09.05.2022 22:50,44.6
Kjevik,SN39040,09.05.2022 23:20,44.6
Kjevik,SN39040,09.05.2022 23:50,42.8
Kjevik,SN39040,10.05.2022 00:20,42.8
Kjevik,SN39040,10.05.2022 00:50,42.8
Kjevik,SN39040,10.05.2022 01:20,44.6
Kjevik,SN39040,10.05.2022 01:50,44.6
Kjevik,SN39040,10.05.2022 02:20,44.6
Kjevik,SN39040,10.05.2022 02:50,44.6
Kjevik,SN39040,10.05.2022 03:20,44.6
Kjevik,SN39040,10.05.2022 03:50,44.6
Kjevik,SN39040,10.05.2022 04:20,44.6
Kjevik,SN39040,10.05.2022 04:50,44.6
Kjevik,SN39040,10.05.2022 05:20,46.4
Kjevik,SN39040,10.05.2022 05:50,50.0
Kjevik,SN39040,10.05.2022 06:20,50.0
Kjevik,SN39040,10.05.2022 06:50,50.0
Kjevik,SN39040,10.05.2022 07:20,50.0
Kjevik,SN39040,10.05.2022 07:50,50.0
Kjevik,SN39040,10.05.2022 08:20,50.0
Kjevik,SN39040,10.05.2022 08:50,50.0
Kjevik,SN39040,10.05.2022 09:20,51.8
Kjevik,SN39040,10.05.2022 09:50,51.8
Kjevik,SN39040,10.05.2022 10:20,51.8
Kjevik,SN39040,10.05.2022 10:50,51.8
Kjevik,SN39040,10.05.2022 11:20,51.8
Kjevik,SN39040,10.05.2022 11:50,51.8
Kjevik,SN39040,10.05.2022 12:20,51.8
Kjevik,SN39040,10.05.2022 12:50,51.8
Kjevik,SN39040,10.05.2022 13:20,51.8
Kjevik,SN39040,10.05.2022 13:50,51.8
Kjevik,SN39040,10.05.2022 14:20,51.8
Kjevik,SN39040,10.05.2022 14:50,51.8
Kjevik,SN39040,10.05.2022 15:20,51.8
Kjevik,SN39040,10.05.2022 15:50,51.8
Kjevik,SN39040,10.05.2022 16:20,55.4
Kjevik,SN39040,10.05.2022 16:50,55.4
Kjevik,SN39040,10.05.2022 17:20,55.4
Kjevik,SN39040,10.05.2022 17:50,55.4
Kjevik,SN39040,10.05.2022 18:20,53.6
Kjevik,SN39040,10.05.2022 18:50,53.6
Kjevik,SN39040,10.05.2022 19:20,51.8
Kjevik,SN39040,10.05.2022 19:50,51.8
Kjevik,SN39040,10.05.2022 20:20,50.0
Kjevik,SN39040,10.05.2022 20:50,50.0
Kjevik,SN39040,10.05.2022 21:20,50.0
Kjevik,SN39040,10.05.2022 21:50,48.2
Kjevik,SN39040,10.05.2022 22:20,48.2
Kjevik,SN39040,10.05.2022 22:50,48.2
Kjevik,SN39040,10.05.2022 23:20,48.2
Kjevik,SN39040,11.05.2022 00:50,50.0
Kjevik,SN39040,11.05.2022 01:20,50.0
Kjevik,SN39040,11.05.2022 01:50,50.0
Kjevik,SN39040,11.05.2022 02:20,50.0
Kjevik,SN39040,11.05.2022 02:50,50.0
Kjevik,SN39040,11.05.2022 03:20,50.0
Kjevik,SN39040,11.05.2022 03:50,48.2
Kjevik,SN39040,11.05.2022 04:20,48.2
Kjevik,SN39040,11.05.2022 04:50,48.2
Kjevik,SN39040,11.05.2022 05:20,48.2
Kjevik,SN39040,11.05.2022 05:50,48.2
Kjevik,SN39040,11.05.2022 06:20,50.0
Kjevik,SN39040,11.05.2022 06:50,50.0
Kjevik,SN39040,11.05.2022 07:20,50.0
Kjevik,SN39040,11.05.2022 07:50,50.0
Kjevik,SN39040,11.05.2022 08:20,50.0
Kjevik,SN39040,11.05.2022 08:50,50.0
Kjevik,SN39040,11.05.2022 09:20,50.0
Kjevik,SN39040,11.05.2022 09:50,50.0
Kjevik,SN39040,11.05.2022 10:20,50.0
Kjevik,SN39040,11.05.2022 10:50,50.0
Kjevik,SN39040,11.05.2022 11:20,50.0
Kjevik,SN39040,11.05.2022 11:50,50.0
Kjevik,SN39040,11.05.2022 12:20,50.0
Kjevik,SN39040,11.05.2022 12:50,51.8
Kjevik,SN39040,11.05.2022 13:20,53.6
Kjevik,SN39040,11.05.2022 13:50,55.4
Kjevik,SN39040,11.05.2022 14:20,55.4
Kjevik,SN39040,11.05.2022 14:50,53.6
Kjevik,SN39040,11.05.2022 15:20,55.4
Kjevik,SN39040,11.05.2022 15:50,55.4
Kjevik,SN39040,11.05.2022 16:20,55.4
Kjevik,SN39040,11.05.2022 16:50,53.6
Kjevik,SN39040,11.05.2022 17:20,53.6
Kjevik,SN39040,11.05.2022 17:50,53.6
Kjevik,SN39040,11.05.2022 18:20,51.8
Kjevik,SN39040,11.05.2022 18:50,51.8
Kjevik,SN39040,11.05.2022 19:20,51.8
Kjevik,SN39040,11.05.2022 19:50,50.0
Kjevik,SN39040,11.05.2022 20:20,50.0
Kjevik,SN39040,11.05.2022 20:50,50.0
Kjevik,SN39040,11.05.2022 21:20,48.2
Kjevik,SN39040,11.05.2022 21:50,48.2
Kjevik,SN39040,11.05.2022 22:20,48.2
Kjevik,SN39040,11.05.2022 22:50,48.2
Kjevik,SN39040,11.05.2022 23:20,46.4
Kjevik,SN39040,11.05.2022 23:50,46.4
Kjevik,SN39040,12.05.2022 00:20,48.2
Kjevik,SN39040,12.05.2022 00:50,46.4
Kjevik,SN39040,12.05.2022 01:20,48.2
Kjevik,SN39040,12.05.2022 01:50,48.2
Kjevik,SN39040,12.05.2022 02:20,48.2
Kjevik,SN39040,12.05.2022 02:50,48.2
Kjevik,SN39040,12.05.2022 03:20,48.2
Kjevik,SN39040,12.05.2022 03:50,48.2
Kjevik,SN39040,12.05.2022 04:20,48.2
Kjevik,SN39040,12.05.2022 04:50,48.2
Kjevik,SN39040,12.05.2022 05:20,48.2
Kjevik,SN39040,12.05.2022 05:50,48.2
Kjevik,SN39040,12.05.2022 06:20,50.0
Kjevik,SN39040,12.05.2022 06:50,50.0
Kjevik,SN39040,12.05.2022 07:20,51.8
Kjevik,SN39040,12.05.2022 07:50,51.8
Kjevik,SN39040,12.05.2022 08:20,51.8
Kjevik,SN39040,12.05.2022 08:50,53.6
Kjevik,SN39040,12.05.2022 09:20,53.6
Kjevik,SN39040,12.05.2022 09:50,51.8
Kjevik,SN39040,12.05.2022 10:20,51.8
Kjevik,SN39040,12.05.2022 10:50,51.8
Kjevik,SN39040,12.05.2022 11:20,55.4
Kjevik,SN39040,12.05.2022 11:50,55.4
Kjevik,SN39040,12.05.2022 12:20,53.6
Kjevik,SN39040,12.05.2022 12:50,57.2
Kjevik,SN39040,12.05.2022 13:20,57.2
Kjevik,SN39040,12.05.2022 13:50,57.2
Kjevik,SN39040,12.05.2022 14:20,53.6
Kjevik,SN39040,12.05.2022 14:50,55.4
Kjevik,SN39040,12.05.2022 15:20,57.2
Kjevik,SN39040,12.05.2022 15:50,57.2
Kjevik,SN39040,12.05.2022 16:20,57.2
Kjevik,SN39040,12.05.2022 16:50,57.2
Kjevik,SN39040,12.05.2022 17:20,53.6
Kjevik,SN39040,12.05.2022 17:50,53.6
Kjevik,SN39040,12.05.2022 18:20,53.6
Kjevik,SN39040,12.05.2022 18:50,51.8
Kjevik,SN39040,12.05.2022 19:20,51.8
Kjevik,SN39040,12.05.2022 19:50,50.0
Kjevik,SN39040,12.05.2022 20:20,50.0
Kjevik,SN39040,12.05.2022 20:50,48.2
Kjevik,SN39040,12.05.2022 21:20,48.2
Kjevik,SN39040,12.05.2022 21:50,48.2
Kjevik,SN39040,12.05.2022 22:20,46.4
Kjevik,SN39040,12.05.2022 22:50,46.4
Kjevik,SN39040,12.05.2022 23:20,44.6
Kjevik,SN39040,12.05.2022 23:50,46.4
Kjevik,SN39040,13.05.2022 00:20,46.4
Kjevik,SN39040,13.05.2022 00:50,46.4
Kjevik,SN39040,13.05.2022 01:20,46.4
Kjevik,SN39040,13.05.2022 01:50,46.4
Kjevik,SN39040,13.05.2022 02:20,46.4
Kjevik,SN39040,13.05.2022 03:20,46.4
Kjevik,SN39040,13.05.2022 04:50,46.4
Kjevik,SN39040,13.05.2022 05:20,46.4
Kjevik,SN39040,13.05.2022 05:50,48.2
Kjevik,SN39040,13.05.2022 06:20,48.2
Kjevik,SN39040,13.05.2022 06:50,48.2
Kjevik,SN39040,13.05.2022 07:20,50.0
Kjevik,SN39040,13.05.2022 07:50,51.8
Kjevik,SN39040,13.05.2022 08:20,51.8
Kjevik,SN39040,13.05.2022 08:50,51.8
Kjevik,SN39040,13.05.2022 09:20,51.8
Kjevik,SN39040,13.05.2022 09:50,53.6
Kjevik,SN39040,13.05.2022 10:20,53.6
Kjevik,SN39040,13.05.2022 10:50,55.4
Kjevik,SN39040,13.05.2022 11:20,53.6
Kjevik,SN39040,13.05.2022 11:50,51.8
Kjevik,SN39040,13.05.2022 12:20,53.6
Kjevik,SN39040,13.05.2022 12:50,55.4
Kjevik,SN39040,13.05.2022 13:20,53.6
Kjevik,SN39040,13.05.2022 13:50,55.4
Kjevik,SN39040,13.05.2022 14:20,55.4
Kjevik,SN39040,13.05.2022 14:50,53.6
Kjevik,SN39040,13.05.2022 15:20,53.6
Kjevik,SN39040,13.05.2022 15:50,55.4
Kjevik,SN39040,13.05.2022 16:20,55.4
Kjevik,SN39040,13.05.2022 16:50,53.6
Kjevik,SN39040,13.05.2022 17:20,53.6
Kjevik,SN39040,13.05.2022 17:50,53.6
Kjevik,SN39040,13.05.2022 18:20,53.6
Kjevik,SN39040,13.05.2022 18:50,51.8
Kjevik,SN39040,13.05.2022 19:20,51.8
Kjevik,SN39040,13.05.2022 19:50,51.8
Kjevik,SN39040,13.05.2022 20:20,51.8
Kjevik,SN39040,13.05.2022 20:50,51.8
Kjevik,SN39040,13.05.2022 21:20,51.8
Kjevik,SN39040,13.05.2022 21:50,51.8
Kjevik,SN39040,13.05.2022 22:20,51.8
Kjevik,SN39040,13.05.2022 22:50,51.8
Kjevik,SN39040,13.05.2022 23:20,51.8
Kjevik,SN39040,13.05.2022 23:50,51.8
Kjevik,SN39040,14.05.2022 00:20,51.8
Kjevik,SN39040,14.05.2022 00:50,51.8
Kjevik,SN39040,14.05.2022 01:20,51.8
Kjevik,SN39040,14.05.2022 01:50,51.8
Kjevik,SN39040,14.05.2022 02:20,51.8
Kjevik,SN39040,14.05.2022 02:50,50.0
Kjevik,SN39040,14.05.2022 03:20,50.0
Kjevik,SN39040,14.05.2022 03:50,50.0
Kjevik,SN39040,14.05.2022 04:20,50.0
Kjevik,SN39040,14.05.2022 04:50,50.0
Kjevik,SN39040,14.05.2022 05:20,50.0
Kjevik,SN39040,14.05.2022 05:50,50.0
Kjevik,SN39040,14.05.2022 06:20,50.0
Kjevik,SN39040,14.05.2022 06:50,51.8
Kjevik,SN39040,14.05.2022 07:20,51.8
Kjevik,SN39040,14.05.2022 07:50,51.8
Kjevik,SN39040,14.05.2022 08:20,51.8
Kjevik,SN39040,14.05.2022 08:50,53.6
Kjevik,SN39040,14.05.2022 09:20,53.6
Kjevik,SN39040,14.05.2022 09:50,53.6
Kjevik,SN39040,14.05.2022 10:20,55.4
Kjevik,SN39040,14.05.2022 10:50,55.4
Kjevik,SN39040,14.05.2022 11:20,57.2
Kjevik,SN39040,14.05.2022 11:50,59.0
Kjevik,SN39040,14.05.2022 12:20,57.2
Kjevik,SN39040,14.05.2022 12:50,59.0
Kjevik,SN39040,14.05.2022 13:20,60.8
Kjevik,SN39040,14.05.2022 13:50,60.8
Kjevik,SN39040,14.05.2022 14:20,60.8
Kjevik,SN39040,14.05.2022 14:50,60.8
Kjevik,SN39040,14.05.2022 15:20,60.8
Kjevik,SN39040,14.05.2022 15:50,60.8
Kjevik,SN39040,14.05.2022 16:20,59.0
Kjevik,SN39040,14.05.2022 16:50,59.0
Kjevik,SN39040,14.05.2022 17:20,57.2
Kjevik,SN39040,14.05.2022 17:50,57.2
Kjevik,SN39040,14.05.2022 18:20,55.4
Kjevik,SN39040,14.05.2022 18:50,55.4
Kjevik,SN39040,14.05.2022 19:20,53.6
Kjevik,SN39040,14.05.2022 19:50,53.6
Kjevik,SN39040,14.05.2022 20:20,53.6
Kjevik,SN39040,14.05.2022 20:50,51.8
Kjevik,SN39040,14.05.2022 21:20,51.8
Kjevik,SN39040,14.05.2022 21:50,51.8
Kjevik,SN39040,14.05.2022 22:20,50.0
Kjevik,SN39040,14.05.2022 22:50,48.2
Kjevik,SN39040,14.05.2022 23:20,44.6
Kjevik,SN39040,14.05.2022 23:50,44.6
Kjevik,SN39040,15.05.2022 00:20,46.4
Kjevik,SN39040,15.05.2022 00:50,46.4
Kjevik,SN39040,15.05.2022 01:20,46.4
Kjevik,SN39040,15.05.2022 01:50,46.4
Kjevik,SN39040,15.05.2022 02:20,46.4
Kjevik,SN39040,15.05.2022 02:50,44.6
Kjevik,SN39040,15.05.2022 03:20,41.0
Kjevik,SN39040,15.05.2022 03:50,41.0
Kjevik,SN39040,15.05.2022 04:20,39.2
Kjevik,SN39040,15.05.2022 04:50,39.2
Kjevik,SN39040,15.05.2022 05:20,41.0
Kjevik,SN39040,15.05.2022 05:50,42.8
Kjevik,SN39040,15.05.2022 06:20,48.2
Kjevik,SN39040,15.05.2022 06:50,48.2
Kjevik,SN39040,15.05.2022 07:20,51.8
Kjevik,SN39040,15.05.2022 07:50,53.6
Kjevik,SN39040,15.05.2022 08:20,55.4
Kjevik,SN39040,15.05.2022 08:50,57.2
Kjevik,SN39040,15.05.2022 09:20,59.0
Kjevik,SN39040,15.05.2022 09:50,60.8
Kjevik,SN39040,15.05.2022 10:20,62.6
Kjevik,SN39040,15.05.2022 10:50,62.6
Kjevik,SN39040,15.05.2022 11:20,60.8
Kjevik,SN39040,15.05.2022 11:50,62.6
Kjevik,SN39040,15.05.2022 12:20,62.6
Kjevik,SN39040,15.05.2022 12:50,60.8
Kjevik,SN39040,15.05.2022 13:20,62.6
Kjevik,SN39040,15.05.2022 13:50,62.6
Kjevik,SN39040,15.05.2022 14:20,62.6
Kjevik,SN39040,15.05.2022 14:50,62.6
Kjevik,SN39040,15.05.2022 15:20,60.8
Kjevik,SN39040,15.05.2022 15:50,64.4
Kjevik,SN39040,15.05.2022 16:20,64.4
Kjevik,SN39040,15.05.2022 16:50,60.8
Kjevik,SN39040,15.05.2022 17:20,62.6
Kjevik,SN39040,15.05.2022 17:50,60.8
Kjevik,SN39040,15.05.2022 18:20,59.0
Kjevik,SN39040,15.05.2022 18:50,62.6
Kjevik,SN39040,15.05.2022 19:20,60.8
Kjevik,SN39040,15.05.2022 19:50,59.0
Kjevik,SN39040,15.05.2022 20:20,57.2
Kjevik,SN39040,15.05.2022 20:50,57.2
Kjevik,SN39040,15.05.2022 21:20,53.6
Kjevik,SN39040,15.05.2022 21:50,51.8
Kjevik,SN39040,15.05.2022 22:20,50.0
Kjevik,SN39040,15.05.2022 22:50,50.0
Kjevik,SN39040,15.05.2022 23:20,48.2
Kjevik,SN39040,15.05.2022 23:50,50.0
Kjevik,SN39040,16.05.2022 00:20,50.0
Kjevik,SN39040,16.05.2022 00:50,50.0
Kjevik,SN39040,16.05.2022 01:20,48.2
Kjevik,SN39040,16.05.2022 01:50,48.2
Kjevik,SN39040,16.05.2022 02:20,48.2
Kjevik,SN39040,16.05.2022 02:50,48.2
Kjevik,SN39040,16.05.2022 03:20,46.4
Kjevik,SN39040,16.05.2022 03:50,48.2
Kjevik,SN39040,16.05.2022 04:20,46.4
Kjevik,SN39040,16.05.2022 04:50,46.4
Kjevik,SN39040,16.05.2022 05:20,50.0
Kjevik,SN39040,16.05.2022 05:50,51.8
Kjevik,SN39040,16.05.2022 06:20,51.8
Kjevik,SN39040,16.05.2022 06:50,53.6
Kjevik,SN39040,16.05.2022 07:20,53.6
Kjevik,SN39040,16.05.2022 07:50,55.4
Kjevik,SN39040,16.05.2022 08:20,55.4
Kjevik,SN39040,16.05.2022 08:50,55.4
Kjevik,SN39040,16.05.2022 09:20,55.4
Kjevik,SN39040,16.05.2022 09:50,55.4
Kjevik,SN39040,16.05.2022 10:20,53.6
Kjevik,SN39040,16.05.2022 10:50,55.4
Kjevik,SN39040,16.05.2022 11:20,57.2
Kjevik,SN39040,16.05.2022 11:50,55.4
Kjevik,SN39040,16.05.2022 12:20,57.2
Kjevik,SN39040,16.05.2022 12:50,57.2
Kjevik,SN39040,16.05.2022 13:20,57.2
Kjevik,SN39040,16.05.2022 13:50,57.2
Kjevik,SN39040,16.05.2022 14:20,57.2
Kjevik,SN39040,16.05.2022 14:50,57.2
Kjevik,SN39040,16.05.2022 15:20,57.2
Kjevik,SN39040,16.05.2022 15:50,59.0
Kjevik,SN39040,16.05.2022 16:20,59.0
Kjevik,SN39040,16.05.2022 16:50,59.0
Kjevik,SN39040,16.05.2022 17:20,57.2
Kjevik,SN39040,16.05.2022 17:50,57.2
Kjevik,SN39040,16.05.2022 18:20,57.2
Kjevik,SN39040,16.05.2022 18:50,57.2
Kjevik,SN39040,16.05.2022 19:20,57.2
Kjevik,SN39040,16.05.2022 19:50,55.4
Kjevik,SN39040,16.05.2022 20:20,53.6
Kjevik,SN39040,16.05.2022 20:50,53.6
Kjevik,SN39040,16.05.2022 21:20,50.0
Kjevik,SN39040,16.05.2022 21:50,48.2
Kjevik,SN39040,16.05.2022 22:20,46.4
Kjevik,SN39040,16.05.2022 22:50,44.6
Kjevik,SN39040,16.05.2022 23:20,41.0
Kjevik,SN39040,16.05.2022 23:50,39.2
Kjevik,SN39040,17.05.2022 00:20,42.8
Kjevik,SN39040,17.05.2022 00:50,41.0
Kjevik,SN39040,17.05.2022 01:20,41.0
Kjevik,SN39040,17.05.2022 01:50,42.8
Kjevik,SN39040,17.05.2022 02:20,39.2
Kjevik,SN39040,17.05.2022 02:50,37.4
Kjevik,SN39040,17.05.2022 03:20,37.4
Kjevik,SN39040,17.05.2022 03:50,39.2
Kjevik,SN39040,17.05.2022 04:20,41.0
Kjevik,SN39040,17.05.2022 04:50,42.8
Kjevik,SN39040,17.05.2022 05:20,44.6
Kjevik,SN39040,17.05.2022 05:50,44.6
Kjevik,SN39040,17.05.2022 06:20,48.2
Kjevik,SN39040,17.05.2022 06:50,51.8
Kjevik,SN39040,17.05.2022 07:20,53.6
Kjevik,SN39040,17.05.2022 07:50,53.6
Kjevik,SN39040,17.05.2022 08:20,55.4
Kjevik,SN39040,17.05.2022 08:50,55.4
Kjevik,SN39040,17.05.2022 09:20,57.2
Kjevik,SN39040,17.05.2022 09:50,57.2
Kjevik,SN39040,17.05.2022 10:20,57.2
Kjevik,SN39040,17.05.2022 10:50,57.2
Kjevik,SN39040,17.05.2022 11:20,57.2
Kjevik,SN39040,17.05.2022 11:50,59.0
Kjevik,SN39040,17.05.2022 12:20,57.2
Kjevik,SN39040,17.05.2022 12:50,59.0
Kjevik,SN39040,17.05.2022 13:20,59.0
Kjevik,SN39040,17.05.2022 13:50,59.0
Kjevik,SN39040,17.05.2022 14:20,59.0
Kjevik,SN39040,17.05.2022 14:50,59.0
Kjevik,SN39040,17.05.2022 15:20,59.0
Kjevik,SN39040,17.05.2022 15:50,59.0
Kjevik,SN39040,17.05.2022 16:20,59.0
Kjevik,SN39040,17.05.2022 16:50,59.0
Kjevik,SN39040,17.05.2022 17:20,59.0
Kjevik,SN39040,17.05.2022 17:50,59.0
Kjevik,SN39040,17.05.2022 18:20,57.2
Kjevik,SN39040,17.05.2022 18:50,57.2
Kjevik,SN39040,17.05.2022 19:20,55.4
Kjevik,SN39040,17.05.2022 19:50,55.4
Kjevik,SN39040,17.05.2022 20:20,53.6
Kjevik,SN39040,17.05.2022 20:50,50.0
Kjevik,SN39040,17.05.2022 21:20,48.2
Kjevik,SN39040,17.05.2022 21:50,46.4
Kjevik,SN39040,17.05.2022 22:20,46.4
Kjevik,SN39040,17.05.2022 22:50,46.4
Kjevik,SN39040,17.05.2022 23:20,44.6
Kjevik,SN39040,17.05.2022 23:50,44.6
Kjevik,SN39040,18.05.2022 00:20,44.6
Kjevik,SN39040,18.05.2022 00:50,42.8
Kjevik,SN39040,18.05.2022 01:20,42.8
Kjevik,SN39040,18.05.2022 01:50,42.8
Kjevik,SN39040,18.05.2022 02:20,42.8
Kjevik,SN39040,18.05.2022 02:50,42.8
Kjevik,SN39040,18.05.2022 03:20,42.8
Kjevik,SN39040,18.05.2022 03:50,44.6
Kjevik,SN39040,18.05.2022 04:20,44.6
Kjevik,SN39040,18.05.2022 04:50,44.6
Kjevik,SN39040,18.05.2022 05:20,44.6
Kjevik,SN39040,18.05.2022 05:50,46.4
Kjevik,SN39040,18.05.2022 06:20,46.4
Kjevik,SN39040,18.05.2022 06:50,50.0
Kjevik,SN39040,18.05.2022 07:20,51.8
Kjevik,SN39040,18.05.2022 07:50,53.6
Kjevik,SN39040,18.05.2022 08:20,53.6
Kjevik,SN39040,18.05.2022 08:50,53.6
Kjevik,SN39040,18.05.2022 09:20,53.6
Kjevik,SN39040,18.05.2022 09:50,53.6
Kjevik,SN39040,18.05.2022 10:20,55.4
Kjevik,SN39040,18.05.2022 10:50,55.4
Kjevik,SN39040,18.05.2022 11:20,55.4
Kjevik,SN39040,18.05.2022 11:50,55.4
Kjevik,SN39040,18.05.2022 12:20,51.8
Kjevik,SN39040,18.05.2022 12:50,50.0
Kjevik,SN39040,18.05.2022 13:20,51.8
Kjevik,SN39040,18.05.2022 13:50,50.0
Kjevik,SN39040,18.05.2022 14:20,51.8
Kjevik,SN39040,18.05.2022 14:50,51.8
Kjevik,SN39040,18.05.2022 15:20,51.8
Kjevik,SN39040,18.05.2022 15:50,51.8
Kjevik,SN39040,18.05.2022 16:20,53.6
Kjevik,SN39040,18.05.2022 16:50,53.6
Kjevik,SN39040,18.05.2022 17:20,53.6
Kjevik,SN39040,18.05.2022 17:50,53.6
Kjevik,SN39040,18.05.2022 18:20,55.4
Kjevik,SN39040,18.05.2022 18:50,55.4
Kjevik,SN39040,18.05.2022 19:20,55.4
Kjevik,SN39040,18.05.2022 19:50,55.4
Kjevik,SN39040,18.05.2022 20:20,53.6
Kjevik,SN39040,18.05.2022 20:50,53.6
Kjevik,SN39040,18.05.2022 21:20,53.6
Kjevik,SN39040,18.05.2022 21:50,53.6
Kjevik,SN39040,18.05.2022 22:20,53.6
Kjevik,SN39040,18.05.2022 22:50,51.8
Kjevik,SN39040,18.05.2022 23:20,51.8
Kjevik,SN39040,18.05.2022 23:50,50.0
Kjevik,SN39040,19.05.2022 00:20,46.4
Kjevik,SN39040,19.05.2022 00:50,46.4
Kjevik,SN39040,19.05.2022 01:20,46.4
Kjevik,SN39040,19.05.2022 01:50,48.2
Kjevik,SN39040,19.05.2022 02:20,46.4
Kjevik,SN39040,19.05.2022 02:50,46.4
Kjevik,SN39040,19.05.2022 03:20,48.2
Kjevik,SN39040,19.05.2022 03:50,48.2
Kjevik,SN39040,19.05.2022 04:20,48.2
Kjevik,SN39040,19.05.2022 04:50,48.2
Kjevik,SN39040,19.05.2022 05:20,48.2
Kjevik,SN39040,19.05.2022 05:50,50.0
Kjevik,SN39040,19.05.2022 06:20,50.0
Kjevik,SN39040,19.05.2022 06:50,51.8
Kjevik,SN39040,19.05.2022 07:20,51.8
Kjevik,SN39040,19.05.2022 07:50,53.6
Kjevik,SN39040,19.05.2022 08:20,55.4
Kjevik,SN39040,19.05.2022 08:50,55.4
Kjevik,SN39040,19.05.2022 09:20,55.4
Kjevik,SN39040,19.05.2022 09:50,55.4
Kjevik,SN39040,19.05.2022 10:20,55.4
Kjevik,SN39040,19.05.2022 10:50,57.2
Kjevik,SN39040,19.05.2022 11:20,55.4
Kjevik,SN39040,19.05.2022 11:50,57.2
Kjevik,SN39040,19.05.2022 12:20,55.4
Kjevik,SN39040,19.05.2022 12:50,57.2
Kjevik,SN39040,19.05.2022 13:20,59.0
Kjevik,SN39040,19.05.2022 13:50,57.2
Kjevik,SN39040,19.05.2022 14:20,57.2
Kjevik,SN39040,19.05.2022 14:50,57.2
Kjevik,SN39040,19.05.2022 15:20,55.4
Kjevik,SN39040,19.05.2022 15:50,57.2
Kjevik,SN39040,19.05.2022 16:20,57.2
Kjevik,SN39040,19.05.2022 16:50,57.2
Kjevik,SN39040,19.05.2022 17:20,55.4
Kjevik,SN39040,19.05.2022 17:50,55.4
Kjevik,SN39040,19.05.2022 18:20,55.4
Kjevik,SN39040,19.05.2022 18:50,55.4
Kjevik,SN39040,19.05.2022 19:20,53.6
Kjevik,SN39040,19.05.2022 19:50,53.6
Kjevik,SN39040,19.05.2022 20:20,51.8
Kjevik,SN39040,19.05.2022 20:50,51.8
Kjevik,SN39040,19.05.2022 21:20,51.8
Kjevik,SN39040,19.05.2022 21:50,51.8
Kjevik,SN39040,19.05.2022 22:20,51.8
Kjevik,SN39040,19.05.2022 22:50,51.8
Kjevik,SN39040,19.05.2022 23:20,51.8
Kjevik,SN39040,19.05.2022 23:50,51.8
Kjevik,SN39040,20.05.2022 00:20,51.8
Kjevik,SN39040,20.05.2022 00:50,51.8
Kjevik,SN39040,20.05.2022 01:20,51.8
Kjevik,SN39040,20.05.2022 01:50,51.8
Kjevik,SN39040,20.05.2022 02:20,51.8
Kjevik,SN39040,20.05.2022 02:50,51.8
Kjevik,SN39040,20.05.2022 03:20,48.2
Kjevik,SN39040,20.05.2022 03:50,46.4
Kjevik,SN39040,20.05.2022 04:20,46.4
Kjevik,SN39040,20.05.2022 04:50,46.4
Kjevik,SN39040,20.05.2022 05:20,50.0
Kjevik,SN39040,20.05.2022 05:50,51.8
Kjevik,SN39040,20.05.2022 06:20,53.6
Kjevik,SN39040,20.05.2022 06:50,53.6
Kjevik,SN39040,20.05.2022 07:20,53.6
Kjevik,SN39040,20.05.2022 07:50,55.4
Kjevik,SN39040,20.05.2022 08:20,55.4
Kjevik,SN39040,20.05.2022 08:50,59.0
Kjevik,SN39040,20.05.2022 09:20,60.8
Kjevik,SN39040,20.05.2022 09:50,62.6
Kjevik,SN39040,20.05.2022 10:20,62.6
Kjevik,SN39040,20.05.2022 10:50,64.4
Kjevik,SN39040,20.05.2022 11:20,64.4
Kjevik,SN39040,20.05.2022 11:50,66.2
Kjevik,SN39040,20.05.2022 12:20,66.2
Kjevik,SN39040,20.05.2022 12:50,66.2
Kjevik,SN39040,20.05.2022 13:20,66.2
Kjevik,SN39040,20.05.2022 13:50,66.2
Kjevik,SN39040,20.05.2022 14:20,66.2
Kjevik,SN39040,20.05.2022 14:50,66.2
Kjevik,SN39040,20.05.2022 15:20,64.4
Kjevik,SN39040,20.05.2022 15:50,62.6
Kjevik,SN39040,20.05.2022 16:20,62.6
Kjevik,SN39040,20.05.2022 16:50,60.8
Kjevik,SN39040,20.05.2022 17:20,60.8
Kjevik,SN39040,20.05.2022 17:50,60.8
Kjevik,SN39040,20.05.2022 18:20,59.0
Kjevik,SN39040,20.05.2022 18:50,59.0
Kjevik,SN39040,20.05.2022 19:20,59.0
Kjevik,SN39040,20.05.2022 19:50,57.2
Kjevik,SN39040,20.05.2022 20:20,57.2
Kjevik,SN39040,20.05.2022 20:50,57.2
Kjevik,SN39040,20.05.2022 21:20,55.4
Kjevik,SN39040,20.05.2022 21:50,57.2
Kjevik,SN39040,20.05.2022 22:20,55.4
Kjevik,SN39040,20.05.2022 22:50,55.4
Kjevik,SN39040,20.05.2022 23:20,55.4
Kjevik,SN39040,20.05.2022 23:50,55.4
Kjevik,SN39040,21.05.2022 01:50,51.8
Kjevik,SN39040,21.05.2022 02:20,51.8
Kjevik,SN39040,21.05.2022 02:50,50.0
Kjevik,SN39040,21.05.2022 03:50,50.0
Kjevik,SN39040,21.05.2022 04:20,50.0
Kjevik,SN39040,21.05.2022 04:50,50.0
Kjevik,SN39040,21.05.2022 05:20,50.0
Kjevik,SN39040,21.05.2022 05:50,50.0
Kjevik,SN39040,21.05.2022 06:20,50.0
Kjevik,SN39040,21.05.2022 06:50,50.0
Kjevik,SN39040,21.05.2022 07:20,51.8
Kjevik,SN39040,21.05.2022 07:50,53.6
Kjevik,SN39040,21.05.2022 08:20,53.6
Kjevik,SN39040,21.05.2022 08:50,55.4
Kjevik,SN39040,21.05.2022 09:20,57.2
Kjevik,SN39040,21.05.2022 09:50,59.0
Kjevik,SN39040,21.05.2022 10:20,60.8
Kjevik,SN39040,21.05.2022 10:50,55.4
Kjevik,SN39040,21.05.2022 11:20,55.4
Kjevik,SN39040,21.05.2022 11:50,55.4
Kjevik,SN39040,21.05.2022 12:20,57.2
Kjevik,SN39040,21.05.2022 12:50,57.2
Kjevik,SN39040,21.05.2022 13:20,59.0
Kjevik,SN39040,21.05.2022 13:50,59.0
Kjevik,SN39040,21.05.2022 14:20,60.8
Kjevik,SN39040,21.05.2022 14:50,60.8
Kjevik,SN39040,21.05.2022 15:20,59.0
Kjevik,SN39040,21.05.2022 15:50,59.0
Kjevik,SN39040,21.05.2022 16:20,60.8
Kjevik,SN39040,21.05.2022 16:50,66.2
Kjevik,SN39040,21.05.2022 17:20,60.8
Kjevik,SN39040,21.05.2022 17:50,59.0
Kjevik,SN39040,21.05.2022 18:20,59.0
Kjevik,SN39040,21.05.2022 18:50,59.0
Kjevik,SN39040,21.05.2022 19:20,59.0
Kjevik,SN39040,21.05.2022 19:50,59.0
Kjevik,SN39040,21.05.2022 20:20,57.2
Kjevik,SN39040,21.05.2022 20:50,53.6
Kjevik,SN39040,21.05.2022 21:20,51.8
Kjevik,SN39040,21.05.2022 21:50,51.8
Kjevik,SN39040,21.05.2022 22:20,50.0
Kjevik,SN39040,21.05.2022 22:50,48.2
Kjevik,SN39040,21.05.2022 23:20,48.2
Kjevik,SN39040,21.05.2022 23:50,44.6
Kjevik,SN39040,22.05.2022 00:20,44.6
Kjevik,SN39040,22.05.2022 00:50,44.6
Kjevik,SN39040,22.05.2022 01:20,42.8
Kjevik,SN39040,22.05.2022 01:50,42.8
Kjevik,SN39040,22.05.2022 02:20,44.6
Kjevik,SN39040,22.05.2022 02:50,42.8
Kjevik,SN39040,22.05.2022 03:20,42.8
Kjevik,SN39040,22.05.2022 03:50,42.8
Kjevik,SN39040,22.05.2022 04:20,41.0
Kjevik,SN39040,22.05.2022 04:50,41.0
Kjevik,SN39040,22.05.2022 05:20,42.8
Kjevik,SN39040,22.05.2022 05:50,44.6
Kjevik,SN39040,22.05.2022 06:20,46.4
Kjevik,SN39040,22.05.2022 06:50,50.0
Kjevik,SN39040,22.05.2022 07:20,53.6
Kjevik,SN39040,22.05.2022 07:50,55.4
Kjevik,SN39040,22.05.2022 08:20,57.2
Kjevik,SN39040,22.05.2022 08:50,59.0
Kjevik,SN39040,22.05.2022 09:20,59.0
Kjevik,SN39040,22.05.2022 09:50,60.8
Kjevik,SN39040,22.05.2022 10:20,59.0
Kjevik,SN39040,22.05.2022 10:50,59.0
Kjevik,SN39040,22.05.2022 11:20,60.8
Kjevik,SN39040,22.05.2022 11:50,60.8
Kjevik,SN39040,22.05.2022 12:20,60.8
Kjevik,SN39040,22.05.2022 12:50,60.8
Kjevik,SN39040,22.05.2022 13:20,59.0
Kjevik,SN39040,22.05.2022 13:50,59.0
Kjevik,SN39040,22.05.2022 14:20,60.8
Kjevik,SN39040,22.05.2022 14:50,60.8
Kjevik,SN39040,22.05.2022 15:20,60.8
Kjevik,SN39040,22.05.2022 15:50,60.8
Kjevik,SN39040,22.05.2022 16:20,60.8
Kjevik,SN39040,22.05.2022 16:50,59.0
Kjevik,SN39040,22.05.2022 17:20,59.0
Kjevik,SN39040,22.05.2022 17:50,59.0
Kjevik,SN39040,22.05.2022 18:20,57.2
Kjevik,SN39040,22.05.2022 18:50,57.2
Kjevik,SN39040,22.05.2022 19:20,55.4
Kjevik,SN39040,22.05.2022 19:50,55.4
Kjevik,SN39040,22.05.2022 20:20,53.6
Kjevik,SN39040,22.05.2022 20:50,53.6
Kjevik,SN39040,22.05.2022 21:20,53.6
Kjevik,SN39040,22.05.2022 21:50,51.8
Kjevik,SN39040,22.05.2022 22:20,51.8
Kjevik,SN39040,22.05.2022 22:50,51.8
Kjevik,SN39040,22.05.2022 23:20,51.8
Kjevik,SN39040,23.05.2022 00:50,50.0
Kjevik,SN39040,23.05.2022 01:20,50.0
Kjevik,SN39040,23.05.2022 01:50,50.0
Kjevik,SN39040,23.05.2022 02:20,51.8
Kjevik,SN39040,23.05.2022 02:50,51.8
Kjevik,SN39040,23.05.2022 03:20,51.8
Kjevik,SN39040,23.05.2022 03:50,51.8
Kjevik,SN39040,23.05.2022 04:20,50.0
Kjevik,SN39040,23.05.2022 04:50,51.8
Kjevik,SN39040,23.05.2022 05:20,51.8
Kjevik,SN39040,23.05.2022 05:50,53.6
Kjevik,SN39040,23.05.2022 06:20,53.6
Kjevik,SN39040,23.05.2022 06:50,55.4
Kjevik,SN39040,23.05.2022 07:20,57.2
Kjevik,SN39040,23.05.2022 07:50,57.2
Kjevik,SN39040,23.05.2022 08:20,55.4
Kjevik,SN39040,23.05.2022 08:50,57.2
Kjevik,SN39040,23.05.2022 09:20,57.2
Kjevik,SN39040,23.05.2022 09:50,59.0
Kjevik,SN39040,23.05.2022 10:20,60.8
Kjevik,SN39040,23.05.2022 10:50,60.8
Kjevik,SN39040,23.05.2022 11:20,62.6
Kjevik,SN39040,23.05.2022 11:50,60.8
Kjevik,SN39040,23.05.2022 12:20,60.8
Kjevik,SN39040,23.05.2022 12:50,62.6
Kjevik,SN39040,23.05.2022 13:20,64.4
Kjevik,SN39040,23.05.2022 13:50,62.6
Kjevik,SN39040,23.05.2022 14:20,62.6
Kjevik,SN39040,23.05.2022 14:50,60.8
Kjevik,SN39040,23.05.2022 15:20,60.8
Kjevik,SN39040,23.05.2022 15:50,60.8
Kjevik,SN39040,23.05.2022 16:20,60.8
Kjevik,SN39040,23.05.2022 16:50,60.8
Kjevik,SN39040,23.05.2022 17:20,59.0
Kjevik,SN39040,23.05.2022 17:50,59.0
Kjevik,SN39040,23.05.2022 18:20,59.0
Kjevik,SN39040,23.05.2022 18:50,59.0
Kjevik,SN39040,23.05.2022 19:20,59.0
Kjevik,SN39040,23.05.2022 19:50,59.0
Kjevik,SN39040,23.05.2022 20:20,59.0
Kjevik,SN39040,23.05.2022 20:50,59.0
Kjevik,SN39040,23.05.2022 21:20,59.0
Kjevik,SN39040,23.05.2022 21:50,57.2
Kjevik,SN39040,23.05.2022 22:20,57.2
Kjevik,SN39040,23.05.2022 22:50,57.2
Kjevik,SN39040,23.05.2022 23:20,57.2
Kjevik,SN39040,23.05.2022 23:50,57.2
Kjevik,SN39040,24.05.2022 00:20,57.2
Kjevik,SN39040,24.05.2022 00:50,57.2
Kjevik,SN39040,24.05.2022 01:20,57.2
Kjevik,SN39040,24.05.2022 01:50,55.4
Kjevik,SN39040,24.05.2022 02:20,55.4
Kjevik,SN39040,24.05.2022 02:50,55.4
Kjevik,SN39040,24.05.2022 03:20,55.4
Kjevik,SN39040,24.05.2022 04:50,55.4
Kjevik,SN39040,24.05.2022 05:20,55.4
Kjevik,SN39040,24.05.2022 05:50,53.6
Kjevik,SN39040,24.05.2022 06:20,53.6
Kjevik,SN39040,24.05.2022 06:50,51.8
Kjevik,SN39040,24.05.2022 07:20,51.8
Kjevik,SN39040,24.05.2022 07:50,51.8
Kjevik,SN39040,24.05.2022 08:20,51.8
Kjevik,SN39040,24.05.2022 08:50,51.8
Kjevik,SN39040,24.05.2022 09:20,51.8
Kjevik,SN39040,24.05.2022 09:50,51.8
Kjevik,SN39040,24.05.2022 10:20,53.6
Kjevik,SN39040,24.05.2022 10:50,53.6
Kjevik,SN39040,24.05.2022 11:20,53.6
Kjevik,SN39040,24.05.2022 11:50,55.4
Kjevik,SN39040,24.05.2022 12:20,55.4
Kjevik,SN39040,24.05.2022 12:50,53.6
Kjevik,SN39040,24.05.2022 13:20,53.6
Kjevik,SN39040,24.05.2022 13:50,55.4
Kjevik,SN39040,24.05.2022 14:20,55.4
Kjevik,SN39040,24.05.2022 14:50,53.6
Kjevik,SN39040,24.05.2022 15:20,55.4
Kjevik,SN39040,24.05.2022 15:50,55.4
Kjevik,SN39040,24.05.2022 16:20,55.4
Kjevik,SN39040,24.05.2022 16:50,55.4
Kjevik,SN39040,24.05.2022 17:20,55.4
Kjevik,SN39040,24.05.2022 17:50,55.4
Kjevik,SN39040,24.05.2022 18:20,57.2
Kjevik,SN39040,24.05.2022 18:50,55.4
Kjevik,SN39040,24.05.2022 19:20,55.4
Kjevik,SN39040,24.05.2022 19:50,53.6
Kjevik,SN39040,24.05.2022 20:20,53.6
Kjevik,SN39040,24.05.2022 20:50,53.6
Kjevik,SN39040,24.05.2022 21:20,53.6
Kjevik,SN39040,24.05.2022 21:50,53.6
Kjevik,SN39040,24.05.2022 22:20,53.6
Kjevik,SN39040,24.05.2022 22:50,53.6
Kjevik,SN39040,25.05.2022 01:50,51.8
Kjevik,SN39040,25.05.2022 02:20,51.8
Kjevik,SN39040,25.05.2022 02:50,51.8
Kjevik,SN39040,25.05.2022 03:20,50.0
Kjevik,SN39040,25.05.2022 03:50,50.0
Kjevik,SN39040,25.05.2022 04:20,50.0
Kjevik,SN39040,25.05.2022 04:50,50.0
Kjevik,SN39040,25.05.2022 05:20,50.0
Kjevik,SN39040,25.05.2022 05:50,50.0
Kjevik,SN39040,25.05.2022 06:20,51.8
Kjevik,SN39040,25.05.2022 06:50,53.6
Kjevik,SN39040,25.05.2022 07:20,53.6
Kjevik,SN39040,25.05.2022 07:50,55.4
Kjevik,SN39040,25.05.2022 08:20,51.8
Kjevik,SN39040,25.05.2022 08:50,53.6
Kjevik,SN39040,25.05.2022 09:20,53.6
Kjevik,SN39040,25.05.2022 09:50,55.4
Kjevik,SN39040,25.05.2022 10:20,55.4
Kjevik,SN39040,25.05.2022 10:50,57.2
Kjevik,SN39040,25.05.2022 11:20,57.2
Kjevik,SN39040,25.05.2022 11:50,57.2
Kjevik,SN39040,25.05.2022 12:20,57.2
Kjevik,SN39040,25.05.2022 12:50,55.4
Kjevik,SN39040,25.05.2022 13:20,53.6
Kjevik,SN39040,25.05.2022 13:50,51.8
Kjevik,SN39040,25.05.2022 14:20,53.6
Kjevik,SN39040,25.05.2022 14:50,55.4
Kjevik,SN39040,25.05.2022 15:20,55.4
Kjevik,SN39040,25.05.2022 15:50,55.4
Kjevik,SN39040,25.05.2022 16:20,57.2
Kjevik,SN39040,25.05.2022 16:50,55.4
Kjevik,SN39040,25.05.2022 17:20,53.6
Kjevik,SN39040,25.05.2022 17:50,53.6
Kjevik,SN39040,25.05.2022 18:20,51.8
Kjevik,SN39040,25.05.2022 18:50,51.8
Kjevik,SN39040,25.05.2022 19:20,50.0
Kjevik,SN39040,25.05.2022 19:50,51.8
Kjevik,SN39040,25.05.2022 20:20,51.8
Kjevik,SN39040,25.05.2022 20:50,51.8
Kjevik,SN39040,25.05.2022 21:20,51.8
Kjevik,SN39040,25.05.2022 21:50,51.8
Kjevik,SN39040,25.05.2022 22:20,51.8
Kjevik,SN39040,25.05.2022 22:50,51.8
Kjevik,SN39040,25.05.2022 23:20,53.6
Kjevik,SN39040,26.05.2022 01:20,53.6
Kjevik,SN39040,26.05.2022 03:20,51.8
Kjevik,SN39040,26.05.2022 04:50,50.0
Kjevik,SN39040,26.05.2022 05:20,51.8
Kjevik,SN39040,26.05.2022 05:50,51.8
Kjevik,SN39040,26.05.2022 06:20,51.8
Kjevik,SN39040,26.05.2022 06:50,53.6
Kjevik,SN39040,26.05.2022 07:20,53.6
Kjevik,SN39040,26.05.2022 07:50,53.6
Kjevik,SN39040,26.05.2022 08:20,53.6
Kjevik,SN39040,26.05.2022 08:50,55.4
Kjevik,SN39040,26.05.2022 09:20,55.4
Kjevik,SN39040,26.05.2022 09:50,57.2
Kjevik,SN39040,26.05.2022 10:20,57.2
Kjevik,SN39040,26.05.2022 10:50,57.2
Kjevik,SN39040,26.05.2022 11:20,57.2
Kjevik,SN39040,26.05.2022 11:50,57.2
Kjevik,SN39040,26.05.2022 12:20,59.0
Kjevik,SN39040,26.05.2022 12:50,57.2
Kjevik,SN39040,26.05.2022 13:20,57.2
Kjevik,SN39040,26.05.2022 13:50,57.2
Kjevik,SN39040,26.05.2022 14:20,57.2
Kjevik,SN39040,26.05.2022 14:50,57.2
Kjevik,SN39040,26.05.2022 15:20,59.0
Kjevik,SN39040,26.05.2022 15:50,57.2
Kjevik,SN39040,26.05.2022 16:20,57.2
Kjevik,SN39040,26.05.2022 16:50,57.2
Kjevik,SN39040,26.05.2022 17:20,57.2
Kjevik,SN39040,26.05.2022 17:50,55.4
Kjevik,SN39040,26.05.2022 18:20,55.4
Kjevik,SN39040,26.05.2022 18:50,55.4
Kjevik,SN39040,26.05.2022 19:20,55.4
Kjevik,SN39040,26.05.2022 19:50,53.6
Kjevik,SN39040,26.05.2022 20:20,53.6
Kjevik,SN39040,26.05.2022 20:50,51.8
Kjevik,SN39040,26.05.2022 21:20,50.0
Kjevik,SN39040,26.05.2022 21:50,50.0
Kjevik,SN39040,26.05.2022 22:20,48.2
Kjevik,SN39040,26.05.2022 22:50,48.2
Kjevik,SN39040,26.05.2022 23:20,48.2
Kjevik,SN39040,27.05.2022 00:20,46.4
Kjevik,SN39040,27.05.2022 00:50,48.2
Kjevik,SN39040,27.05.2022 01:50,46.4
Kjevik,SN39040,27.05.2022 02:20,46.4
Kjevik,SN39040,27.05.2022 02:50,44.6
Kjevik,SN39040,27.05.2022 03:20,44.6
Kjevik,SN39040,27.05.2022 03:50,44.6
Kjevik,SN39040,27.05.2022 04:20,44.6
Kjevik,SN39040,27.05.2022 04:50,44.6
Kjevik,SN39040,27.05.2022 05:20,46.4
Kjevik,SN39040,27.05.2022 05:50,46.4
Kjevik,SN39040,27.05.2022 06:20,48.2
Kjevik,SN39040,27.05.2022 06:50,50.0
Kjevik,SN39040,27.05.2022 07:20,50.0
Kjevik,SN39040,27.05.2022 07:50,51.8
Kjevik,SN39040,27.05.2022 08:20,53.6
Kjevik,SN39040,27.05.2022 08:50,53.6
Kjevik,SN39040,27.05.2022 09:20,55.4
Kjevik,SN39040,27.05.2022 09:50,53.6
Kjevik,SN39040,27.05.2022 10:20,55.4
Kjevik,SN39040,27.05.2022 10:50,55.4
Kjevik,SN39040,27.05.2022 11:20,55.4
Kjevik,SN39040,27.05.2022 11:50,57.2
Kjevik,SN39040,27.05.2022 12:20,57.2
Kjevik,SN39040,27.05.2022 12:50,57.2
Kjevik,SN39040,27.05.2022 13:20,55.4
Kjevik,SN39040,27.05.2022 13:50,55.4
Kjevik,SN39040,27.05.2022 14:20,53.6
Kjevik,SN39040,27.05.2022 14:50,57.2
Kjevik,SN39040,27.05.2022 15:20,57.2
Kjevik,SN39040,27.05.2022 15:50,59.0
Kjevik,SN39040,27.05.2022 16:20,57.2
Kjevik,SN39040,27.05.2022 16:50,57.2
Kjevik,SN39040,27.05.2022 17:20,57.2
Kjevik,SN39040,27.05.2022 17:50,57.2
Kjevik,SN39040,27.05.2022 18:20,57.2
Kjevik,SN39040,27.05.2022 18:50,57.2
Kjevik,SN39040,27.05.2022 19:20,55.4
Kjevik,SN39040,27.05.2022 19:50,55.4
Kjevik,SN39040,27.05.2022 20:20,53.6
Kjevik,SN39040,27.05.2022 20:50,53.6
Kjevik,SN39040,27.05.2022 21:20,51.8
Kjevik,SN39040,27.05.2022 21:50,51.8
Kjevik,SN39040,27.05.2022 22:20,51.8
Kjevik,SN39040,27.05.2022 22:50,50.0
Kjevik,SN39040,27.05.2022 23:20,50.0
Kjevik,SN39040,27.05.2022 23:50,50.0
Kjevik,SN39040,28.05.2022 00:20,50.0
Kjevik,SN39040,28.05.2022 00:50,50.0
Kjevik,SN39040,28.05.2022 01:20,50.0
Kjevik,SN39040,28.05.2022 01:50,51.8
Kjevik,SN39040,28.05.2022 02:20,51.8
Kjevik,SN39040,28.05.2022 02:50,50.0
Kjevik,SN39040,28.05.2022 03:20,50.0
Kjevik,SN39040,28.05.2022 03:50,50.0
Kjevik,SN39040,28.05.2022 04:20,50.0
Kjevik,SN39040,28.05.2022 04:50,50.0
Kjevik,SN39040,28.05.2022 05:20,51.8
Kjevik,SN39040,28.05.2022 05:50,51.8
Kjevik,SN39040,28.05.2022 06:20,51.8
Kjevik,SN39040,28.05.2022 06:50,53.6
Kjevik,SN39040,28.05.2022 07:20,55.4
Kjevik,SN39040,28.05.2022 07:50,57.2
Kjevik,SN39040,28.05.2022 08:20,59.0
Kjevik,SN39040,28.05.2022 08:50,59.0
Kjevik,SN39040,28.05.2022 09:20,60.8
Kjevik,SN39040,28.05.2022 09:50,62.6
Kjevik,SN39040,28.05.2022 10:20,62.6
Kjevik,SN39040,28.05.2022 10:50,62.6
Kjevik,SN39040,28.05.2022 11:20,66.2
Kjevik,SN39040,28.05.2022 11:50,66.2
Kjevik,SN39040,28.05.2022 12:20,66.2
Kjevik,SN39040,28.05.2022 12:50,66.2
Kjevik,SN39040,28.05.2022 13:20,64.4
Kjevik,SN39040,28.05.2022 13:50,62.6
Kjevik,SN39040,28.05.2022 14:20,64.4
Kjevik,SN39040,28.05.2022 14:50,62.6
Kjevik,SN39040,28.05.2022 15:20,64.4
Kjevik,SN39040,28.05.2022 15:50,62.6
Kjevik,SN39040,28.05.2022 16:20,64.4
Kjevik,SN39040,28.05.2022 16:50,68.0
Kjevik,SN39040,28.05.2022 17:20,64.4
Kjevik,SN39040,28.05.2022 17:50,62.6
Kjevik,SN39040,28.05.2022 18:20,62.6
Kjevik,SN39040,28.05.2022 18:50,62.6
Kjevik,SN39040,28.05.2022 19:20,64.4
Kjevik,SN39040,28.05.2022 19:50,64.4
Kjevik,SN39040,28.05.2022 20:20,60.8
Kjevik,SN39040,28.05.2022 20:50,57.2
Kjevik,SN39040,28.05.2022 21:20,53.6
Kjevik,SN39040,28.05.2022 21:50,50.0
Kjevik,SN39040,28.05.2022 22:20,48.2
Kjevik,SN39040,28.05.2022 22:50,46.4
Kjevik,SN39040,28.05.2022 23:20,44.6
Kjevik,SN39040,28.05.2022 23:50,44.6
Kjevik,SN39040,29.05.2022 00:20,44.6
Kjevik,SN39040,29.05.2022 00:50,46.4
Kjevik,SN39040,29.05.2022 01:20,44.6
Kjevik,SN39040,29.05.2022 01:50,44.6
Kjevik,SN39040,29.05.2022 02:20,46.4
Kjevik,SN39040,29.05.2022 02:50,42.8
Kjevik,SN39040,29.05.2022 03:20,44.6
Kjevik,SN39040,29.05.2022 03:50,42.8
Kjevik,SN39040,29.05.2022 04:20,44.6
Kjevik,SN39040,29.05.2022 04:50,44.6
Kjevik,SN39040,29.05.2022 05:20,48.2
Kjevik,SN39040,29.05.2022 05:50,50.0
Kjevik,SN39040,29.05.2022 06:20,51.8
Kjevik,SN39040,29.05.2022 06:50,53.6
Kjevik,SN39040,29.05.2022 07:20,55.4
Kjevik,SN39040,29.05.2022 07:50,55.4
Kjevik,SN39040,29.05.2022 08:20,57.2
Kjevik,SN39040,29.05.2022 08:50,59.0
Kjevik,SN39040,29.05.2022 09:20,60.8
Kjevik,SN39040,29.05.2022 09:50,59.0
Kjevik,SN39040,29.05.2022 10:20,60.8
Kjevik,SN39040,29.05.2022 10:50,60.8
Kjevik,SN39040,29.05.2022 11:20,59.0
Kjevik,SN39040,29.05.2022 11:50,59.0
Kjevik,SN39040,29.05.2022 12:20,59.0
Kjevik,SN39040,29.05.2022 12:50,57.2
Kjevik,SN39040,29.05.2022 13:20,57.2
Kjevik,SN39040,29.05.2022 13:50,57.2
Kjevik,SN39040,29.05.2022 14:20,57.2
Kjevik,SN39040,29.05.2022 14:50,59.0
Kjevik,SN39040,29.05.2022 15:20,59.0
Kjevik,SN39040,29.05.2022 15:50,59.0
Kjevik,SN39040,29.05.2022 16:20,59.0
Kjevik,SN39040,29.05.2022 16:50,57.2
Kjevik,SN39040,29.05.2022 17:20,57.2
Kjevik,SN39040,29.05.2022 17:50,57.2
Kjevik,SN39040,29.05.2022 18:20,57.2
Kjevik,SN39040,29.05.2022 18:50,57.2
Kjevik,SN39040,29.05.2022 19:20,55.4
Kjevik,SN39040,29.05.2022 19:50,53.6
Kjevik,SN39040,29.05.2022 20:20,51.8
Kjevik,SN39040,29.05.2022 20:50,51.8
Kjevik,SN39040,29.05.2022 21:20,51.8
Kjevik,SN39040,29.05.2022 21:50,51.8
Kjevik,SN39040,29.05.2022 22:20,50.0
Kjevik,SN39040,29.05.2022 22:50,50.0
Kjevik,SN39040,29.05.2022 23:20,50.0
Kjevik,SN39040,29.05.2022 23:50,50.0
Kjevik,SN39040,30.05.2022 01:50,48.2
Kjevik,SN39040,30.05.2022 02:20,48.2
Kjevik,SN39040,30.05.2022 02:50,48.2
Kjevik,SN39040,30.05.2022 03:20,46.4
Kjevik,SN39040,30.05.2022 03:50,44.6
Kjevik,SN39040,30.05.2022 04:20,44.6
Kjevik,SN39040,30.05.2022 04:50,44.6
Kjevik,SN39040,30.05.2022 05:20,46.4
Kjevik,SN39040,30.05.2022 05:50,48.2
Kjevik,SN39040,30.05.2022 06:20,50.0
Kjevik,SN39040,30.05.2022 06:50,51.8
Kjevik,SN39040,30.05.2022 07:20,51.8
Kjevik,SN39040,30.05.2022 07:50,53.6
Kjevik,SN39040,30.05.2022 08:20,53.6
Kjevik,SN39040,30.05.2022 08:50,55.4
Kjevik,SN39040,30.05.2022 09:20,57.2
Kjevik,SN39040,30.05.2022 09:50,59.0
Kjevik,SN39040,30.05.2022 10:20,57.2
Kjevik,SN39040,30.05.2022 10:50,57.2
Kjevik,SN39040,30.05.2022 11:20,55.4
Kjevik,SN39040,30.05.2022 11:50,57.2
Kjevik,SN39040,30.05.2022 12:20,59.0
Kjevik,SN39040,30.05.2022 12:50,57.2
Kjevik,SN39040,30.05.2022 13:20,59.0
Kjevik,SN39040,30.05.2022 13:50,55.4
Kjevik,SN39040,30.05.2022 14:20,57.2
Kjevik,SN39040,30.05.2022 14:50,55.4
Kjevik,SN39040,30.05.2022 15:20,55.4
Kjevik,SN39040,30.05.2022 15:50,55.4
Kjevik,SN39040,30.05.2022 16:20,55.4
Kjevik,SN39040,30.05.2022 16:50,55.4
Kjevik,SN39040,30.05.2022 17:20,55.4
Kjevik,SN39040,30.05.2022 17:50,53.6
Kjevik,SN39040,30.05.2022 18:20,53.6
Kjevik,SN39040,30.05.2022 18:50,53.6
Kjevik,SN39040,30.05.2022 19:20,53.6
Kjevik,SN39040,30.05.2022 19:50,51.8
Kjevik,SN39040,30.05.2022 20:20,51.8
Kjevik,SN39040,30.05.2022 20:50,50.0
Kjevik,SN39040,30.05.2022 21:20,50.0
Kjevik,SN39040,30.05.2022 21:50,48.2
Kjevik,SN39040,30.05.2022 22:20,46.4
Kjevik,SN39040,30.05.2022 22:50,46.4
Kjevik,SN39040,30.05.2022 23:20,46.4
Kjevik,SN39040,30.05.2022 23:50,46.4
Kjevik,SN39040,31.05.2022 00:20,48.2
Kjevik,SN39040,31.05.2022 00:50,48.2
Kjevik,SN39040,31.05.2022 01:20,48.2
Kjevik,SN39040,31.05.2022 01:50,50.0
Kjevik,SN39040,31.05.2022 02:20,50.0
Kjevik,SN39040,31.05.2022 02:50,50.0
Kjevik,SN39040,31.05.2022 03:20,48.2
Kjevik,SN39040,31.05.2022 04:20,50.0
Kjevik,SN39040,31.05.2022 04:50,50.0
Kjevik,SN39040,31.05.2022 05:20,50.0
Kjevik,SN39040,31.05.2022 05:50,51.8
Kjevik,SN39040,31.05.2022 06:20,53.6
Kjevik,SN39040,31.05.2022 06:50,55.4
Kjevik,SN39040,31.05.2022 07:20,57.2
Kjevik,SN39040,31.05.2022 07:50,59.0
Kjevik,SN39040,31.05.2022 08:20,59.0
Kjevik,SN39040,31.05.2022 08:50,57.2
Kjevik,SN39040,31.05.2022 09:20,57.2
Kjevik,SN39040,31.05.2022 09:50,55.4
Kjevik,SN39040,31.05.2022 10:20,53.6
Kjevik,SN39040,31.05.2022 10:50,50.0
Kjevik,SN39040,31.05.2022 11:20,50.0
Kjevik,SN39040,31.05.2022 11:50,51.8
Kjevik,SN39040,31.05.2022 12:20,55.4
Kjevik,SN39040,31.05.2022 12:50,55.4
Kjevik,SN39040,31.05.2022 13:20,57.2
Kjevik,SN39040,31.05.2022 13:50,57.2
Kjevik,SN39040,31.05.2022 14:20,59.0
Kjevik,SN39040,31.05.2022 14:50,59.0
Kjevik,SN39040,31.05.2022 15:20,60.8
Kjevik,SN39040,31.05.2022 15:50,60.8
Kjevik,SN39040,31.05.2022 16:20,60.8
Kjevik,SN39040,31.05.2022 16:50,60.8
Kjevik,SN39040,31.05.2022 17:20,59.0
Kjevik,SN39040,31.05.2022 17:50,60.8
Kjevik,SN39040,31.05.2022 18:20,59.0
Kjevik,SN39040,31.05.2022 18:50,60.8
Kjevik,SN39040,31.05.2022 19:20,59.0
Kjevik,SN39040,31.05.2022 19:50,57.2
Kjevik,SN39040,31.05.2022 20:20,57.2
Kjevik,SN39040,31.05.2022 20:50,55.4
Kjevik,SN39040,31.05.2022 21:20,51.8
Kjevik,SN39040,31.05.2022 21:50,51.8
Kjevik,SN39040,31.05.2022 22:20,50.0
Kjevik,SN39040,31.05.2022 22:50,48.2
Kjevik,SN39040,31.05.2022 23:20,48.2
Kjevik,SN39040,31.05.2022 23:50,48.2
Kjevik,SN39040,01.06.2022 00:20,48.2
Kjevik,SN39040,01.06.2022 00:50,48.2
Kjevik,SN39040,01.06.2022 01:20,46.4
Kjevik,SN39040,01.06.2022 01:50,46.4
Kjevik,SN39040,01.06.2022 02:20,46.4
Kjevik,SN39040,01.06.2022 02:50,46.4
Kjevik,SN39040,01.06.2022 03:20,46.4
Kjevik,SN39040,01.06.2022 03:50,46.4
Kjevik,SN39040,01.06.2022 04:20,48.2
Kjevik,SN39040,01.06.2022 04:50,48.2
Kjevik,SN39040,01.06.2022 05:20,50.0
Kjevik,SN39040,01.06.2022 05:50,50.0
Kjevik,SN39040,01.06.2022 06:20,51.8
Kjevik,SN39040,01.06.2022 06:50,51.8
Kjevik,SN39040,01.06.2022 07:20,53.6
Kjevik,SN39040,01.06.2022 07:50,53.6
Kjevik,SN39040,01.06.2022 08:20,55.4
Kjevik,SN39040,01.06.2022 08:50,55.4
Kjevik,SN39040,01.06.2022 09:20,59.0
Kjevik,SN39040,01.06.2022 09:50,59.0
Kjevik,SN39040,01.06.2022 10:20,59.0
Kjevik,SN39040,01.06.2022 10:50,59.0
Kjevik,SN39040,01.06.2022 11:20,59.0
Kjevik,SN39040,01.06.2022 11:50,60.8
Kjevik,SN39040,01.06.2022 12:20,60.8
Kjevik,SN39040,01.06.2022 12:50,59.0
Kjevik,SN39040,01.06.2022 13:20,59.0
Kjevik,SN39040,01.06.2022 13:50,59.0
Kjevik,SN39040,01.06.2022 14:20,59.0
Kjevik,SN39040,01.06.2022 14:50,59.0
Kjevik,SN39040,01.06.2022 15:20,59.0
Kjevik,SN39040,01.06.2022 15:50,59.0
Kjevik,SN39040,01.06.2022 16:20,59.0
Kjevik,SN39040,01.06.2022 16:50,59.0
Kjevik,SN39040,01.06.2022 17:20,59.0
Kjevik,SN39040,01.06.2022 17:50,59.0
Kjevik,SN39040,01.06.2022 18:20,57.2
Kjevik,SN39040,01.06.2022 18:50,55.4
Kjevik,SN39040,01.06.2022 19:20,55.4
Kjevik,SN39040,01.06.2022 19:50,55.4
Kjevik,SN39040,01.06.2022 20:20,55.4
Kjevik,SN39040,01.06.2022 20:50,53.6
Kjevik,SN39040,01.06.2022 21:20,53.6
Kjevik,SN39040,01.06.2022 21:50,53.6
Kjevik,SN39040,01.06.2022 22:20,51.8
Kjevik,SN39040,01.06.2022 22:50,51.8
Kjevik,SN39040,01.06.2022 23:20,53.6
Kjevik,SN39040,01.06.2022 23:50,53.6
Kjevik,SN39040,02.06.2022 00:20,53.6
Kjevik,SN39040,02.06.2022 00:50,53.6
Kjevik,SN39040,02.06.2022 01:20,51.8
Kjevik,SN39040,02.06.2022 01:50,51.8
Kjevik,SN39040,02.06.2022 02:20,51.8
Kjevik,SN39040,02.06.2022 02:50,46.4
Kjevik,SN39040,02.06.2022 03:20,46.4
Kjevik,SN39040,02.06.2022 03:50,44.6
Kjevik,SN39040,02.06.2022 04:20,44.6
Kjevik,SN39040,02.06.2022 04:50,46.4
Kjevik,SN39040,02.06.2022 05:20,48.2
Kjevik,SN39040,02.06.2022 05:50,50.0
Kjevik,SN39040,02.06.2022 06:20,51.8
Kjevik,SN39040,02.06.2022 06:50,53.6
Kjevik,SN39040,02.06.2022 07:20,55.4
Kjevik,SN39040,02.06.2022 07:50,55.4
Kjevik,SN39040,02.06.2022 08:20,55.4
Kjevik,SN39040,02.06.2022 08:50,55.4
Kjevik,SN39040,02.06.2022 09:20,57.2
Kjevik,SN39040,02.06.2022 09:50,59.0
Kjevik,SN39040,02.06.2022 10:20,59.0
Kjevik,SN39040,02.06.2022 10:50,62.6
Kjevik,SN39040,02.06.2022 11:20,64.4
Kjevik,SN39040,02.06.2022 11:50,64.4
Kjevik,SN39040,02.06.2022 12:20,66.2
Kjevik,SN39040,02.06.2022 12:50,64.4
Kjevik,SN39040,02.06.2022 13:20,64.4
Kjevik,SN39040,02.06.2022 13:50,64.4
Kjevik,SN39040,02.06.2022 14:20,66.2
Kjevik,SN39040,02.06.2022 14:50,66.2
Kjevik,SN39040,02.06.2022 15:20,66.2
Kjevik,SN39040,02.06.2022 15:50,66.2
Kjevik,SN39040,02.06.2022 16:20,64.4
Kjevik,SN39040,02.06.2022 16:50,64.4
Kjevik,SN39040,02.06.2022 17:20,62.6
Kjevik,SN39040,02.06.2022 17:50,62.6
Kjevik,SN39040,02.06.2022 18:20,62.6
Kjevik,SN39040,02.06.2022 18:50,62.6
Kjevik,SN39040,02.06.2022 19:20,60.8
Kjevik,SN39040,02.06.2022 19:50,60.8
Kjevik,SN39040,02.06.2022 20:20,59.0
Kjevik,SN39040,02.06.2022 20:50,59.0
Kjevik,SN39040,02.06.2022 21:20,57.2
Kjevik,SN39040,02.06.2022 21:50,55.4
Kjevik,SN39040,02.06.2022 22:20,55.4
Kjevik,SN39040,02.06.2022 22:50,53.6
Kjevik,SN39040,02.06.2022 23:20,53.6
Kjevik,SN39040,02.06.2022 23:50,51.8
Kjevik,SN39040,03.06.2022 00:20,51.8
Kjevik,SN39040,03.06.2022 00:50,51.8
Kjevik,SN39040,03.06.2022 01:20,51.8
Kjevik,SN39040,03.06.2022 01:50,51.8
Kjevik,SN39040,03.06.2022 02:20,51.8
Kjevik,SN39040,03.06.2022 02:50,50.0
Kjevik,SN39040,03.06.2022 03:20,51.8
Kjevik,SN39040,03.06.2022 03:50,51.8
Kjevik,SN39040,03.06.2022 04:20,51.8
Kjevik,SN39040,03.06.2022 04:50,53.6
Kjevik,SN39040,03.06.2022 05:20,53.6
Kjevik,SN39040,03.06.2022 05:50,55.4
Kjevik,SN39040,03.06.2022 06:20,55.4
Kjevik,SN39040,03.06.2022 06:50,57.2
Kjevik,SN39040,03.06.2022 07:20,59.0
Kjevik,SN39040,03.06.2022 07:50,60.8
Kjevik,SN39040,03.06.2022 08:20,60.8
Kjevik,SN39040,03.06.2022 08:50,62.6
Kjevik,SN39040,03.06.2022 09:20,62.6
Kjevik,SN39040,03.06.2022 09:50,62.6
Kjevik,SN39040,03.06.2022 10:20,64.4
Kjevik,SN39040,03.06.2022 10:50,66.2
Kjevik,SN39040,03.06.2022 11:20,68.0
Kjevik,SN39040,03.06.2022 11:50,66.2
Kjevik,SN39040,03.06.2022 12:20,68.0
Kjevik,SN39040,03.06.2022 12:50,68.0
Kjevik,SN39040,03.06.2022 13:20,69.8
Kjevik,SN39040,03.06.2022 13:50,69.8
Kjevik,SN39040,03.06.2022 14:20,71.6
Kjevik,SN39040,03.06.2022 14:50,71.6
Kjevik,SN39040,03.06.2022 15:20,71.6
Kjevik,SN39040,03.06.2022 15:50,69.8
Kjevik,SN39040,03.06.2022 16:20,69.8
Kjevik,SN39040,03.06.2022 16:50,71.6
Kjevik,SN39040,03.06.2022 17:20,71.6
Kjevik,SN39040,03.06.2022 17:50,71.6
Kjevik,SN39040,03.06.2022 18:20,71.6
Kjevik,SN39040,03.06.2022 18:50,69.8
Kjevik,SN39040,03.06.2022 19:20,64.4
Kjevik,SN39040,03.06.2022 19:50,64.4
Kjevik,SN39040,03.06.2022 20:20,62.6
Kjevik,SN39040,03.06.2022 20:50,60.8
Kjevik,SN39040,03.06.2022 21:20,59.0
Kjevik,SN39040,03.06.2022 21:50,57.2
Kjevik,SN39040,03.06.2022 22:20,55.4
Kjevik,SN39040,03.06.2022 22:50,51.8
Kjevik,SN39040,03.06.2022 23:20,51.8
Kjevik,SN39040,03.06.2022 23:50,50.0
Kjevik,SN39040,04.06.2022 00:20,48.2
Kjevik,SN39040,04.06.2022 00:50,48.2
Kjevik,SN39040,04.06.2022 01:20,48.2
Kjevik,SN39040,04.06.2022 01:50,46.4
Kjevik,SN39040,04.06.2022 02:20,48.2
Kjevik,SN39040,04.06.2022 02:50,46.4
Kjevik,SN39040,04.06.2022 03:20,44.6
Kjevik,SN39040,04.06.2022 03:50,44.6
Kjevik,SN39040,04.06.2022 04:20,46.4
Kjevik,SN39040,04.06.2022 04:50,46.4
Kjevik,SN39040,04.06.2022 05:20,50.0
Kjevik,SN39040,04.06.2022 05:50,51.8
Kjevik,SN39040,04.06.2022 06:20,55.4
Kjevik,SN39040,04.06.2022 06:50,59.0
Kjevik,SN39040,04.06.2022 07:20,60.8
Kjevik,SN39040,04.06.2022 07:50,62.6
Kjevik,SN39040,04.06.2022 08:20,66.2
Kjevik,SN39040,04.06.2022 08:50,66.2
Kjevik,SN39040,04.06.2022 09:20,66.2
Kjevik,SN39040,04.06.2022 09:50,68.0
Kjevik,SN39040,04.06.2022 10:20,66.2
Kjevik,SN39040,04.06.2022 10:50,64.4
Kjevik,SN39040,04.06.2022 11:20,66.2
Kjevik,SN39040,04.06.2022 11:50,66.2
Kjevik,SN39040,04.06.2022 12:20,64.4
Kjevik,SN39040,04.06.2022 12:50,64.4
Kjevik,SN39040,04.06.2022 13:20,64.4
Kjevik,SN39040,04.06.2022 13:50,64.4
Kjevik,SN39040,04.06.2022 14:20,62.6
Kjevik,SN39040,04.06.2022 14:50,64.4
Kjevik,SN39040,04.06.2022 15:20,64.4
Kjevik,SN39040,04.06.2022 15:50,66.2
Kjevik,SN39040,04.06.2022 16:20,68.0
Kjevik,SN39040,04.06.2022 16:50,68.0
Kjevik,SN39040,04.06.2022 17:20,69.8
Kjevik,SN39040,04.06.2022 17:50,66.2
Kjevik,SN39040,04.06.2022 18:20,66.2
Kjevik,SN39040,04.06.2022 18:50,66.2
Kjevik,SN39040,04.06.2022 19:20,64.4
Kjevik,SN39040,04.06.2022 19:50,62.6
Kjevik,SN39040,04.06.2022 20:20,60.8
Kjevik,SN39040,04.06.2022 20:50,59.0
Kjevik,SN39040,04.06.2022 21:20,57.2
Kjevik,SN39040,04.06.2022 21:50,55.4
Kjevik,SN39040,04.06.2022 22:20,53.6
Kjevik,SN39040,04.06.2022 22:50,51.8
Kjevik,SN39040,04.06.2022 23:20,50.0
Kjevik,SN39040,04.06.2022 23:50,50.0
Kjevik,SN39040,05.06.2022 00:20,46.4
Kjevik,SN39040,05.06.2022 00:50,46.4
Kjevik,SN39040,05.06.2022 01:20,46.4
Kjevik,SN39040,05.06.2022 01:50,44.6
Kjevik,SN39040,05.06.2022 02:20,44.6
Kjevik,SN39040,05.06.2022 02:50,42.8
Kjevik,SN39040,05.06.2022 03:20,42.8
Kjevik,SN39040,05.06.2022 03:50,42.8
Kjevik,SN39040,05.06.2022 04:20,42.8
Kjevik,SN39040,05.06.2022 04:50,44.6
Kjevik,SN39040,05.06.2022 05:20,46.4
Kjevik,SN39040,05.06.2022 05:50,48.2
Kjevik,SN39040,05.06.2022 06:20,51.8
Kjevik,SN39040,05.06.2022 06:50,55.4
Kjevik,SN39040,05.06.2022 07:20,59.0
Kjevik,SN39040,05.06.2022 07:50,62.6
Kjevik,SN39040,05.06.2022 08:20,64.4
Kjevik,SN39040,05.06.2022 08:50,64.4
Kjevik,SN39040,05.06.2022 09:20,64.4
Kjevik,SN39040,05.06.2022 09:50,64.4
Kjevik,SN39040,05.06.2022 10:20,64.4
Kjevik,SN39040,05.06.2022 10:50,66.2
Kjevik,SN39040,05.06.2022 11:20,66.2
Kjevik,SN39040,05.06.2022 11:50,64.4
Kjevik,SN39040,05.06.2022 12:20,64.4
Kjevik,SN39040,05.06.2022 12:50,66.2
Kjevik,SN39040,05.06.2022 13:20,64.4
Kjevik,SN39040,05.06.2022 13:50,64.4
Kjevik,SN39040,05.06.2022 14:20,62.6
Kjevik,SN39040,05.06.2022 14:50,66.2
Kjevik,SN39040,05.06.2022 15:20,66.2
Kjevik,SN39040,05.06.2022 15:50,66.2
Kjevik,SN39040,05.06.2022 16:20,64.4
Kjevik,SN39040,05.06.2022 16:50,64.4
Kjevik,SN39040,05.06.2022 17:20,64.4
Kjevik,SN39040,05.06.2022 17:50,64.4
Kjevik,SN39040,05.06.2022 18:20,64.4
Kjevik,SN39040,05.06.2022 18:50,62.6
Kjevik,SN39040,05.06.2022 19:20,62.6
Kjevik,SN39040,05.06.2022 19:50,59.0
Kjevik,SN39040,05.06.2022 20:20,57.2
Kjevik,SN39040,05.06.2022 20:50,57.2
Kjevik,SN39040,05.06.2022 21:20,55.4
Kjevik,SN39040,05.06.2022 21:50,51.8
Kjevik,SN39040,05.06.2022 22:20,50.0
Kjevik,SN39040,05.06.2022 22:50,48.2
Kjevik,SN39040,05.06.2022 23:20,46.4
Kjevik,SN39040,05.06.2022 23:50,46.4
Kjevik,SN39040,06.06.2022 00:20,44.6
Kjevik,SN39040,06.06.2022 00:50,44.6
Kjevik,SN39040,06.06.2022 01:20,46.4
Kjevik,SN39040,06.06.2022 01:50,44.6
Kjevik,SN39040,06.06.2022 02:20,44.6
Kjevik,SN39040,06.06.2022 02:50,44.6
Kjevik,SN39040,06.06.2022 03:20,44.6
Kjevik,SN39040,06.06.2022 03:50,44.6
Kjevik,SN39040,06.06.2022 04:20,46.4
Kjevik,SN39040,06.06.2022 04:50,46.4
Kjevik,SN39040,06.06.2022 05:20,48.2
Kjevik,SN39040,06.06.2022 05:50,50.0
Kjevik,SN39040,06.06.2022 06:20,51.8
Kjevik,SN39040,06.06.2022 06:50,53.6
Kjevik,SN39040,06.06.2022 07:20,57.2
Kjevik,SN39040,06.06.2022 07:50,59.0
Kjevik,SN39040,06.06.2022 08:20,62.6
Kjevik,SN39040,06.06.2022 08:50,64.4
Kjevik,SN39040,06.06.2022 09:20,64.4
Kjevik,SN39040,06.06.2022 09:50,66.2
Kjevik,SN39040,06.06.2022 10:20,66.2
Kjevik,SN39040,06.06.2022 10:50,68.0
Kjevik,SN39040,06.06.2022 11:20,66.2
Kjevik,SN39040,06.06.2022 11:50,69.8
Kjevik,SN39040,06.06.2022 12:20,66.2
Kjevik,SN39040,06.06.2022 12:50,68.0
Kjevik,SN39040,06.06.2022 13:20,68.0
Kjevik,SN39040,06.06.2022 13:50,68.0
Kjevik,SN39040,06.06.2022 14:20,68.0
Kjevik,SN39040,06.06.2022 14:50,66.2
Kjevik,SN39040,06.06.2022 15:20,68.0
Kjevik,SN39040,06.06.2022 15:50,66.2
Kjevik,SN39040,06.06.2022 16:20,64.4
Kjevik,SN39040,06.06.2022 16:50,64.4
Kjevik,SN39040,06.06.2022 17:20,64.4
Kjevik,SN39040,06.06.2022 17:50,62.6
Kjevik,SN39040,06.06.2022 18:20,60.8
Kjevik,SN39040,06.06.2022 18:50,60.8
Kjevik,SN39040,06.06.2022 19:20,60.8
Kjevik,SN39040,06.06.2022 19:50,62.6
Kjevik,SN39040,06.06.2022 20:20,62.6
Kjevik,SN39040,06.06.2022 20:50,60.8
Kjevik,SN39040,06.06.2022 21:20,60.8
Kjevik,SN39040,06.06.2022 21:50,60.8
Kjevik,SN39040,06.06.2022 22:20,59.0
Kjevik,SN39040,06.06.2022 22:50,59.0
Kjevik,SN39040,06.06.2022 23:20,57.2
Kjevik,SN39040,06.06.2022 23:50,57.2
Kjevik,SN39040,07.06.2022 00:20,57.2
Kjevik,SN39040,07.06.2022 00:50,57.2
Kjevik,SN39040,07.06.2022 01:20,57.2
Kjevik,SN39040,07.06.2022 01:50,57.2
Kjevik,SN39040,07.06.2022 02:20,57.2
Kjevik,SN39040,07.06.2022 02:50,57.2
Kjevik,SN39040,07.06.2022 03:20,57.2
Kjevik,SN39040,07.06.2022 03:50,57.2
Kjevik,SN39040,07.06.2022 04:20,57.2
Kjevik,SN39040,07.06.2022 04:50,57.2
Kjevik,SN39040,07.06.2022 05:20,57.2
Kjevik,SN39040,07.06.2022 05:50,57.2
Kjevik,SN39040,07.06.2022 06:20,57.2
Kjevik,SN39040,07.06.2022 06:50,57.2
Kjevik,SN39040,07.06.2022 07:20,59.0
Kjevik,SN39040,07.06.2022 07:50,60.8
Kjevik,SN39040,07.06.2022 08:20,59.0
Kjevik,SN39040,07.06.2022 08:50,59.0
Kjevik,SN39040,07.06.2022 09:20,60.8
Kjevik,SN39040,07.06.2022 09:50,59.0
Kjevik,SN39040,07.06.2022 10:20,59.0
Kjevik,SN39040,07.06.2022 10:50,59.0
Kjevik,SN39040,07.06.2022 11:20,59.0
Kjevik,SN39040,07.06.2022 11:50,57.2
Kjevik,SN39040,07.06.2022 12:20,55.4
Kjevik,SN39040,07.06.2022 12:50,55.4
Kjevik,SN39040,07.06.2022 13:20,55.4
Kjevik,SN39040,07.06.2022 13:50,57.2
Kjevik,SN39040,07.06.2022 14:20,57.2
Kjevik,SN39040,07.06.2022 14:50,57.2
Kjevik,SN39040,07.06.2022 15:20,59.0
Kjevik,SN39040,07.06.2022 15:50,59.0
Kjevik,SN39040,07.06.2022 16:20,59.0
Kjevik,SN39040,07.06.2022 16:50,59.0
Kjevik,SN39040,07.06.2022 17:20,59.0
Kjevik,SN39040,07.06.2022 17:50,59.0
Kjevik,SN39040,07.06.2022 18:20,60.8
Kjevik,SN39040,07.06.2022 18:50,59.0
Kjevik,SN39040,07.06.2022 19:20,59.0
Kjevik,SN39040,07.06.2022 19:50,59.0
Kjevik,SN39040,07.06.2022 20:20,59.0
Kjevik,SN39040,07.06.2022 20:50,57.2
Kjevik,SN39040,07.06.2022 21:20,55.4
Kjevik,SN39040,07.06.2022 21:50,55.4
Kjevik,SN39040,07.06.2022 22:20,55.4
Kjevik,SN39040,07.06.2022 22:50,55.4
Kjevik,SN39040,08.06.2022 00:20,53.6
Kjevik,SN39040,08.06.2022 02:20,53.6
Kjevik,SN39040,08.06.2022 02:50,53.6
Kjevik,SN39040,08.06.2022 03:20,53.6
Kjevik,SN39040,08.06.2022 03:50,55.4
Kjevik,SN39040,08.06.2022 04:20,53.6
Kjevik,SN39040,08.06.2022 04:50,53.6
Kjevik,SN39040,08.06.2022 05:20,53.6
Kjevik,SN39040,08.06.2022 05:50,55.4
Kjevik,SN39040,08.06.2022 06:20,55.4
Kjevik,SN39040,08.06.2022 06:50,55.4
Kjevik,SN39040,08.06.2022 07:20,55.4
Kjevik,SN39040,08.06.2022 07:50,57.2
Kjevik,SN39040,08.06.2022 08:20,59.0
Kjevik,SN39040,08.06.2022 08:50,60.8
Kjevik,SN39040,08.06.2022 09:20,60.8
Kjevik,SN39040,08.06.2022 09:50,59.0
Kjevik,SN39040,08.06.2022 10:20,59.0
Kjevik,SN39040,08.06.2022 10:50,59.0
Kjevik,SN39040,08.06.2022 11:20,60.8
Kjevik,SN39040,08.06.2022 11:50,62.6
Kjevik,SN39040,08.06.2022 12:20,62.6
Kjevik,SN39040,08.06.2022 12:50,62.6
Kjevik,SN39040,08.06.2022 13:20,64.4
Kjevik,SN39040,08.06.2022 13:50,64.4
Kjevik,SN39040,08.06.2022 14:20,62.6
Kjevik,SN39040,08.06.2022 14:50,62.6
Kjevik,SN39040,08.06.2022 15:20,62.6
Kjevik,SN39040,08.06.2022 15:50,60.8
Kjevik,SN39040,08.06.2022 16:20,60.8
Kjevik,SN39040,08.06.2022 16:50,60.8
Kjevik,SN39040,08.06.2022 17:20,59.0
Kjevik,SN39040,08.06.2022 17:50,59.0
Kjevik,SN39040,08.06.2022 18:20,59.0
Kjevik,SN39040,08.06.2022 18:50,57.2
Kjevik,SN39040,08.06.2022 19:20,57.2
Kjevik,SN39040,08.06.2022 19:50,57.2
Kjevik,SN39040,08.06.2022 20:20,55.4
Kjevik,SN39040,08.06.2022 20:50,55.4
Kjevik,SN39040,08.06.2022 21:20,53.6
Kjevik,SN39040,08.06.2022 21:50,53.6
Kjevik,SN39040,08.06.2022 22:20,53.6
Kjevik,SN39040,08.06.2022 22:50,53.6
Kjevik,SN39040,08.06.2022 23:20,51.8
Kjevik,SN39040,08.06.2022 23:50,51.8
Kjevik,SN39040,09.06.2022 00:20,51.8
Kjevik,SN39040,09.06.2022 00:50,51.8
Kjevik,SN39040,09.06.2022 01:20,50.0
Kjevik,SN39040,09.06.2022 01:50,50.0
Kjevik,SN39040,09.06.2022 02:20,48.2
Kjevik,SN39040,09.06.2022 02:50,50.0
Kjevik,SN39040,09.06.2022 03:20,50.0
Kjevik,SN39040,09.06.2022 03:50,50.0
Kjevik,SN39040,09.06.2022 04:20,50.0
Kjevik,SN39040,09.06.2022 04:50,50.0
Kjevik,SN39040,09.06.2022 05:20,51.8
Kjevik,SN39040,09.06.2022 05:50,53.6
Kjevik,SN39040,09.06.2022 06:20,55.4
Kjevik,SN39040,09.06.2022 06:50,55.4
Kjevik,SN39040,09.06.2022 07:20,57.2
Kjevik,SN39040,09.06.2022 07:50,57.2
Kjevik,SN39040,09.06.2022 08:20,57.2
Kjevik,SN39040,09.06.2022 08:50,57.2
Kjevik,SN39040,09.06.2022 09:20,57.2
Kjevik,SN39040,09.06.2022 09:50,57.2
Kjevik,SN39040,09.06.2022 10:20,57.2
Kjevik,SN39040,09.06.2022 10:50,59.0
Kjevik,SN39040,09.06.2022 11:20,59.0
Kjevik,SN39040,09.06.2022 11:50,57.2
Kjevik,SN39040,09.06.2022 12:20,55.4
Kjevik,SN39040,09.06.2022 12:50,55.4
Kjevik,SN39040,09.06.2022 13:20,57.2
Kjevik,SN39040,09.06.2022 13:50,57.2
Kjevik,SN39040,09.06.2022 14:20,57.2
Kjevik,SN39040,09.06.2022 14:50,57.2
Kjevik,SN39040,09.06.2022 15:20,57.2
Kjevik,SN39040,09.06.2022 15:50,57.2
Kjevik,SN39040,09.06.2022 16:20,57.2
Kjevik,SN39040,09.06.2022 16:50,57.2
Kjevik,SN39040,09.06.2022 17:20,57.2
Kjevik,SN39040,09.06.2022 17:50,57.2
Kjevik,SN39040,09.06.2022 18:20,57.2
Kjevik,SN39040,09.06.2022 18:50,57.2
Kjevik,SN39040,09.06.2022 19:20,57.2
Kjevik,SN39040,09.06.2022 19:50,57.2
Kjevik,SN39040,09.06.2022 20:20,57.2
Kjevik,SN39040,09.06.2022 20:50,55.4
Kjevik,SN39040,09.06.2022 21:20,55.4
Kjevik,SN39040,09.06.2022 21:50,55.4
Kjevik,SN39040,09.06.2022 22:20,55.4
Kjevik,SN39040,09.06.2022 22:50,55.4
Kjevik,SN39040,09.06.2022 23:20,55.4
Kjevik,SN39040,09.06.2022 23:50,55.4
Kjevik,SN39040,10.06.2022 00:50,55.4
Kjevik,SN39040,10.06.2022 01:20,55.4
Kjevik,SN39040,10.06.2022 02:50,53.6
Kjevik,SN39040,10.06.2022 03:20,53.6
Kjevik,SN39040,10.06.2022 03:50,53.6
Kjevik,SN39040,10.06.2022 04:20,53.6
Kjevik,SN39040,10.06.2022 04:50,53.6
Kjevik,SN39040,10.06.2022 05:20,55.4
Kjevik,SN39040,10.06.2022 05:50,55.4
Kjevik,SN39040,10.06.2022 06:20,55.4
Kjevik,SN39040,10.06.2022 06:50,55.4
Kjevik,SN39040,10.06.2022 07:20,57.2
Kjevik,SN39040,10.06.2022 07:50,57.2
Kjevik,SN39040,10.06.2022 08:20,57.2
Kjevik,SN39040,10.06.2022 08:50,57.2
Kjevik,SN39040,10.06.2022 09:20,57.2
Kjevik,SN39040,10.06.2022 09:50,59.0
Kjevik,SN39040,10.06.2022 10:20,59.0
Kjevik,SN39040,10.06.2022 10:50,59.0
Kjevik,SN39040,10.06.2022 11:20,59.0
Kjevik,SN39040,10.06.2022 11:50,60.8
Kjevik,SN39040,10.06.2022 12:20,60.8
Kjevik,SN39040,10.06.2022 12:50,60.8
Kjevik,SN39040,10.06.2022 13:20,60.8
Kjevik,SN39040,10.06.2022 13:50,60.8
Kjevik,SN39040,10.06.2022 14:20,59.0
Kjevik,SN39040,10.06.2022 14:50,59.0
Kjevik,SN39040,10.06.2022 15:20,60.8
Kjevik,SN39040,10.06.2022 15:50,59.0
Kjevik,SN39040,10.06.2022 16:20,57.2
Kjevik,SN39040,10.06.2022 16:50,59.0
Kjevik,SN39040,10.06.2022 17:20,59.0
Kjevik,SN39040,10.06.2022 17:50,57.2
Kjevik,SN39040,10.06.2022 18:20,57.2
Kjevik,SN39040,10.06.2022 18:50,57.2
Kjevik,SN39040,10.06.2022 19:20,57.2
Kjevik,SN39040,10.06.2022 19:50,57.2
Kjevik,SN39040,10.06.2022 20:20,57.2
Kjevik,SN39040,10.06.2022 20:50,57.2
Kjevik,SN39040,10.06.2022 21:20,57.2
Kjevik,SN39040,10.06.2022 21:50,57.2
Kjevik,SN39040,10.06.2022 22:20,57.2
Kjevik,SN39040,10.06.2022 22:50,57.2
Kjevik,SN39040,10.06.2022 23:20,55.4
Kjevik,SN39040,10.06.2022 23:50,55.4
Kjevik,SN39040,11.06.2022 00:20,55.4
Kjevik,SN39040,11.06.2022 01:20,55.4
Kjevik,SN39040,11.06.2022 01:50,55.4
Kjevik,SN39040,11.06.2022 02:20,53.6
Kjevik,SN39040,11.06.2022 03:20,51.8
Kjevik,SN39040,11.06.2022 03:50,51.8
Kjevik,SN39040,11.06.2022 04:50,53.6
Kjevik,SN39040,11.06.2022 05:20,53.6
Kjevik,SN39040,11.06.2022 05:50,55.4
Kjevik,SN39040,11.06.2022 06:20,57.2
Kjevik,SN39040,11.06.2022 06:50,57.2
Kjevik,SN39040,11.06.2022 07:20,57.2
Kjevik,SN39040,11.06.2022 07:50,57.2
Kjevik,SN39040,11.06.2022 08:20,57.2
Kjevik,SN39040,11.06.2022 08:50,57.2
Kjevik,SN39040,11.06.2022 09:20,57.2
Kjevik,SN39040,11.06.2022 09:50,59.0
Kjevik,SN39040,11.06.2022 10:20,57.2
Kjevik,SN39040,11.06.2022 10:50,59.0
Kjevik,SN39040,11.06.2022 11:20,60.8
Kjevik,SN39040,11.06.2022 11:50,62.6
Kjevik,SN39040,11.06.2022 12:20,62.6
Kjevik,SN39040,11.06.2022 12:50,62.6
Kjevik,SN39040,11.06.2022 13:20,62.6
Kjevik,SN39040,11.06.2022 13:50,62.6
Kjevik,SN39040,11.06.2022 14:20,62.6
Kjevik,SN39040,11.06.2022 14:50,64.4
Kjevik,SN39040,11.06.2022 15:20,62.6
Kjevik,SN39040,11.06.2022 15:50,60.8
Kjevik,SN39040,11.06.2022 16:20,60.8
Kjevik,SN39040,11.06.2022 16:50,60.8
Kjevik,SN39040,11.06.2022 17:20,60.8
Kjevik,SN39040,11.06.2022 17:50,60.8
Kjevik,SN39040,11.06.2022 18:20,60.8
Kjevik,SN39040,11.06.2022 18:50,59.0
Kjevik,SN39040,11.06.2022 19:20,59.0
Kjevik,SN39040,11.06.2022 19:50,57.2
Kjevik,SN39040,11.06.2022 20:20,57.2
Kjevik,SN39040,11.06.2022 20:50,57.2
Kjevik,SN39040,11.06.2022 21:20,57.2
Kjevik,SN39040,11.06.2022 21:50,57.2
Kjevik,SN39040,11.06.2022 23:50,57.2
Kjevik,SN39040,12.06.2022 00:20,57.2
Kjevik,SN39040,12.06.2022 00:50,57.2
Kjevik,SN39040,12.06.2022 01:20,57.2
Kjevik,SN39040,12.06.2022 02:20,57.2
Kjevik,SN39040,12.06.2022 02:50,57.2
Kjevik,SN39040,12.06.2022 03:20,55.4
Kjevik,SN39040,12.06.2022 03:50,57.2
Kjevik,SN39040,12.06.2022 04:20,57.2
Kjevik,SN39040,12.06.2022 04:50,57.2
Kjevik,SN39040,12.06.2022 05:20,57.2
Kjevik,SN39040,12.06.2022 05:50,57.2
Kjevik,SN39040,12.06.2022 06:20,57.2
Kjevik,SN39040,12.06.2022 06:50,59.0
Kjevik,SN39040,12.06.2022 07:20,59.0
Kjevik,SN39040,12.06.2022 07:50,59.0
Kjevik,SN39040,12.06.2022 08:20,59.0
Kjevik,SN39040,12.06.2022 08:50,59.0
Kjevik,SN39040,12.06.2022 09:20,59.0
Kjevik,SN39040,12.06.2022 09:50,59.0
Kjevik,SN39040,12.06.2022 10:20,59.0
Kjevik,SN39040,12.06.2022 10:50,59.0
Kjevik,SN39040,12.06.2022 11:20,59.0
Kjevik,SN39040,12.06.2022 11:50,59.0
Kjevik,SN39040,12.06.2022 12:20,59.0
Kjevik,SN39040,12.06.2022 12:50,60.8
Kjevik,SN39040,12.06.2022 13:20,60.8
Kjevik,SN39040,12.06.2022 13:50,60.8
Kjevik,SN39040,12.06.2022 14:20,60.8
Kjevik,SN39040,12.06.2022 14:50,62.6
Kjevik,SN39040,12.06.2022 15:20,60.8
Kjevik,SN39040,12.06.2022 15:50,62.6
Kjevik,SN39040,12.06.2022 16:20,62.6
Kjevik,SN39040,12.06.2022 16:50,60.8
Kjevik,SN39040,12.06.2022 17:20,60.8
Kjevik,SN39040,12.06.2022 17:50,60.8
Kjevik,SN39040,12.06.2022 18:20,59.0
Kjevik,SN39040,12.06.2022 18:50,59.0
Kjevik,SN39040,12.06.2022 19:20,59.0
Kjevik,SN39040,12.06.2022 19:50,57.2
Kjevik,SN39040,12.06.2022 20:20,57.2
Kjevik,SN39040,12.06.2022 20:50,55.4
Kjevik,SN39040,12.06.2022 21:20,55.4
Kjevik,SN39040,12.06.2022 21:50,55.4
Kjevik,SN39040,12.06.2022 22:20,53.6
Kjevik,SN39040,12.06.2022 22:50,53.6
Kjevik,SN39040,12.06.2022 23:50,51.8
Kjevik,SN39040,13.06.2022 00:20,51.8
Kjevik,SN39040,13.06.2022 00:50,51.8
Kjevik,SN39040,13.06.2022 01:20,50.0
Kjevik,SN39040,13.06.2022 01:50,50.0
Kjevik,SN39040,13.06.2022 02:20,50.0
Kjevik,SN39040,13.06.2022 02:50,50.0
Kjevik,SN39040,13.06.2022 03:20,50.0
Kjevik,SN39040,13.06.2022 03:50,50.0
Kjevik,SN39040,13.06.2022 04:20,50.0
Kjevik,SN39040,13.06.2022 04:50,50.0
Kjevik,SN39040,13.06.2022 05:20,51.8
Kjevik,SN39040,13.06.2022 05:50,51.8
Kjevik,SN39040,13.06.2022 06:20,53.6
Kjevik,SN39040,13.06.2022 06:50,53.6
Kjevik,SN39040,13.06.2022 07:20,55.4
Kjevik,SN39040,13.06.2022 07:50,57.2
Kjevik,SN39040,13.06.2022 08:20,57.2
Kjevik,SN39040,13.06.2022 08:50,59.0
Kjevik,SN39040,13.06.2022 09:20,57.2
Kjevik,SN39040,13.06.2022 09:50,59.0
Kjevik,SN39040,13.06.2022 10:20,60.8
Kjevik,SN39040,13.06.2022 10:50,60.8
Kjevik,SN39040,13.06.2022 11:20,60.8
Kjevik,SN39040,13.06.2022 11:50,60.8
Kjevik,SN39040,13.06.2022 12:20,60.8
Kjevik,SN39040,13.06.2022 12:50,60.8
Kjevik,SN39040,13.06.2022 13:20,60.8
Kjevik,SN39040,13.06.2022 13:50,60.8
Kjevik,SN39040,13.06.2022 14:20,60.8
Kjevik,SN39040,13.06.2022 14:50,62.6
Kjevik,SN39040,13.06.2022 15:20,62.6
Kjevik,SN39040,13.06.2022 15:50,62.6
Kjevik,SN39040,13.06.2022 16:20,62.6
Kjevik,SN39040,13.06.2022 16:50,62.6
Kjevik,SN39040,13.06.2022 17:20,62.6
Kjevik,SN39040,13.06.2022 17:50,62.6
Kjevik,SN39040,13.06.2022 18:20,60.8
Kjevik,SN39040,13.06.2022 18:50,60.8
Kjevik,SN39040,13.06.2022 19:20,59.0
Kjevik,SN39040,13.06.2022 19:50,59.0
Kjevik,SN39040,13.06.2022 20:20,57.2
Kjevik,SN39040,13.06.2022 20:50,57.2
Kjevik,SN39040,13.06.2022 21:20,57.2
Kjevik,SN39040,13.06.2022 21:50,55.4
Kjevik,SN39040,13.06.2022 22:20,55.4
Kjevik,SN39040,13.06.2022 22:50,53.6
Kjevik,SN39040,13.06.2022 23:20,53.6
Kjevik,SN39040,13.06.2022 23:50,53.6
Kjevik,SN39040,14.06.2022 00:20,53.6
Kjevik,SN39040,14.06.2022 00:50,53.6
Kjevik,SN39040,14.06.2022 01:20,51.8
Kjevik,SN39040,14.06.2022 01:50,51.8
Kjevik,SN39040,14.06.2022 02:20,51.8
Kjevik,SN39040,14.06.2022 02:50,51.8
Kjevik,SN39040,14.06.2022 03:20,51.8
Kjevik,SN39040,14.06.2022 03:50,51.8
Kjevik,SN39040,14.06.2022 04:20,53.6
Kjevik,SN39040,14.06.2022 04:50,53.6
Kjevik,SN39040,14.06.2022 05:20,55.4
Kjevik,SN39040,14.06.2022 05:50,55.4
Kjevik,SN39040,14.06.2022 06:20,59.0
Kjevik,SN39040,14.06.2022 06:50,57.2
Kjevik,SN39040,14.06.2022 07:20,60.8
Kjevik,SN39040,14.06.2022 07:50,60.8
Kjevik,SN39040,14.06.2022 08:20,60.8
Kjevik,SN39040,14.06.2022 08:50,59.0
Kjevik,SN39040,14.06.2022 09:20,60.8
Kjevik,SN39040,14.06.2022 09:50,62.6
Kjevik,SN39040,14.06.2022 10:20,64.4
Kjevik,SN39040,14.06.2022 10:50,66.2
Kjevik,SN39040,14.06.2022 11:20,66.2
Kjevik,SN39040,14.06.2022 11:50,66.2
Kjevik,SN39040,14.06.2022 12:20,66.2
Kjevik,SN39040,14.06.2022 12:50,69.8
Kjevik,SN39040,14.06.2022 13:20,68.0
Kjevik,SN39040,14.06.2022 13:50,68.0
Kjevik,SN39040,14.06.2022 14:20,66.2
Kjevik,SN39040,14.06.2022 14:50,68.0
Kjevik,SN39040,14.06.2022 15:20,66.2
Kjevik,SN39040,14.06.2022 15:50,68.0
Kjevik,SN39040,14.06.2022 16:20,66.2
Kjevik,SN39040,14.06.2022 16:50,68.0
Kjevik,SN39040,14.06.2022 17:20,68.0
Kjevik,SN39040,14.06.2022 17:50,68.0
Kjevik,SN39040,14.06.2022 18:20,66.2
Kjevik,SN39040,14.06.2022 18:50,68.0
Kjevik,SN39040,14.06.2022 19:20,66.2
Kjevik,SN39040,14.06.2022 19:50,64.4
Kjevik,SN39040,14.06.2022 20:20,62.6
Kjevik,SN39040,14.06.2022 20:50,62.6
Kjevik,SN39040,14.06.2022 21:20,60.8
Kjevik,SN39040,14.06.2022 21:50,60.8
Kjevik,SN39040,14.06.2022 22:20,59.0
Kjevik,SN39040,14.06.2022 22:50,57.2
Kjevik,SN39040,14.06.2022 23:20,57.2
Kjevik,SN39040,14.06.2022 23:50,57.2
Kjevik,SN39040,15.06.2022 00:20,57.2
Kjevik,SN39040,15.06.2022 00:50,55.4
Kjevik,SN39040,15.06.2022 01:20,55.4
Kjevik,SN39040,15.06.2022 01:50,51.8
Kjevik,SN39040,15.06.2022 02:20,50.0
Kjevik,SN39040,15.06.2022 02:50,48.2
Kjevik,SN39040,15.06.2022 03:20,48.2
Kjevik,SN39040,15.06.2022 03:50,48.2
Kjevik,SN39040,15.06.2022 04:20,48.2
Kjevik,SN39040,15.06.2022 04:50,50.0
Kjevik,SN39040,15.06.2022 05:20,51.8
Kjevik,SN39040,15.06.2022 05:50,55.4
Kjevik,SN39040,15.06.2022 06:20,59.0
Kjevik,SN39040,15.06.2022 06:50,60.8
Kjevik,SN39040,15.06.2022 07:20,62.6
Kjevik,SN39040,15.06.2022 07:50,62.6
Kjevik,SN39040,15.06.2022 08:20,62.6
Kjevik,SN39040,15.06.2022 08:50,64.4
Kjevik,SN39040,15.06.2022 09:20,66.2
Kjevik,SN39040,15.06.2022 09:50,64.4
Kjevik,SN39040,15.06.2022 10:20,64.4
Kjevik,SN39040,15.06.2022 10:50,64.4
Kjevik,SN39040,15.06.2022 11:20,64.4
Kjevik,SN39040,15.06.2022 11:50,66.2
Kjevik,SN39040,15.06.2022 12:20,66.2
Kjevik,SN39040,15.06.2022 12:50,66.2
Kjevik,SN39040,15.06.2022 13:20,66.2
Kjevik,SN39040,15.06.2022 13:50,66.2
Kjevik,SN39040,15.06.2022 14:20,66.2
Kjevik,SN39040,15.06.2022 14:50,66.2
Kjevik,SN39040,15.06.2022 15:20,66.2
Kjevik,SN39040,15.06.2022 15:50,66.2
Kjevik,SN39040,15.06.2022 16:20,68.0
Kjevik,SN39040,15.06.2022 16:50,69.8
Kjevik,SN39040,15.06.2022 17:20,69.8
Kjevik,SN39040,15.06.2022 17:50,68.0
Kjevik,SN39040,15.06.2022 18:20,68.0
Kjevik,SN39040,15.06.2022 18:50,66.2
Kjevik,SN39040,15.06.2022 19:20,68.0
Kjevik,SN39040,15.06.2022 19:50,66.2
Kjevik,SN39040,15.06.2022 20:20,64.4
Kjevik,SN39040,15.06.2022 20:50,64.4
Kjevik,SN39040,15.06.2022 21:20,62.6
Kjevik,SN39040,15.06.2022 21:50,60.8
Kjevik,SN39040,15.06.2022 22:20,60.8
Kjevik,SN39040,15.06.2022 22:50,59.0
Kjevik,SN39040,15.06.2022 23:20,57.2
Kjevik,SN39040,15.06.2022 23:50,57.2
Kjevik,SN39040,16.06.2022 00:20,57.2
Kjevik,SN39040,16.06.2022 00:50,57.2
Kjevik,SN39040,16.06.2022 01:20,57.2
Kjevik,SN39040,16.06.2022 01:50,57.2
Kjevik,SN39040,16.06.2022 02:20,57.2
Kjevik,SN39040,16.06.2022 02:50,57.2
Kjevik,SN39040,16.06.2022 03:20,57.2
Kjevik,SN39040,16.06.2022 03:50,57.2
Kjevik,SN39040,16.06.2022 04:20,57.2
Kjevik,SN39040,16.06.2022 04:50,57.2
Kjevik,SN39040,16.06.2022 05:20,59.0
Kjevik,SN39040,16.06.2022 05:50,59.0
Kjevik,SN39040,16.06.2022 06:20,60.8
Kjevik,SN39040,16.06.2022 06:50,62.6
Kjevik,SN39040,16.06.2022 07:20,62.6
Kjevik,SN39040,16.06.2022 07:50,64.4
Kjevik,SN39040,16.06.2022 08:20,66.2
Kjevik,SN39040,16.06.2022 08:50,68.0
Kjevik,SN39040,16.06.2022 09:20,69.8
Kjevik,SN39040,16.06.2022 09:50,69.8
Kjevik,SN39040,16.06.2022 10:20,71.6
Kjevik,SN39040,16.06.2022 10:50,73.4
Kjevik,SN39040,16.06.2022 11:20,73.4
Kjevik,SN39040,16.06.2022 11:50,75.2
Kjevik,SN39040,16.06.2022 12:20,75.2
Kjevik,SN39040,16.06.2022 12:50,75.2
Kjevik,SN39040,16.06.2022 13:20,75.2
Kjevik,SN39040,16.06.2022 13:50,77.0
Kjevik,SN39040,16.06.2022 14:20,75.2
Kjevik,SN39040,16.06.2022 14:50,77.0
Kjevik,SN39040,16.06.2022 15:20,77.0
Kjevik,SN39040,16.06.2022 15:50,77.0
Kjevik,SN39040,16.06.2022 16:20,77.0
Kjevik,SN39040,16.06.2022 16:50,73.4
Kjevik,SN39040,16.06.2022 17:20,75.2
Kjevik,SN39040,16.06.2022 17:50,75.2
Kjevik,SN39040,16.06.2022 18:20,73.4
Kjevik,SN39040,16.06.2022 18:50,73.4
Kjevik,SN39040,16.06.2022 19:20,71.6
Kjevik,SN39040,16.06.2022 19:50,69.8
Kjevik,SN39040,16.06.2022 20:20,68.0
Kjevik,SN39040,16.06.2022 20:50,66.2
Kjevik,SN39040,16.06.2022 21:20,66.2
Kjevik,SN39040,16.06.2022 21:50,64.4
Kjevik,SN39040,16.06.2022 22:20,62.6
Kjevik,SN39040,16.06.2022 22:50,62.6
Kjevik,SN39040,16.06.2022 23:20,62.6
Kjevik,SN39040,16.06.2022 23:50,62.6
Kjevik,SN39040,17.06.2022 00:20,62.6
Kjevik,SN39040,17.06.2022 00:50,62.6
Kjevik,SN39040,17.06.2022 01:20,59.0
Kjevik,SN39040,17.06.2022 01:50,57.2
Kjevik,SN39040,17.06.2022 02:20,57.2
Kjevik,SN39040,17.06.2022 02:50,55.4
Kjevik,SN39040,17.06.2022 03:20,53.6
Kjevik,SN39040,17.06.2022 03:50,55.4
Kjevik,SN39040,17.06.2022 04:20,55.4
Kjevik,SN39040,17.06.2022 04:50,53.6
Kjevik,SN39040,17.06.2022 05:20,57.2
Kjevik,SN39040,17.06.2022 05:50,59.0
Kjevik,SN39040,17.06.2022 06:20,62.6
Kjevik,SN39040,17.06.2022 06:50,62.6
Kjevik,SN39040,17.06.2022 07:20,64.4
Kjevik,SN39040,17.06.2022 07:50,64.4
Kjevik,SN39040,17.06.2022 08:20,62.6
Kjevik,SN39040,17.06.2022 08:50,64.4
Kjevik,SN39040,17.06.2022 09:20,64.4
Kjevik,SN39040,17.06.2022 09:50,62.6
Kjevik,SN39040,17.06.2022 10:20,62.6
Kjevik,SN39040,17.06.2022 10:50,62.6
Kjevik,SN39040,17.06.2022 11:20,62.6
Kjevik,SN39040,17.06.2022 11:50,62.6
Kjevik,SN39040,17.06.2022 12:20,62.6
Kjevik,SN39040,17.06.2022 12:50,59.0
Kjevik,SN39040,17.06.2022 13:20,59.0
Kjevik,SN39040,17.06.2022 13:50,59.0
Kjevik,SN39040,17.06.2022 14:20,59.0
Kjevik,SN39040,17.06.2022 14:50,57.2
Kjevik,SN39040,17.06.2022 15:20,57.2
Kjevik,SN39040,17.06.2022 15:50,57.2
Kjevik,SN39040,17.06.2022 16:20,57.2
Kjevik,SN39040,17.06.2022 16:50,57.2
Kjevik,SN39040,17.06.2022 17:20,57.2
Kjevik,SN39040,17.06.2022 17:50,59.0
Kjevik,SN39040,17.06.2022 18:20,59.0
Kjevik,SN39040,17.06.2022 18:50,59.0
Kjevik,SN39040,17.06.2022 19:20,59.0
Kjevik,SN39040,17.06.2022 19:50,59.0
Kjevik,SN39040,17.06.2022 20:20,59.0
Kjevik,SN39040,17.06.2022 20:50,59.0
Kjevik,SN39040,17.06.2022 21:20,59.0
Kjevik,SN39040,17.06.2022 21:50,59.0
Kjevik,SN39040,17.06.2022 22:20,59.0
Kjevik,SN39040,17.06.2022 22:50,59.0
Kjevik,SN39040,17.06.2022 23:20,57.2
Kjevik,SN39040,17.06.2022 23:50,57.2
Kjevik,SN39040,18.06.2022 00:20,57.2
Kjevik,SN39040,18.06.2022 00:50,57.2
Kjevik,SN39040,18.06.2022 01:20,55.4
Kjevik,SN39040,18.06.2022 01:50,57.2
Kjevik,SN39040,18.06.2022 02:20,57.2
Kjevik,SN39040,18.06.2022 02:50,55.4
Kjevik,SN39040,18.06.2022 03:20,53.6
Kjevik,SN39040,18.06.2022 03:50,53.6
Kjevik,SN39040,18.06.2022 04:20,55.4
Kjevik,SN39040,18.06.2022 04:50,55.4
Kjevik,SN39040,18.06.2022 05:20,55.4
Kjevik,SN39040,18.06.2022 05:50,57.2
Kjevik,SN39040,18.06.2022 06:20,57.2
Kjevik,SN39040,18.06.2022 06:50,57.2
Kjevik,SN39040,18.06.2022 07:20,57.2
Kjevik,SN39040,18.06.2022 07:50,57.2
Kjevik,SN39040,18.06.2022 08:20,59.0
Kjevik,SN39040,18.06.2022 08:50,59.0
Kjevik,SN39040,18.06.2022 09:20,60.8
Kjevik,SN39040,18.06.2022 09:50,60.8
Kjevik,SN39040,18.06.2022 10:20,60.8
Kjevik,SN39040,18.06.2022 10:50,62.6
Kjevik,SN39040,18.06.2022 11:20,62.6
Kjevik,SN39040,18.06.2022 11:50,62.6
Kjevik,SN39040,18.06.2022 12:20,64.4
Kjevik,SN39040,18.06.2022 12:50,64.4
Kjevik,SN39040,18.06.2022 13:20,62.6
Kjevik,SN39040,18.06.2022 13:50,64.4
Kjevik,SN39040,18.06.2022 14:20,64.4
Kjevik,SN39040,18.06.2022 14:50,64.4
Kjevik,SN39040,18.06.2022 15:20,62.6
Kjevik,SN39040,18.06.2022 15:50,62.6
Kjevik,SN39040,18.06.2022 16:20,62.6
Kjevik,SN39040,18.06.2022 16:50,62.6
Kjevik,SN39040,18.06.2022 17:20,60.8
Kjevik,SN39040,18.06.2022 17:50,60.8
Kjevik,SN39040,18.06.2022 18:20,59.0
Kjevik,SN39040,18.06.2022 18:50,59.0
Kjevik,SN39040,18.06.2022 19:20,59.0
Kjevik,SN39040,18.06.2022 19:50,57.2
Kjevik,SN39040,18.06.2022 20:20,57.2
Kjevik,SN39040,18.06.2022 20:50,55.4
Kjevik,SN39040,18.06.2022 21:20,55.4
Kjevik,SN39040,18.06.2022 21:50,53.6
Kjevik,SN39040,18.06.2022 22:20,53.6
Kjevik,SN39040,18.06.2022 22:50,51.8
Kjevik,SN39040,18.06.2022 23:20,51.8
Kjevik,SN39040,18.06.2022 23:50,51.8
Kjevik,SN39040,19.06.2022 00:20,50.0
Kjevik,SN39040,19.06.2022 00:50,50.0
Kjevik,SN39040,19.06.2022 01:20,48.2
Kjevik,SN39040,19.06.2022 01:50,42.8
Kjevik,SN39040,19.06.2022 02:20,42.8
Kjevik,SN39040,19.06.2022 02:50,42.8
Kjevik,SN39040,19.06.2022 03:20,42.8
Kjevik,SN39040,19.06.2022 03:50,42.8
Kjevik,SN39040,19.06.2022 04:20,42.8
Kjevik,SN39040,19.06.2022 04:50,42.8
Kjevik,SN39040,19.06.2022 05:20,44.6
Kjevik,SN39040,19.06.2022 05:50,46.4
Kjevik,SN39040,19.06.2022 06:20,50.0
Kjevik,SN39040,19.06.2022 06:50,51.8
Kjevik,SN39040,19.06.2022 07:20,55.4
Kjevik,SN39040,19.06.2022 07:50,55.4
Kjevik,SN39040,19.06.2022 08:20,57.2
Kjevik,SN39040,19.06.2022 08:50,57.2
Kjevik,SN39040,19.06.2022 09:20,59.0
Kjevik,SN39040,19.06.2022 09:50,57.2
Kjevik,SN39040,19.06.2022 10:20,59.0
Kjevik,SN39040,19.06.2022 10:50,59.0
Kjevik,SN39040,19.06.2022 11:20,59.0
Kjevik,SN39040,19.06.2022 11:50,59.0
Kjevik,SN39040,19.06.2022 12:20,57.2
Kjevik,SN39040,19.06.2022 12:50,55.4
Kjevik,SN39040,19.06.2022 13:20,55.4
Kjevik,SN39040,19.06.2022 13:50,57.2
Kjevik,SN39040,19.06.2022 14:20,57.2
Kjevik,SN39040,19.06.2022 14:50,57.2
Kjevik,SN39040,19.06.2022 15:20,57.2
Kjevik,SN39040,19.06.2022 15:50,59.0
Kjevik,SN39040,19.06.2022 16:20,57.2
Kjevik,SN39040,19.06.2022 16:50,57.2
Kjevik,SN39040,19.06.2022 17:20,57.2
Kjevik,SN39040,19.06.2022 17:50,57.2
Kjevik,SN39040,19.06.2022 18:20,57.2
Kjevik,SN39040,19.06.2022 18:50,57.2
Kjevik,SN39040,19.06.2022 19:20,55.4
Kjevik,SN39040,19.06.2022 19:50,55.4
Kjevik,SN39040,19.06.2022 20:20,55.4
Kjevik,SN39040,19.06.2022 20:50,55.4
Kjevik,SN39040,19.06.2022 21:20,53.6
Kjevik,SN39040,19.06.2022 21:50,51.8
Kjevik,SN39040,19.06.2022 22:20,50.0
Kjevik,SN39040,19.06.2022 22:50,50.0
Kjevik,SN39040,19.06.2022 23:20,50.0
Kjevik,SN39040,19.06.2022 23:50,50.0
Kjevik,SN39040,20.06.2022 00:20,50.0
Kjevik,SN39040,20.06.2022 00:50,48.2
Kjevik,SN39040,20.06.2022 01:50,46.4
Kjevik,SN39040,20.06.2022 02:20,46.4
Kjevik,SN39040,20.06.2022 02:50,46.4
Kjevik,SN39040,20.06.2022 03:20,44.6
Kjevik,SN39040,20.06.2022 03:50,44.6
Kjevik,SN39040,20.06.2022 04:20,44.6
Kjevik,SN39040,20.06.2022 04:50,44.6
Kjevik,SN39040,20.06.2022 05:20,46.4
Kjevik,SN39040,20.06.2022 05:50,48.2
Kjevik,SN39040,20.06.2022 06:20,51.8
Kjevik,SN39040,20.06.2022 06:50,55.4
Kjevik,SN39040,20.06.2022 07:20,57.2
Kjevik,SN39040,20.06.2022 07:50,59.0
Kjevik,SN39040,20.06.2022 08:20,60.8
Kjevik,SN39040,20.06.2022 08:50,62.6
Kjevik,SN39040,20.06.2022 09:20,64.4
Kjevik,SN39040,20.06.2022 09:50,64.4
Kjevik,SN39040,20.06.2022 10:20,66.2
Kjevik,SN39040,20.06.2022 10:50,66.2
Kjevik,SN39040,20.06.2022 11:20,64.4
Kjevik,SN39040,20.06.2022 11:50,66.2
Kjevik,SN39040,20.06.2022 12:20,64.4
Kjevik,SN39040,20.06.2022 12:50,64.4
Kjevik,SN39040,20.06.2022 13:20,62.6
Kjevik,SN39040,20.06.2022 13:50,64.4
Kjevik,SN39040,20.06.2022 14:20,64.4
Kjevik,SN39040,20.06.2022 14:50,62.6
Kjevik,SN39040,20.06.2022 15:20,64.4
Kjevik,SN39040,20.06.2022 15:50,64.4
Kjevik,SN39040,20.06.2022 16:20,62.6
Kjevik,SN39040,20.06.2022 16:50,62.6
Kjevik,SN39040,20.06.2022 17:20,62.6
Kjevik,SN39040,20.06.2022 17:50,64.4
Kjevik,SN39040,20.06.2022 18:20,64.4
Kjevik,SN39040,20.06.2022 18:50,64.4
Kjevik,SN39040,20.06.2022 19:20,64.4
Kjevik,SN39040,20.06.2022 19:50,64.4
Kjevik,SN39040,20.06.2022 20:20,64.4
Kjevik,SN39040,20.06.2022 20:50,68.0
Kjevik,SN39040,20.06.2022 21:20,64.4
Kjevik,SN39040,20.06.2022 21:50,62.6
Kjevik,SN39040,20.06.2022 22:20,62.6
Kjevik,SN39040,20.06.2022 22:50,59.0
Kjevik,SN39040,20.06.2022 23:20,60.8
Kjevik,SN39040,20.06.2022 23:50,59.0
Kjevik,SN39040,21.06.2022 00:20,57.2
Kjevik,SN39040,21.06.2022 00:50,53.6
Kjevik,SN39040,21.06.2022 01:20,55.4
Kjevik,SN39040,21.06.2022 01:50,53.6
Kjevik,SN39040,21.06.2022 02:20,53.6
Kjevik,SN39040,21.06.2022 02:50,51.8
Kjevik,SN39040,21.06.2022 03:20,48.2
Kjevik,SN39040,21.06.2022 03:50,46.4
Kjevik,SN39040,21.06.2022 04:20,48.2
Kjevik,SN39040,21.06.2022 04:50,51.8
Kjevik,SN39040,21.06.2022 05:20,55.4
Kjevik,SN39040,21.06.2022 05:50,57.2
Kjevik,SN39040,21.06.2022 06:20,59.0
Kjevik,SN39040,21.06.2022 06:50,59.0
Kjevik,SN39040,21.06.2022 07:20,59.0
Kjevik,SN39040,21.06.2022 07:50,60.8
Kjevik,SN39040,21.06.2022 08:20,62.6
Kjevik,SN39040,21.06.2022 08:50,64.4
Kjevik,SN39040,21.06.2022 09:20,66.2
Kjevik,SN39040,21.06.2022 09:50,68.0
Kjevik,SN39040,21.06.2022 10:20,66.2
Kjevik,SN39040,21.06.2022 10:50,66.2
Kjevik,SN39040,21.06.2022 11:20,64.4
Kjevik,SN39040,21.06.2022 11:50,64.4
Kjevik,SN39040,21.06.2022 12:20,66.2
Kjevik,SN39040,21.06.2022 12:50,66.2
Kjevik,SN39040,21.06.2022 13:20,66.2
Kjevik,SN39040,21.06.2022 13:50,66.2
Kjevik,SN39040,21.06.2022 14:20,64.4
Kjevik,SN39040,21.06.2022 14:50,64.4
Kjevik,SN39040,21.06.2022 15:20,64.4
Kjevik,SN39040,21.06.2022 15:50,64.4
Kjevik,SN39040,21.06.2022 16:20,62.6
Kjevik,SN39040,21.06.2022 16:50,64.4
Kjevik,SN39040,21.06.2022 17:20,64.4
Kjevik,SN39040,21.06.2022 17:50,64.4
Kjevik,SN39040,21.06.2022 18:20,64.4
Kjevik,SN39040,21.06.2022 18:50,62.6
Kjevik,SN39040,21.06.2022 19:20,60.8
Kjevik,SN39040,21.06.2022 19:50,60.8
Kjevik,SN39040,21.06.2022 20:20,60.8
Kjevik,SN39040,21.06.2022 20:50,60.8
Kjevik,SN39040,21.06.2022 21:20,60.8
Kjevik,SN39040,21.06.2022 21:50,59.0
Kjevik,SN39040,21.06.2022 22:20,59.0
Kjevik,SN39040,21.06.2022 22:50,59.0
Kjevik,SN39040,21.06.2022 23:20,57.2
Kjevik,SN39040,21.06.2022 23:50,57.2
Kjevik,SN39040,22.06.2022 00:20,57.2
Kjevik,SN39040,22.06.2022 00:50,57.2
Kjevik,SN39040,22.06.2022 01:20,57.2
Kjevik,SN39040,22.06.2022 01:50,57.2
Kjevik,SN39040,22.06.2022 02:20,57.2
Kjevik,SN39040,22.06.2022 02:50,55.4
Kjevik,SN39040,22.06.2022 03:20,55.4
Kjevik,SN39040,22.06.2022 03:50,51.8
Kjevik,SN39040,22.06.2022 04:20,55.4
Kjevik,SN39040,22.06.2022 04:50,57.2
Kjevik,SN39040,22.06.2022 05:20,57.2
Kjevik,SN39040,22.06.2022 05:50,59.0
Kjevik,SN39040,22.06.2022 06:20,59.0
Kjevik,SN39040,22.06.2022 06:50,60.8
Kjevik,SN39040,22.06.2022 07:20,62.6
Kjevik,SN39040,22.06.2022 07:50,62.6
Kjevik,SN39040,22.06.2022 08:20,64.4
Kjevik,SN39040,22.06.2022 08:50,66.2
Kjevik,SN39040,22.06.2022 09:20,68.0
Kjevik,SN39040,22.06.2022 09:50,68.0
Kjevik,SN39040,22.06.2022 10:20,69.8
Kjevik,SN39040,22.06.2022 10:50,71.6
Kjevik,SN39040,22.06.2022 11:20,73.4
Kjevik,SN39040,22.06.2022 11:50,73.4
Kjevik,SN39040,22.06.2022 12:20,73.4
Kjevik,SN39040,22.06.2022 12:50,75.2
Kjevik,SN39040,22.06.2022 13:20,75.2
Kjevik,SN39040,22.06.2022 13:50,77.0
Kjevik,SN39040,22.06.2022 14:20,77.0
Kjevik,SN39040,22.06.2022 14:50,77.0
Kjevik,SN39040,22.06.2022 15:20,75.2
Kjevik,SN39040,22.06.2022 15:50,75.2
Kjevik,SN39040,22.06.2022 16:20,75.2
Kjevik,SN39040,22.06.2022 16:50,73.4
Kjevik,SN39040,22.06.2022 17:20,71.6
Kjevik,SN39040,22.06.2022 17:50,71.6
Kjevik,SN39040,22.06.2022 18:20,71.6
Kjevik,SN39040,22.06.2022 18:50,69.8
Kjevik,SN39040,22.06.2022 19:20,68.0
Kjevik,SN39040,22.06.2022 19:50,66.2
Kjevik,SN39040,22.06.2022 20:20,64.4
Kjevik,SN39040,22.06.2022 20:50,62.6
Kjevik,SN39040,22.06.2022 21:20,62.6
Kjevik,SN39040,22.06.2022 21:50,60.8
Kjevik,SN39040,22.06.2022 22:20,59.0
Kjevik,SN39040,22.06.2022 22:50,59.0
Kjevik,SN39040,22.06.2022 23:50,59.0
Kjevik,SN39040,23.06.2022 00:20,59.0
Kjevik,SN39040,23.06.2022 00:50,59.0
Kjevik,SN39040,23.06.2022 01:20,59.0
Kjevik,SN39040,23.06.2022 01:50,59.0
Kjevik,SN39040,23.06.2022 02:20,59.0
Kjevik,SN39040,23.06.2022 02:50,59.0
Kjevik,SN39040,23.06.2022 03:20,59.0
Kjevik,SN39040,23.06.2022 03:50,59.0
Kjevik,SN39040,23.06.2022 04:20,59.0
Kjevik,SN39040,23.06.2022 04:50,59.0
Kjevik,SN39040,23.06.2022 05:20,59.0
Kjevik,SN39040,23.06.2022 05:50,59.0
Kjevik,SN39040,23.06.2022 06:20,59.0
Kjevik,SN39040,23.06.2022 06:50,59.0
Kjevik,SN39040,23.06.2022 07:20,60.8
Kjevik,SN39040,23.06.2022 07:50,60.8
Kjevik,SN39040,23.06.2022 08:20,59.0
Kjevik,SN39040,23.06.2022 08:50,59.0
Kjevik,SN39040,23.06.2022 09:20,60.8
Kjevik,SN39040,23.06.2022 09:50,60.8
Kjevik,SN39040,23.06.2022 10:20,62.6
Kjevik,SN39040,23.06.2022 10:50,62.6
Kjevik,SN39040,23.06.2022 11:20,64.4
Kjevik,SN39040,23.06.2022 11:50,64.4
Kjevik,SN39040,23.06.2022 12:20,66.2
Kjevik,SN39040,23.06.2022 12:50,64.4
Kjevik,SN39040,23.06.2022 13:20,64.4
Kjevik,SN39040,23.06.2022 13:50,64.4
Kjevik,SN39040,23.06.2022 14:20,64.4
Kjevik,SN39040,23.06.2022 14:50,64.4
Kjevik,SN39040,23.06.2022 15:20,64.4
Kjevik,SN39040,23.06.2022 15:50,64.4
Kjevik,SN39040,23.06.2022 16:20,64.4
Kjevik,SN39040,23.06.2022 16:50,64.4
Kjevik,SN39040,23.06.2022 17:20,62.6
Kjevik,SN39040,23.06.2022 17:50,62.6
Kjevik,SN39040,23.06.2022 18:20,62.6
Kjevik,SN39040,23.06.2022 18:50,60.8
Kjevik,SN39040,23.06.2022 19:20,60.8
Kjevik,SN39040,23.06.2022 19:50,59.0
Kjevik,SN39040,23.06.2022 20:20,59.0
Kjevik,SN39040,23.06.2022 20:50,59.0
Kjevik,SN39040,23.06.2022 21:20,57.2
Kjevik,SN39040,23.06.2022 21:50,57.2
Kjevik,SN39040,23.06.2022 22:20,53.6
Kjevik,SN39040,23.06.2022 22:50,51.8
Kjevik,SN39040,23.06.2022 23:20,51.8
Kjevik,SN39040,23.06.2022 23:50,51.8
Kjevik,SN39040,24.06.2022 00:20,51.8
Kjevik,SN39040,24.06.2022 00:50,50.0
Kjevik,SN39040,24.06.2022 01:20,50.0
Kjevik,SN39040,24.06.2022 01:50,50.0
Kjevik,SN39040,24.06.2022 02:20,50.0
Kjevik,SN39040,24.06.2022 02:50,50.0
Kjevik,SN39040,24.06.2022 03:20,50.0
Kjevik,SN39040,24.06.2022 03:50,50.0
Kjevik,SN39040,24.06.2022 04:20,50.0
Kjevik,SN39040,24.06.2022 04:50,51.8
Kjevik,SN39040,24.06.2022 05:20,53.6
Kjevik,SN39040,24.06.2022 05:50,55.4
Kjevik,SN39040,24.06.2022 06:20,59.0
Kjevik,SN39040,24.06.2022 06:50,60.8
Kjevik,SN39040,24.06.2022 07:20,62.6
Kjevik,SN39040,24.06.2022 07:50,64.4
Kjevik,SN39040,24.06.2022 08:20,68.0
Kjevik,SN39040,24.06.2022 08:50,69.8
Kjevik,SN39040,24.06.2022 09:20,69.8
Kjevik,SN39040,24.06.2022 09:50,69.8
Kjevik,SN39040,24.06.2022 10:20,71.6
Kjevik,SN39040,24.06.2022 10:50,71.6
Kjevik,SN39040,24.06.2022 11:20,73.4
Kjevik,SN39040,24.06.2022 11:50,71.6
Kjevik,SN39040,24.06.2022 12:20,73.4
Kjevik,SN39040,24.06.2022 12:50,73.4
Kjevik,SN39040,24.06.2022 13:20,75.2
Kjevik,SN39040,24.06.2022 13:50,73.4
Kjevik,SN39040,24.06.2022 14:20,73.4
Kjevik,SN39040,24.06.2022 14:50,73.4
Kjevik,SN39040,24.06.2022 15:20,71.6
Kjevik,SN39040,24.06.2022 15:50,73.4
Kjevik,SN39040,24.06.2022 16:20,73.4
Kjevik,SN39040,24.06.2022 16:50,73.4
Kjevik,SN39040,24.06.2022 17:20,73.4
Kjevik,SN39040,24.06.2022 17:50,73.4
Kjevik,SN39040,24.06.2022 18:20,73.4
Kjevik,SN39040,24.06.2022 18:50,71.6
Kjevik,SN39040,24.06.2022 19:20,71.6
Kjevik,SN39040,24.06.2022 19:50,69.8
Kjevik,SN39040,24.06.2022 20:20,69.8
Kjevik,SN39040,24.06.2022 20:50,69.8
Kjevik,SN39040,24.06.2022 21:20,68.0
Kjevik,SN39040,24.06.2022 21:50,68.0
Kjevik,SN39040,24.06.2022 22:20,66.2
Kjevik,SN39040,24.06.2022 22:50,66.2
Kjevik,SN39040,24.06.2022 23:20,64.4
Kjevik,SN39040,24.06.2022 23:50,66.2
Kjevik,SN39040,25.06.2022 00:20,64.4
Kjevik,SN39040,25.06.2022 01:50,62.6
Kjevik,SN39040,25.06.2022 02:20,62.6
Kjevik,SN39040,25.06.2022 02:50,60.8
Kjevik,SN39040,25.06.2022 03:20,60.8
Kjevik,SN39040,25.06.2022 03:50,60.8
Kjevik,SN39040,25.06.2022 04:20,60.8
Kjevik,SN39040,25.06.2022 04:50,60.8
Kjevik,SN39040,25.06.2022 05:20,60.8
Kjevik,SN39040,25.06.2022 05:50,62.6
Kjevik,SN39040,25.06.2022 06:20,62.6
Kjevik,SN39040,25.06.2022 06:50,66.2
Kjevik,SN39040,25.06.2022 07:20,64.4
Kjevik,SN39040,25.06.2022 07:50,66.2
Kjevik,SN39040,25.06.2022 08:20,68.0
Kjevik,SN39040,25.06.2022 08:50,68.0
Kjevik,SN39040,25.06.2022 09:20,69.8
Kjevik,SN39040,25.06.2022 09:50,68.0
Kjevik,SN39040,25.06.2022 10:20,68.0
Kjevik,SN39040,25.06.2022 10:50,68.0
Kjevik,SN39040,25.06.2022 11:20,68.0
Kjevik,SN39040,25.06.2022 11:50,68.0
Kjevik,SN39040,25.06.2022 12:20,71.6
Kjevik,SN39040,25.06.2022 12:50,71.6
Kjevik,SN39040,25.06.2022 13:20,71.6
Kjevik,SN39040,25.06.2022 13:50,69.8
Kjevik,SN39040,25.06.2022 14:20,68.0
Kjevik,SN39040,25.06.2022 14:50,69.8
Kjevik,SN39040,25.06.2022 15:20,69.8
Kjevik,SN39040,25.06.2022 15:50,69.8
Kjevik,SN39040,25.06.2022 16:20,69.8
Kjevik,SN39040,25.06.2022 16:50,69.8
Kjevik,SN39040,25.06.2022 17:20,69.8
Kjevik,SN39040,25.06.2022 17:50,69.8
Kjevik,SN39040,25.06.2022 18:20,69.8
Kjevik,SN39040,25.06.2022 18:50,68.0
Kjevik,SN39040,25.06.2022 19:20,68.0
Kjevik,SN39040,25.06.2022 19:50,68.0
Kjevik,SN39040,25.06.2022 20:20,68.0
Kjevik,SN39040,25.06.2022 20:50,68.0
Kjevik,SN39040,25.06.2022 21:20,66.2
Kjevik,SN39040,25.06.2022 21:50,64.4
Kjevik,SN39040,25.06.2022 22:20,62.6
Kjevik,SN39040,25.06.2022 22:50,62.6
Kjevik,SN39040,26.06.2022 00:20,62.6
Kjevik,SN39040,26.06.2022 00:50,62.6
Kjevik,SN39040,26.06.2022 01:20,62.6
Kjevik,SN39040,26.06.2022 01:50,62.6
Kjevik,SN39040,26.06.2022 02:20,60.8
Kjevik,SN39040,26.06.2022 02:50,60.8
Kjevik,SN39040,26.06.2022 03:20,60.8
Kjevik,SN39040,26.06.2022 03:50,59.0
Kjevik,SN39040,26.06.2022 04:20,60.8
Kjevik,SN39040,26.06.2022 04:50,60.8
Kjevik,SN39040,26.06.2022 05:20,62.6
Kjevik,SN39040,26.06.2022 05:50,64.4
Kjevik,SN39040,26.06.2022 06:20,64.4
Kjevik,SN39040,26.06.2022 06:50,64.4
Kjevik,SN39040,26.06.2022 07:20,66.2
Kjevik,SN39040,26.06.2022 07:50,66.2
Kjevik,SN39040,26.06.2022 08:20,66.2
Kjevik,SN39040,26.06.2022 08:50,66.2
Kjevik,SN39040,26.06.2022 09:20,68.0
Kjevik,SN39040,26.06.2022 09:50,71.6
Kjevik,SN39040,26.06.2022 10:20,73.4
Kjevik,SN39040,26.06.2022 10:50,71.6
Kjevik,SN39040,26.06.2022 11:20,73.4
Kjevik,SN39040,26.06.2022 11:50,71.6
Kjevik,SN39040,26.06.2022 12:20,69.8
Kjevik,SN39040,26.06.2022 12:50,71.6
Kjevik,SN39040,26.06.2022 13:20,71.6
Kjevik,SN39040,26.06.2022 13:50,69.8
Kjevik,SN39040,26.06.2022 14:20,68.0
Kjevik,SN39040,26.06.2022 14:50,66.2
Kjevik,SN39040,26.06.2022 15:20,66.2
Kjevik,SN39040,26.06.2022 15:50,66.2
Kjevik,SN39040,26.06.2022 16:20,69.8
Kjevik,SN39040,26.06.2022 16:50,68.0
Kjevik,SN39040,26.06.2022 17:20,68.0
Kjevik,SN39040,26.06.2022 17:50,68.0
Kjevik,SN39040,26.06.2022 18:20,66.2
Kjevik,SN39040,26.06.2022 18:50,68.0
Kjevik,SN39040,26.06.2022 19:20,68.0
Kjevik,SN39040,26.06.2022 19:50,68.0
Kjevik,SN39040,26.06.2022 20:20,66.2
Kjevik,SN39040,26.06.2022 20:50,66.2
Kjevik,SN39040,26.06.2022 21:20,64.4
Kjevik,SN39040,26.06.2022 21:50,64.4
Kjevik,SN39040,26.06.2022 22:20,62.6
Kjevik,SN39040,26.06.2022 22:50,62.6
Kjevik,SN39040,26.06.2022 23:20,60.8
Kjevik,SN39040,26.06.2022 23:50,60.8
Kjevik,SN39040,27.06.2022 00:50,60.8
Kjevik,SN39040,27.06.2022 01:20,59.0
Kjevik,SN39040,27.06.2022 02:20,60.8
Kjevik,SN39040,27.06.2022 02:50,59.0
Kjevik,SN39040,27.06.2022 03:20,57.2
Kjevik,SN39040,27.06.2022 03:50,57.2
Kjevik,SN39040,27.06.2022 04:20,57.2
Kjevik,SN39040,27.06.2022 04:50,59.0
Kjevik,SN39040,27.06.2022 05:20,59.0
Kjevik,SN39040,27.06.2022 05:50,59.0
Kjevik,SN39040,27.06.2022 06:20,59.0
Kjevik,SN39040,27.06.2022 06:50,57.2
Kjevik,SN39040,27.06.2022 07:20,57.2
Kjevik,SN39040,27.06.2022 07:50,57.2
Kjevik,SN39040,27.06.2022 08:20,57.2
Kjevik,SN39040,27.06.2022 08:50,55.4
Kjevik,SN39040,27.06.2022 09:20,53.6
Kjevik,SN39040,27.06.2022 09:50,53.6
Kjevik,SN39040,27.06.2022 10:20,55.4
Kjevik,SN39040,27.06.2022 10:50,57.2
Kjevik,SN39040,27.06.2022 11:20,57.2
Kjevik,SN39040,27.06.2022 11:50,59.0
Kjevik,SN39040,27.06.2022 12:20,59.0
Kjevik,SN39040,27.06.2022 12:50,60.8
Kjevik,SN39040,27.06.2022 13:20,59.0
Kjevik,SN39040,27.06.2022 13:50,60.8
Kjevik,SN39040,27.06.2022 14:20,60.8
Kjevik,SN39040,27.06.2022 14:50,60.8
Kjevik,SN39040,27.06.2022 15:20,60.8
Kjevik,SN39040,27.06.2022 15:50,60.8
Kjevik,SN39040,27.06.2022 16:20,60.8
Kjevik,SN39040,27.06.2022 16:50,60.8
Kjevik,SN39040,27.06.2022 17:20,60.8
Kjevik,SN39040,27.06.2022 17:50,60.8
Kjevik,SN39040,27.06.2022 18:20,59.0
Kjevik,SN39040,27.06.2022 18:50,59.0
Kjevik,SN39040,27.06.2022 19:20,59.0
Kjevik,SN39040,27.06.2022 19:50,59.0
Kjevik,SN39040,27.06.2022 20:20,59.0
Kjevik,SN39040,27.06.2022 20:50,57.2
Kjevik,SN39040,27.06.2022 21:20,57.2
Kjevik,SN39040,27.06.2022 21:50,57.2
Kjevik,SN39040,27.06.2022 22:20,57.2
Kjevik,SN39040,27.06.2022 22:50,57.2
Kjevik,SN39040,27.06.2022 23:20,55.4
Kjevik,SN39040,27.06.2022 23:50,57.2
Kjevik,SN39040,28.06.2022 00:20,57.2
Kjevik,SN39040,28.06.2022 00:50,55.4
Kjevik,SN39040,28.06.2022 01:20,55.4
Kjevik,SN39040,28.06.2022 01:50,55.4
Kjevik,SN39040,28.06.2022 02:20,55.4
Kjevik,SN39040,28.06.2022 02:50,55.4
Kjevik,SN39040,28.06.2022 03:20,55.4
Kjevik,SN39040,28.06.2022 03:50,55.4
Kjevik,SN39040,28.06.2022 04:20,55.4
Kjevik,SN39040,28.06.2022 04:50,51.8
Kjevik,SN39040,28.06.2022 05:20,51.8
Kjevik,SN39040,28.06.2022 05:50,53.6
Kjevik,SN39040,28.06.2022 06:20,55.4
Kjevik,SN39040,28.06.2022 06:50,59.0
Kjevik,SN39040,28.06.2022 07:20,60.8
Kjevik,SN39040,28.06.2022 07:50,60.8
Kjevik,SN39040,28.06.2022 08:20,62.6
Kjevik,SN39040,28.06.2022 08:50,64.4
Kjevik,SN39040,28.06.2022 09:20,64.4
Kjevik,SN39040,28.06.2022 09:50,66.2
Kjevik,SN39040,28.06.2022 10:20,66.2
Kjevik,SN39040,28.06.2022 10:50,66.2
Kjevik,SN39040,28.06.2022 11:20,68.0
Kjevik,SN39040,28.06.2022 11:50,68.0
Kjevik,SN39040,28.06.2022 12:20,68.0
Kjevik,SN39040,28.06.2022 12:50,69.8
Kjevik,SN39040,28.06.2022 13:20,69.8
Kjevik,SN39040,28.06.2022 13:50,68.0
Kjevik,SN39040,28.06.2022 14:20,66.2
Kjevik,SN39040,28.06.2022 14:50,64.4
Kjevik,SN39040,28.06.2022 15:20,66.2
Kjevik,SN39040,28.06.2022 15:50,66.2
Kjevik,SN39040,28.06.2022 16:20,66.2
Kjevik,SN39040,28.06.2022 16:50,66.2
Kjevik,SN39040,28.06.2022 17:20,64.4
Kjevik,SN39040,28.06.2022 17:50,64.4
Kjevik,SN39040,28.06.2022 18:20,66.2
Kjevik,SN39040,28.06.2022 18:50,64.4
Kjevik,SN39040,28.06.2022 19:20,64.4
Kjevik,SN39040,28.06.2022 19:50,64.4
Kjevik,SN39040,28.06.2022 20:20,62.6
Kjevik,SN39040,28.06.2022 20:50,62.6
Kjevik,SN39040,28.06.2022 21:20,60.8
Kjevik,SN39040,28.06.2022 21:50,59.0
Kjevik,SN39040,28.06.2022 22:20,53.6
Kjevik,SN39040,28.06.2022 22:50,53.6
Kjevik,SN39040,28.06.2022 23:20,51.8
Kjevik,SN39040,28.06.2022 23:50,50.0
Kjevik,SN39040,29.06.2022 00:20,48.2
Kjevik,SN39040,29.06.2022 00:50,46.4
Kjevik,SN39040,29.06.2022 01:20,46.4
Kjevik,SN39040,29.06.2022 01:50,46.4
Kjevik,SN39040,29.06.2022 02:20,44.6
Kjevik,SN39040,29.06.2022 02:50,44.6
Kjevik,SN39040,29.06.2022 03:20,44.6
Kjevik,SN39040,29.06.2022 03:50,44.6
Kjevik,SN39040,29.06.2022 04:20,44.6
Kjevik,SN39040,29.06.2022 04:50,46.4
Kjevik,SN39040,29.06.2022 05:20,48.2
Kjevik,SN39040,29.06.2022 05:50,51.8
Kjevik,SN39040,29.06.2022 06:20,51.8
Kjevik,SN39040,29.06.2022 06:50,55.4
Kjevik,SN39040,29.06.2022 07:20,59.0
Kjevik,SN39040,29.06.2022 07:50,62.6
Kjevik,SN39040,29.06.2022 08:20,62.6
Kjevik,SN39040,29.06.2022 08:50,64.4
Kjevik,SN39040,29.06.2022 09:20,64.4
Kjevik,SN39040,29.06.2022 09:50,64.4
Kjevik,SN39040,29.06.2022 10:20,66.2
Kjevik,SN39040,29.06.2022 10:50,66.2
Kjevik,SN39040,29.06.2022 11:20,66.2
Kjevik,SN39040,29.06.2022 11:50,66.2
Kjevik,SN39040,29.06.2022 12:20,68.0
Kjevik,SN39040,29.06.2022 12:50,68.0
Kjevik,SN39040,29.06.2022 13:20,68.0
Kjevik,SN39040,29.06.2022 13:50,68.0
Kjevik,SN39040,29.06.2022 14:20,68.0
Kjevik,SN39040,29.06.2022 14:50,68.0
Kjevik,SN39040,29.06.2022 15:20,69.8
Kjevik,SN39040,29.06.2022 15:50,69.8
Kjevik,SN39040,29.06.2022 16:20,68.0
Kjevik,SN39040,29.06.2022 16:50,66.2
Kjevik,SN39040,29.06.2022 17:20,68.0
Kjevik,SN39040,29.06.2022 17:50,68.0
Kjevik,SN39040,29.06.2022 18:20,68.0
Kjevik,SN39040,29.06.2022 18:50,66.2
Kjevik,SN39040,29.06.2022 19:20,66.2
Kjevik,SN39040,29.06.2022 19:50,64.4
Kjevik,SN39040,29.06.2022 20:20,64.4
Kjevik,SN39040,29.06.2022 20:50,62.6
Kjevik,SN39040,29.06.2022 21:20,60.8
Kjevik,SN39040,29.06.2022 21:50,59.0
Kjevik,SN39040,29.06.2022 22:20,57.2
Kjevik,SN39040,29.06.2022 22:50,57.2
Kjevik,SN39040,29.06.2022 23:20,55.4
Kjevik,SN39040,29.06.2022 23:50,55.4
Kjevik,SN39040,30.06.2022 00:20,55.4
Kjevik,SN39040,30.06.2022 00:50,55.4
Kjevik,SN39040,30.06.2022 01:20,53.6
Kjevik,SN39040,30.06.2022 01:50,53.6
Kjevik,SN39040,30.06.2022 02:20,53.6
Kjevik,SN39040,30.06.2022 02:50,53.6
Kjevik,SN39040,30.06.2022 03:20,53.6
Kjevik,SN39040,30.06.2022 03:50,53.6
Kjevik,SN39040,30.06.2022 04:20,53.6
Kjevik,SN39040,30.06.2022 04:50,55.4
Kjevik,SN39040,30.06.2022 05:20,55.4
Kjevik,SN39040,30.06.2022 05:50,57.2
Kjevik,SN39040,30.06.2022 06:20,59.0
Kjevik,SN39040,30.06.2022 06:50,60.8
Kjevik,SN39040,30.06.2022 07:20,62.6
Kjevik,SN39040,30.06.2022 07:50,66.2
Kjevik,SN39040,30.06.2022 08:20,68.0
Kjevik,SN39040,30.06.2022 08:50,68.0
Kjevik,SN39040,30.06.2022 09:20,69.8
Kjevik,SN39040,30.06.2022 09:50,69.8
Kjevik,SN39040,30.06.2022 10:20,69.8
Kjevik,SN39040,30.06.2022 10:50,71.6
Kjevik,SN39040,30.06.2022 11:20,71.6
Kjevik,SN39040,30.06.2022 11:50,71.6
Kjevik,SN39040,30.06.2022 12:20,71.6
Kjevik,SN39040,30.06.2022 12:50,71.6
Kjevik,SN39040,30.06.2022 13:20,71.6
Kjevik,SN39040,30.06.2022 13:50,73.4
Kjevik,SN39040,30.06.2022 14:20,71.6
Kjevik,SN39040,30.06.2022 14:50,71.6
Kjevik,SN39040,30.06.2022 15:20,71.6
Kjevik,SN39040,30.06.2022 15:50,73.4
Kjevik,SN39040,30.06.2022 16:20,71.6
Kjevik,SN39040,30.06.2022 16:50,71.6
Kjevik,SN39040,30.06.2022 17:20,73.4
Kjevik,SN39040,30.06.2022 17:50,71.6
Kjevik,SN39040,30.06.2022 18:20,71.6
Kjevik,SN39040,30.06.2022 18:50,71.6
Kjevik,SN39040,30.06.2022 19:20,71.6
Kjevik,SN39040,30.06.2022 19:50,71.6
Kjevik,SN39040,30.06.2022 20:20,69.8
Kjevik,SN39040,30.06.2022 20:50,69.8
Kjevik,SN39040,30.06.2022 21:20,66.2
Kjevik,SN39040,30.06.2022 21:50,62.6
Kjevik,SN39040,30.06.2022 22:20,59.0
Kjevik,SN39040,30.06.2022 22:50,59.0
Kjevik,SN39040,30.06.2022 23:20,57.2
Kjevik,SN39040,30.06.2022 23:50,57.2
Kjevik,SN39040,01.07.2022 00:20,57.2
Kjevik,SN39040,01.07.2022 00:50,55.4
Kjevik,SN39040,01.07.2022 01:20,55.4
Kjevik,SN39040,01.07.2022 01:50,53.6
Kjevik,SN39040,01.07.2022 02:20,53.6
Kjevik,SN39040,01.07.2022 02:50,53.6
Kjevik,SN39040,01.07.2022 03:20,53.6
Kjevik,SN39040,01.07.2022 03:50,53.6
Kjevik,SN39040,01.07.2022 04:20,53.6
Kjevik,SN39040,01.07.2022 04:50,55.4
Kjevik,SN39040,01.07.2022 05:20,57.2
Kjevik,SN39040,01.07.2022 05:50,60.8
Kjevik,SN39040,01.07.2022 06:20,64.4
Kjevik,SN39040,01.07.2022 06:50,68.0
Kjevik,SN39040,01.07.2022 07:20,68.0
Kjevik,SN39040,01.07.2022 07:50,68.0
Kjevik,SN39040,01.07.2022 08:20,73.4
Kjevik,SN39040,01.07.2022 08:50,73.4
Kjevik,SN39040,01.07.2022 09:20,73.4
Kjevik,SN39040,01.07.2022 09:50,75.2
Kjevik,SN39040,01.07.2022 10:20,73.4
Kjevik,SN39040,01.07.2022 10:50,73.4
Kjevik,SN39040,01.07.2022 11:20,71.6
Kjevik,SN39040,01.07.2022 11:50,71.6
Kjevik,SN39040,01.07.2022 12:20,71.6
Kjevik,SN39040,01.07.2022 12:50,73.4
Kjevik,SN39040,01.07.2022 13:20,71.6
Kjevik,SN39040,01.07.2022 13:50,69.8
Kjevik,SN39040,01.07.2022 14:20,68.0
Kjevik,SN39040,01.07.2022 14:50,68.0
Kjevik,SN39040,01.07.2022 15:20,68.0
Kjevik,SN39040,01.07.2022 15:50,64.4
Kjevik,SN39040,01.07.2022 16:20,64.4
Kjevik,SN39040,01.07.2022 16:50,62.6
Kjevik,SN39040,01.07.2022 17:20,62.6
Kjevik,SN39040,01.07.2022 17:50,62.6
Kjevik,SN39040,01.07.2022 18:20,60.8
Kjevik,SN39040,01.07.2022 18:50,60.8
Kjevik,SN39040,01.07.2022 19:20,60.8
Kjevik,SN39040,01.07.2022 19:50,60.8
Kjevik,SN39040,01.07.2022 20:20,59.0
Kjevik,SN39040,01.07.2022 20:50,59.0
Kjevik,SN39040,01.07.2022 21:20,59.0
Kjevik,SN39040,01.07.2022 21:50,59.0
Kjevik,SN39040,01.07.2022 22:20,59.0
Kjevik,SN39040,01.07.2022 22:50,59.0
Kjevik,SN39040,01.07.2022 23:20,59.0
Kjevik,SN39040,01.07.2022 23:50,59.0
Kjevik,SN39040,02.07.2022 00:20,59.0
Kjevik,SN39040,02.07.2022 01:20,59.0
Kjevik,SN39040,02.07.2022 01:50,59.0
Kjevik,SN39040,02.07.2022 02:20,57.2
Kjevik,SN39040,02.07.2022 02:50,59.0
Kjevik,SN39040,02.07.2022 03:50,57.2
Kjevik,SN39040,02.07.2022 04:20,57.2
Kjevik,SN39040,02.07.2022 04:50,57.2
Kjevik,SN39040,02.07.2022 05:20,57.2
Kjevik,SN39040,02.07.2022 05:50,59.0
Kjevik,SN39040,02.07.2022 06:20,59.0
Kjevik,SN39040,02.07.2022 06:50,59.0
Kjevik,SN39040,02.07.2022 07:20,60.8
Kjevik,SN39040,02.07.2022 07:50,62.6
Kjevik,SN39040,02.07.2022 08:20,62.6
Kjevik,SN39040,02.07.2022 08:50,59.0
Kjevik,SN39040,02.07.2022 09:20,59.0
Kjevik,SN39040,02.07.2022 09:50,64.4
Kjevik,SN39040,02.07.2022 10:20,64.4
Kjevik,SN39040,02.07.2022 10:50,64.4
Kjevik,SN39040,02.07.2022 11:20,66.2
Kjevik,SN39040,02.07.2022 11:50,64.4
Kjevik,SN39040,02.07.2022 12:20,66.2
Kjevik,SN39040,02.07.2022 12:50,66.2
Kjevik,SN39040,02.07.2022 13:20,66.2
Kjevik,SN39040,02.07.2022 13:50,66.2
Kjevik,SN39040,02.07.2022 14:20,66.2
Kjevik,SN39040,02.07.2022 14:50,66.2
Kjevik,SN39040,02.07.2022 15:20,66.2
Kjevik,SN39040,02.07.2022 15:50,64.4
Kjevik,SN39040,02.07.2022 16:20,66.2
Kjevik,SN39040,02.07.2022 16:50,66.2
Kjevik,SN39040,02.07.2022 17:20,64.4
Kjevik,SN39040,02.07.2022 17:50,64.4
Kjevik,SN39040,02.07.2022 18:20,62.6
Kjevik,SN39040,02.07.2022 18:50,62.6
Kjevik,SN39040,02.07.2022 19:20,62.6
Kjevik,SN39040,02.07.2022 19:50,62.6
Kjevik,SN39040,02.07.2022 20:20,62.6
Kjevik,SN39040,02.07.2022 20:50,62.6
Kjevik,SN39040,02.07.2022 21:20,60.8
Kjevik,SN39040,02.07.2022 21:50,60.8
Kjevik,SN39040,02.07.2022 22:20,60.8
Kjevik,SN39040,02.07.2022 22:50,60.8
Kjevik,SN39040,02.07.2022 23:20,60.8
Kjevik,SN39040,02.07.2022 23:50,60.8
Kjevik,SN39040,03.07.2022 01:50,57.2
Kjevik,SN39040,03.07.2022 02:50,57.2
Kjevik,SN39040,03.07.2022 03:20,55.4
Kjevik,SN39040,03.07.2022 04:50,57.2
Kjevik,SN39040,03.07.2022 05:20,55.4
Kjevik,SN39040,03.07.2022 05:50,55.4
Kjevik,SN39040,03.07.2022 06:20,57.2
Kjevik,SN39040,03.07.2022 06:50,57.2
Kjevik,SN39040,03.07.2022 07:20,57.2
Kjevik,SN39040,03.07.2022 07:50,57.2
Kjevik,SN39040,03.07.2022 08:20,57.2
Kjevik,SN39040,03.07.2022 08:50,57.2
Kjevik,SN39040,03.07.2022 09:20,60.8
Kjevik,SN39040,03.07.2022 09:50,62.6
Kjevik,SN39040,03.07.2022 10:20,62.6
Kjevik,SN39040,03.07.2022 10:50,62.6
Kjevik,SN39040,03.07.2022 11:20,62.6
Kjevik,SN39040,03.07.2022 11:50,66.2
Kjevik,SN39040,03.07.2022 12:20,66.2
Kjevik,SN39040,03.07.2022 12:50,64.4
Kjevik,SN39040,03.07.2022 13:20,66.2
Kjevik,SN39040,03.07.2022 13:50,66.2
Kjevik,SN39040,03.07.2022 14:20,64.4
Kjevik,SN39040,03.07.2022 14:50,64.4
Kjevik,SN39040,03.07.2022 15:20,66.2
Kjevik,SN39040,03.07.2022 15:50,66.2
Kjevik,SN39040,03.07.2022 16:20,66.2
Kjevik,SN39040,03.07.2022 16:50,66.2
Kjevik,SN39040,03.07.2022 17:20,64.4
Kjevik,SN39040,03.07.2022 17:50,64.4
Kjevik,SN39040,03.07.2022 18:20,64.4
Kjevik,SN39040,03.07.2022 18:50,64.4
Kjevik,SN39040,03.07.2022 19:20,64.4
Kjevik,SN39040,03.07.2022 19:50,62.6
Kjevik,SN39040,03.07.2022 20:20,62.6
Kjevik,SN39040,03.07.2022 20:50,60.8
Kjevik,SN39040,03.07.2022 21:20,60.8
Kjevik,SN39040,03.07.2022 21:50,59.0
Kjevik,SN39040,03.07.2022 22:20,57.2
Kjevik,SN39040,03.07.2022 22:50,57.2
Kjevik,SN39040,03.07.2022 23:20,57.2
Kjevik,SN39040,03.07.2022 23:50,55.4
Kjevik,SN39040,04.07.2022 00:20,55.4
Kjevik,SN39040,04.07.2022 00:50,51.8
Kjevik,SN39040,04.07.2022 01:20,55.4
Kjevik,SN39040,04.07.2022 01:50,53.6
Kjevik,SN39040,04.07.2022 02:20,50.0
Kjevik,SN39040,04.07.2022 02:50,51.8
Kjevik,SN39040,04.07.2022 03:20,50.0
Kjevik,SN39040,04.07.2022 03:50,50.0
Kjevik,SN39040,04.07.2022 04:20,50.0
Kjevik,SN39040,04.07.2022 04:50,50.0
Kjevik,SN39040,04.07.2022 05:20,51.8
Kjevik,SN39040,04.07.2022 05:50,53.6
Kjevik,SN39040,04.07.2022 06:20,59.0
Kjevik,SN39040,04.07.2022 06:50,59.0
Kjevik,SN39040,04.07.2022 07:20,57.2
Kjevik,SN39040,04.07.2022 07:50,59.0
Kjevik,SN39040,04.07.2022 08:20,59.0
Kjevik,SN39040,04.07.2022 08:50,60.8
Kjevik,SN39040,04.07.2022 09:20,60.8
Kjevik,SN39040,04.07.2022 09:50,60.8
Kjevik,SN39040,04.07.2022 10:20,59.0
Kjevik,SN39040,04.07.2022 10:50,57.2
Kjevik,SN39040,04.07.2022 11:20,59.0
Kjevik,SN39040,04.07.2022 11:50,60.8
Kjevik,SN39040,04.07.2022 12:20,60.8
Kjevik,SN39040,04.07.2022 12:50,60.8
Kjevik,SN39040,04.07.2022 13:20,55.4
Kjevik,SN39040,04.07.2022 13:50,57.2
Kjevik,SN39040,04.07.2022 14:20,57.2
Kjevik,SN39040,04.07.2022 14:50,59.0
Kjevik,SN39040,04.07.2022 15:20,59.0
Kjevik,SN39040,04.07.2022 15:50,60.8
Kjevik,SN39040,04.07.2022 16:20,62.6
Kjevik,SN39040,04.07.2022 16:50,59.0
Kjevik,SN39040,04.07.2022 17:20,60.8
Kjevik,SN39040,04.07.2022 17:50,60.8
Kjevik,SN39040,04.07.2022 18:20,60.8
Kjevik,SN39040,04.07.2022 18:50,59.0
Kjevik,SN39040,04.07.2022 19:20,55.4
Kjevik,SN39040,04.07.2022 19:50,57.2
Kjevik,SN39040,04.07.2022 20:20,57.2
Kjevik,SN39040,04.07.2022 20:50,55.4
Kjevik,SN39040,04.07.2022 21:20,55.4
Kjevik,SN39040,04.07.2022 21:50,55.4
Kjevik,SN39040,04.07.2022 22:20,53.6
Kjevik,SN39040,04.07.2022 22:50,53.6
Kjevik,SN39040,04.07.2022 23:20,53.6
Kjevik,SN39040,04.07.2022 23:50,53.6
Kjevik,SN39040,05.07.2022 00:20,53.6
Kjevik,SN39040,05.07.2022 00:50,51.8
Kjevik,SN39040,05.07.2022 01:50,53.6
Kjevik,SN39040,05.07.2022 02:20,53.6
Kjevik,SN39040,05.07.2022 02:50,53.6
Kjevik,SN39040,05.07.2022 03:50,53.6
Kjevik,SN39040,05.07.2022 04:20,53.6
Kjevik,SN39040,05.07.2022 04:50,53.6
Kjevik,SN39040,05.07.2022 05:20,53.6
Kjevik,SN39040,05.07.2022 05:50,53.6
Kjevik,SN39040,05.07.2022 06:20,53.6
Kjevik,SN39040,05.07.2022 06:50,55.4
Kjevik,SN39040,05.07.2022 07:20,55.4
Kjevik,SN39040,05.07.2022 07:50,57.2
Kjevik,SN39040,05.07.2022 08:20,57.2
Kjevik,SN39040,05.07.2022 08:50,57.2
Kjevik,SN39040,05.07.2022 09:20,59.0
Kjevik,SN39040,05.07.2022 09:50,59.0
Kjevik,SN39040,05.07.2022 10:20,60.8
Kjevik,SN39040,05.07.2022 10:50,60.8
Kjevik,SN39040,05.07.2022 11:20,60.8
Kjevik,SN39040,05.07.2022 11:50,60.8
Kjevik,SN39040,05.07.2022 12:20,62.6
Kjevik,SN39040,05.07.2022 12:50,62.6
Kjevik,SN39040,05.07.2022 13:20,62.6
Kjevik,SN39040,05.07.2022 13:50,62.6
Kjevik,SN39040,05.07.2022 14:20,62.6
Kjevik,SN39040,05.07.2022 14:50,62.6
Kjevik,SN39040,05.07.2022 15:20,66.2
Kjevik,SN39040,05.07.2022 15:50,64.4
Kjevik,SN39040,05.07.2022 16:20,66.2
Kjevik,SN39040,05.07.2022 16:50,66.2
Kjevik,SN39040,05.07.2022 17:20,64.4
Kjevik,SN39040,05.07.2022 17:50,64.4
Kjevik,SN39040,05.07.2022 18:20,64.4
Kjevik,SN39040,05.07.2022 18:50,64.4
Kjevik,SN39040,05.07.2022 19:20,62.6
Kjevik,SN39040,05.07.2022 19:50,62.6
Kjevik,SN39040,05.07.2022 20:20,60.8
Kjevik,SN39040,05.07.2022 20:50,59.0
Kjevik,SN39040,05.07.2022 21:20,57.2
Kjevik,SN39040,05.07.2022 21:50,57.2
Kjevik,SN39040,05.07.2022 22:20,57.2
Kjevik,SN39040,05.07.2022 22:50,55.4
Kjevik,SN39040,05.07.2022 23:20,55.4
Kjevik,SN39040,05.07.2022 23:50,55.4
Kjevik,SN39040,06.07.2022 00:20,53.6
Kjevik,SN39040,06.07.2022 00:50,53.6
Kjevik,SN39040,06.07.2022 01:20,53.6
Kjevik,SN39040,06.07.2022 01:50,53.6
Kjevik,SN39040,06.07.2022 02:20,51.8
Kjevik,SN39040,06.07.2022 02:50,51.8
Kjevik,SN39040,06.07.2022 03:20,51.8
Kjevik,SN39040,06.07.2022 03:50,53.6
Kjevik,SN39040,06.07.2022 04:20,53.6
Kjevik,SN39040,06.07.2022 04:50,55.4
Kjevik,SN39040,06.07.2022 05:20,55.4
Kjevik,SN39040,06.07.2022 05:50,55.4
Kjevik,SN39040,06.07.2022 06:20,57.2
Kjevik,SN39040,06.07.2022 06:50,59.0
Kjevik,SN39040,06.07.2022 07:20,59.0
Kjevik,SN39040,06.07.2022 07:50,60.8
Kjevik,SN39040,06.07.2022 08:20,60.8
Kjevik,SN39040,06.07.2022 08:50,62.6
Kjevik,SN39040,06.07.2022 09:20,62.6
Kjevik,SN39040,06.07.2022 09:50,60.8
Kjevik,SN39040,06.07.2022 10:20,62.6
Kjevik,SN39040,06.07.2022 10:50,60.8
Kjevik,SN39040,06.07.2022 11:20,64.4
Kjevik,SN39040,06.07.2022 11:50,64.4
Kjevik,SN39040,06.07.2022 12:20,60.8
Kjevik,SN39040,06.07.2022 12:50,59.0
Kjevik,SN39040,06.07.2022 13:20,59.0
Kjevik,SN39040,06.07.2022 13:50,59.0
Kjevik,SN39040,06.07.2022 14:20,60.8
Kjevik,SN39040,06.07.2022 14:50,60.8
Kjevik,SN39040,06.07.2022 15:20,59.0
Kjevik,SN39040,06.07.2022 15:50,57.2
Kjevik,SN39040,06.07.2022 16:20,57.2
Kjevik,SN39040,06.07.2022 16:50,57.2
Kjevik,SN39040,06.07.2022 17:20,57.2
Kjevik,SN39040,06.07.2022 17:50,57.2
Kjevik,SN39040,06.07.2022 18:20,59.0
Kjevik,SN39040,06.07.2022 18:50,59.0
Kjevik,SN39040,06.07.2022 19:20,59.0
Kjevik,SN39040,06.07.2022 19:50,59.0
Kjevik,SN39040,06.07.2022 20:20,59.0
Kjevik,SN39040,06.07.2022 20:50,59.0
Kjevik,SN39040,06.07.2022 21:20,59.0
Kjevik,SN39040,06.07.2022 21:50,59.0
Kjevik,SN39040,06.07.2022 22:20,59.0
Kjevik,SN39040,06.07.2022 22:50,59.0
Kjevik,SN39040,06.07.2022 23:50,57.2
Kjevik,SN39040,07.07.2022 00:20,57.2
Kjevik,SN39040,07.07.2022 00:50,57.2
Kjevik,SN39040,07.07.2022 01:20,57.2
Kjevik,SN39040,07.07.2022 01:50,57.2
Kjevik,SN39040,07.07.2022 02:20,57.2
Kjevik,SN39040,07.07.2022 02:50,57.2
Kjevik,SN39040,07.07.2022 03:20,57.2
Kjevik,SN39040,07.07.2022 03:50,57.2
Kjevik,SN39040,07.07.2022 04:20,57.2
Kjevik,SN39040,07.07.2022 04:50,55.4
Kjevik,SN39040,07.07.2022 05:20,57.2
Kjevik,SN39040,07.07.2022 05:50,59.0
Kjevik,SN39040,07.07.2022 06:20,60.8
Kjevik,SN39040,07.07.2022 06:50,62.6
Kjevik,SN39040,07.07.2022 07:20,64.4
Kjevik,SN39040,07.07.2022 07:50,64.4
Kjevik,SN39040,07.07.2022 08:20,68.0
Kjevik,SN39040,07.07.2022 08:50,68.0
Kjevik,SN39040,07.07.2022 09:20,69.8
Kjevik,SN39040,07.07.2022 09:50,69.8
Kjevik,SN39040,07.07.2022 10:20,71.6
Kjevik,SN39040,07.07.2022 10:50,71.6
Kjevik,SN39040,07.07.2022 11:20,68.0
Kjevik,SN39040,07.07.2022 11:50,68.0
Kjevik,SN39040,07.07.2022 12:20,69.8
Kjevik,SN39040,07.07.2022 12:50,66.2
Kjevik,SN39040,07.07.2022 13:20,66.2
Kjevik,SN39040,07.07.2022 13:50,66.2
Kjevik,SN39040,07.07.2022 14:20,66.2
Kjevik,SN39040,07.07.2022 14:50,68.0
Kjevik,SN39040,07.07.2022 15:20,69.8
Kjevik,SN39040,07.07.2022 15:50,69.8
Kjevik,SN39040,07.07.2022 16:20,68.0
Kjevik,SN39040,07.07.2022 16:50,68.0
Kjevik,SN39040,07.07.2022 17:20,69.8
Kjevik,SN39040,07.07.2022 17:50,69.8
Kjevik,SN39040,07.07.2022 18:20,68.0
Kjevik,SN39040,07.07.2022 18:50,68.0
Kjevik,SN39040,07.07.2022 19:20,69.8
Kjevik,SN39040,07.07.2022 19:50,71.6
Kjevik,SN39040,07.07.2022 20:20,69.8
Kjevik,SN39040,07.07.2022 20:50,68.0
Kjevik,SN39040,07.07.2022 21:20,66.2
Kjevik,SN39040,07.07.2022 21:50,64.4
Kjevik,SN39040,07.07.2022 22:20,62.6
Kjevik,SN39040,07.07.2022 22:50,62.6
Kjevik,SN39040,07.07.2022 23:20,62.6
Kjevik,SN39040,07.07.2022 23:50,62.6
Kjevik,SN39040,08.07.2022 00:20,60.8
Kjevik,SN39040,08.07.2022 00:50,60.8
Kjevik,SN39040,08.07.2022 01:20,59.0
Kjevik,SN39040,08.07.2022 01:50,59.0
Kjevik,SN39040,08.07.2022 02:20,59.0
Kjevik,SN39040,08.07.2022 02:50,57.2
Kjevik,SN39040,08.07.2022 03:20,57.2
Kjevik,SN39040,08.07.2022 03:50,57.2
Kjevik,SN39040,08.07.2022 04:20,57.2
Kjevik,SN39040,08.07.2022 04:50,57.2
Kjevik,SN39040,08.07.2022 05:20,57.2
Kjevik,SN39040,08.07.2022 05:50,59.0
Kjevik,SN39040,08.07.2022 06:20,59.0
Kjevik,SN39040,08.07.2022 06:50,60.8
Kjevik,SN39040,08.07.2022 07:20,62.6
Kjevik,SN39040,08.07.2022 07:50,64.4
Kjevik,SN39040,08.07.2022 08:20,66.2
Kjevik,SN39040,08.07.2022 08:50,68.0
Kjevik,SN39040,08.07.2022 09:20,68.0
Kjevik,SN39040,08.07.2022 09:50,69.8
Kjevik,SN39040,08.07.2022 10:20,69.8
Kjevik,SN39040,08.07.2022 10:50,69.8
Kjevik,SN39040,08.07.2022 11:20,69.8
Kjevik,SN39040,08.07.2022 11:50,71.6
Kjevik,SN39040,08.07.2022 12:20,71.6
Kjevik,SN39040,08.07.2022 12:50,71.6
Kjevik,SN39040,08.07.2022 13:20,71.6
Kjevik,SN39040,08.07.2022 13:50,73.4
Kjevik,SN39040,08.07.2022 14:20,73.4
Kjevik,SN39040,08.07.2022 14:50,73.4
Kjevik,SN39040,08.07.2022 15:20,73.4
Kjevik,SN39040,08.07.2022 15:50,71.6
Kjevik,SN39040,08.07.2022 16:20,71.6
Kjevik,SN39040,08.07.2022 16:50,71.6
Kjevik,SN39040,08.07.2022 17:20,69.8
Kjevik,SN39040,08.07.2022 17:50,68.0
Kjevik,SN39040,08.07.2022 18:20,68.0
Kjevik,SN39040,08.07.2022 18:50,64.4
Kjevik,SN39040,08.07.2022 19:20,64.4
Kjevik,SN39040,08.07.2022 19:50,62.6
Kjevik,SN39040,08.07.2022 20:20,62.6
Kjevik,SN39040,08.07.2022 20:50,60.8
Kjevik,SN39040,08.07.2022 21:20,60.8
Kjevik,SN39040,08.07.2022 21:50,60.8
Kjevik,SN39040,08.07.2022 22:20,59.0
Kjevik,SN39040,08.07.2022 22:50,59.0
Kjevik,SN39040,08.07.2022 23:50,59.0
Kjevik,SN39040,09.07.2022 00:50,57.2
Kjevik,SN39040,09.07.2022 01:20,57.2
Kjevik,SN39040,09.07.2022 01:50,57.2
Kjevik,SN39040,09.07.2022 02:20,57.2
Kjevik,SN39040,09.07.2022 02:50,55.4
Kjevik,SN39040,09.07.2022 03:20,55.4
Kjevik,SN39040,09.07.2022 03:50,55.4
Kjevik,SN39040,09.07.2022 04:20,55.4
Kjevik,SN39040,09.07.2022 04:50,55.4
Kjevik,SN39040,09.07.2022 05:20,55.4
Kjevik,SN39040,09.07.2022 05:50,57.2
Kjevik,SN39040,09.07.2022 06:20,57.2
Kjevik,SN39040,09.07.2022 06:50,59.0
Kjevik,SN39040,09.07.2022 07:50,60.8
Kjevik,SN39040,09.07.2022 08:20,60.8
Kjevik,SN39040,09.07.2022 08:50,60.8
Kjevik,SN39040,09.07.2022 09:20,62.6
Kjevik,SN39040,09.07.2022 09:50,62.6
Kjevik,SN39040,09.07.2022 10:20,62.6
Kjevik,SN39040,09.07.2022 10:50,62.6
Kjevik,SN39040,09.07.2022 11:20,64.4
Kjevik,SN39040,09.07.2022 11:50,64.4
Kjevik,SN39040,09.07.2022 12:20,66.2
Kjevik,SN39040,09.07.2022 12:50,66.2
Kjevik,SN39040,09.07.2022 13:20,64.4
Kjevik,SN39040,09.07.2022 13:50,66.2
Kjevik,SN39040,09.07.2022 14:20,66.2
Kjevik,SN39040,09.07.2022 14:50,66.2
Kjevik,SN39040,09.07.2022 15:20,66.2
Kjevik,SN39040,09.07.2022 15:50,66.2
Kjevik,SN39040,09.07.2022 16:20,66.2
Kjevik,SN39040,09.07.2022 16:50,66.2
Kjevik,SN39040,09.07.2022 17:20,66.2
Kjevik,SN39040,09.07.2022 17:50,66.2
Kjevik,SN39040,09.07.2022 18:20,64.4
Kjevik,SN39040,09.07.2022 18:50,62.6
Kjevik,SN39040,09.07.2022 19:20,60.8
Kjevik,SN39040,09.07.2022 19:50,60.8
Kjevik,SN39040,09.07.2022 20:20,59.0
Kjevik,SN39040,09.07.2022 20:50,59.0
Kjevik,SN39040,09.07.2022 21:20,59.0
Kjevik,SN39040,09.07.2022 21:50,57.2
Kjevik,SN39040,09.07.2022 22:20,57.2
Kjevik,SN39040,09.07.2022 22:50,57.2
Kjevik,SN39040,09.07.2022 23:20,57.2
Kjevik,SN39040,09.07.2022 23:50,57.2
Kjevik,SN39040,10.07.2022 00:20,55.4
Kjevik,SN39040,10.07.2022 00:50,55.4
Kjevik,SN39040,10.07.2022 01:20,55.4
Kjevik,SN39040,10.07.2022 01:50,55.4
Kjevik,SN39040,10.07.2022 02:20,55.4
Kjevik,SN39040,10.07.2022 02:50,55.4
Kjevik,SN39040,10.07.2022 03:20,55.4
Kjevik,SN39040,10.07.2022 03:50,55.4
Kjevik,SN39040,10.07.2022 04:20,55.4
Kjevik,SN39040,10.07.2022 04:50,55.4
Kjevik,SN39040,10.07.2022 05:20,55.4
Kjevik,SN39040,10.07.2022 05:50,57.2
Kjevik,SN39040,10.07.2022 06:20,57.2
Kjevik,SN39040,10.07.2022 06:50,59.0
Kjevik,SN39040,10.07.2022 07:20,60.8
Kjevik,SN39040,10.07.2022 07:50,62.6
Kjevik,SN39040,10.07.2022 08:20,64.4
Kjevik,SN39040,10.07.2022 08:50,64.4
Kjevik,SN39040,10.07.2022 09:20,66.2
Kjevik,SN39040,10.07.2022 09:50,66.2
Kjevik,SN39040,10.07.2022 10:20,66.2
Kjevik,SN39040,10.07.2022 10:50,66.2
Kjevik,SN39040,10.07.2022 11:20,66.2
Kjevik,SN39040,10.07.2022 11:50,66.2
Kjevik,SN39040,10.07.2022 12:20,66.2
Kjevik,SN39040,10.07.2022 12:50,64.4
Kjevik,SN39040,10.07.2022 13:20,62.6
Kjevik,SN39040,10.07.2022 13:50,64.4
Kjevik,SN39040,10.07.2022 14:20,64.4
Kjevik,SN39040,10.07.2022 14:50,62.6
Kjevik,SN39040,10.07.2022 15:20,64.4
Kjevik,SN39040,10.07.2022 15:50,64.4
Kjevik,SN39040,10.07.2022 16:20,64.4
Kjevik,SN39040,10.07.2022 16:50,66.2
Kjevik,SN39040,10.07.2022 17:20,64.4
Kjevik,SN39040,10.07.2022 17:50,66.2
Kjevik,SN39040,10.07.2022 18:20,64.4
Kjevik,SN39040,10.07.2022 18:50,66.2
Kjevik,SN39040,10.07.2022 19:20,66.2
Kjevik,SN39040,10.07.2022 19:50,64.4
Kjevik,SN39040,10.07.2022 20:20,64.4
Kjevik,SN39040,10.07.2022 20:50,64.4
Kjevik,SN39040,10.07.2022 21:20,62.6
Kjevik,SN39040,10.07.2022 21:50,62.6
Kjevik,SN39040,10.07.2022 22:20,60.8
Kjevik,SN39040,10.07.2022 22:50,59.0
Kjevik,SN39040,10.07.2022 23:20,59.0
Kjevik,SN39040,10.07.2022 23:50,57.2
Kjevik,SN39040,11.07.2022 00:20,55.4
Kjevik,SN39040,11.07.2022 00:50,55.4
Kjevik,SN39040,11.07.2022 01:20,53.6
Kjevik,SN39040,11.07.2022 01:50,53.6
Kjevik,SN39040,11.07.2022 02:20,53.6
Kjevik,SN39040,11.07.2022 02:50,53.6
Kjevik,SN39040,11.07.2022 03:20,53.6
Kjevik,SN39040,11.07.2022 03:50,53.6
Kjevik,SN39040,11.07.2022 04:20,51.8
Kjevik,SN39040,11.07.2022 04:50,53.6
Kjevik,SN39040,11.07.2022 05:20,53.6
Kjevik,SN39040,11.07.2022 05:50,55.4
Kjevik,SN39040,11.07.2022 06:20,59.0
Kjevik,SN39040,11.07.2022 06:50,60.8
Kjevik,SN39040,11.07.2022 07:20,64.4
Kjevik,SN39040,11.07.2022 07:50,66.2
Kjevik,SN39040,11.07.2022 08:20,68.0
Kjevik,SN39040,11.07.2022 08:50,68.0
Kjevik,SN39040,11.07.2022 09:20,68.0
Kjevik,SN39040,11.07.2022 09:50,68.0
Kjevik,SN39040,11.07.2022 10:20,68.0
Kjevik,SN39040,11.07.2022 10:50,68.0
Kjevik,SN39040,11.07.2022 11:20,68.0
Kjevik,SN39040,11.07.2022 11:50,68.0
Kjevik,SN39040,11.07.2022 12:20,68.0
Kjevik,SN39040,11.07.2022 12:50,69.8
Kjevik,SN39040,11.07.2022 13:20,69.8
Kjevik,SN39040,11.07.2022 13:50,71.6
Kjevik,SN39040,11.07.2022 14:20,71.6
Kjevik,SN39040,11.07.2022 14:50,69.8
Kjevik,SN39040,11.07.2022 15:20,71.6
Kjevik,SN39040,11.07.2022 15:50,71.6
Kjevik,SN39040,11.07.2022 16:20,69.8
Kjevik,SN39040,11.07.2022 16:50,68.0
Kjevik,SN39040,11.07.2022 17:20,68.0
Kjevik,SN39040,11.07.2022 17:50,68.0
Kjevik,SN39040,11.07.2022 18:20,68.0
Kjevik,SN39040,11.07.2022 18:50,69.8
Kjevik,SN39040,11.07.2022 19:20,68.0
Kjevik,SN39040,11.07.2022 19:50,66.2
Kjevik,SN39040,11.07.2022 20:20,64.4
Kjevik,SN39040,11.07.2022 20:50,62.6
Kjevik,SN39040,11.07.2022 21:20,62.6
Kjevik,SN39040,11.07.2022 21:50,60.8
Kjevik,SN39040,11.07.2022 22:20,60.8
Kjevik,SN39040,11.07.2022 22:50,59.0
Kjevik,SN39040,11.07.2022 23:20,57.2
Kjevik,SN39040,11.07.2022 23:50,59.0
Kjevik,SN39040,12.07.2022 00:20,57.2
Kjevik,SN39040,12.07.2022 00:50,57.2
Kjevik,SN39040,12.07.2022 01:20,55.4
Kjevik,SN39040,12.07.2022 01:50,55.4
Kjevik,SN39040,12.07.2022 02:20,55.4
Kjevik,SN39040,12.07.2022 02:50,55.4
Kjevik,SN39040,12.07.2022 03:20,55.4
Kjevik,SN39040,12.07.2022 03:50,55.4
Kjevik,SN39040,12.07.2022 04:20,55.4
Kjevik,SN39040,12.07.2022 04:50,55.4
Kjevik,SN39040,12.07.2022 05:20,57.2
Kjevik,SN39040,12.07.2022 05:50,57.2
Kjevik,SN39040,12.07.2022 06:20,59.0
Kjevik,SN39040,12.07.2022 06:50,60.8
Kjevik,SN39040,12.07.2022 07:20,62.6
Kjevik,SN39040,12.07.2022 07:50,64.4
Kjevik,SN39040,12.07.2022 08:20,66.2
Kjevik,SN39040,12.07.2022 08:50,64.4
Kjevik,SN39040,12.07.2022 09:20,66.2
Kjevik,SN39040,12.07.2022 09:50,66.2
Kjevik,SN39040,12.07.2022 10:20,66.2
Kjevik,SN39040,12.07.2022 10:50,66.2
Kjevik,SN39040,12.07.2022 11:20,68.0
Kjevik,SN39040,12.07.2022 11:50,66.2
Kjevik,SN39040,12.07.2022 12:20,66.2
Kjevik,SN39040,12.07.2022 12:50,66.2
Kjevik,SN39040,12.07.2022 13:20,64.4
Kjevik,SN39040,12.07.2022 13:50,64.4
Kjevik,SN39040,12.07.2022 14:20,62.6
Kjevik,SN39040,12.07.2022 14:50,62.6
Kjevik,SN39040,12.07.2022 15:20,62.6
Kjevik,SN39040,12.07.2022 15:50,62.6
Kjevik,SN39040,12.07.2022 16:20,62.6
Kjevik,SN39040,12.07.2022 16:50,62.6
Kjevik,SN39040,12.07.2022 17:20,62.6
Kjevik,SN39040,12.07.2022 17:50,62.6
Kjevik,SN39040,12.07.2022 18:20,62.6
Kjevik,SN39040,12.07.2022 18:50,62.6
Kjevik,SN39040,12.07.2022 19:20,64.4
Kjevik,SN39040,12.07.2022 19:50,64.4
Kjevik,SN39040,12.07.2022 20:20,62.6
Kjevik,SN39040,12.07.2022 20:50,62.6
Kjevik,SN39040,12.07.2022 21:20,62.6
Kjevik,SN39040,12.07.2022 21:50,62.6
Kjevik,SN39040,12.07.2022 22:20,60.8
Kjevik,SN39040,12.07.2022 22:50,60.8
Kjevik,SN39040,12.07.2022 23:20,60.8
Kjevik,SN39040,13.07.2022 00:20,60.8
Kjevik,SN39040,13.07.2022 01:50,59.0
Kjevik,SN39040,13.07.2022 02:20,59.0
Kjevik,SN39040,13.07.2022 02:50,57.2
Kjevik,SN39040,13.07.2022 03:20,57.2
Kjevik,SN39040,13.07.2022 03:50,55.4
Kjevik,SN39040,13.07.2022 04:20,55.4
Kjevik,SN39040,13.07.2022 04:50,59.0
Kjevik,SN39040,13.07.2022 05:20,59.0
Kjevik,SN39040,13.07.2022 05:50,59.0
Kjevik,SN39040,13.07.2022 06:20,59.0
Kjevik,SN39040,13.07.2022 06:50,60.8
Kjevik,SN39040,13.07.2022 07:20,60.8
Kjevik,SN39040,13.07.2022 07:50,62.6
Kjevik,SN39040,13.07.2022 08:20,62.6
Kjevik,SN39040,13.07.2022 08:50,62.6
Kjevik,SN39040,13.07.2022 09:20,64.4
Kjevik,SN39040,13.07.2022 09:50,66.2
Kjevik,SN39040,13.07.2022 10:20,68.0
Kjevik,SN39040,13.07.2022 10:50,68.0
Kjevik,SN39040,13.07.2022 11:20,69.8
Kjevik,SN39040,13.07.2022 11:50,68.0
Kjevik,SN39040,13.07.2022 12:20,68.0
Kjevik,SN39040,13.07.2022 12:50,69.8
Kjevik,SN39040,13.07.2022 13:20,69.8
Kjevik,SN39040,13.07.2022 13:50,69.8
Kjevik,SN39040,13.07.2022 14:20,66.2
Kjevik,SN39040,13.07.2022 14:50,68.0
Kjevik,SN39040,13.07.2022 15:20,66.2
Kjevik,SN39040,13.07.2022 15:50,66.2
Kjevik,SN39040,13.07.2022 16:20,66.2
Kjevik,SN39040,13.07.2022 16:50,64.4
Kjevik,SN39040,13.07.2022 17:20,64.4
Kjevik,SN39040,13.07.2022 17:50,64.4
Kjevik,SN39040,13.07.2022 18:20,66.2
Kjevik,SN39040,13.07.2022 18:50,64.4
Kjevik,SN39040,13.07.2022 19:20,62.6
Kjevik,SN39040,13.07.2022 19:50,60.8
Kjevik,SN39040,13.07.2022 20:20,60.8
Kjevik,SN39040,13.07.2022 20:50,59.0
Kjevik,SN39040,13.07.2022 21:20,57.2
Kjevik,SN39040,13.07.2022 21:50,57.2
Kjevik,SN39040,13.07.2022 22:20,55.4
Kjevik,SN39040,13.07.2022 22:50,55.4
Kjevik,SN39040,13.07.2022 23:20,55.4
Kjevik,SN39040,13.07.2022 23:50,55.4
Kjevik,SN39040,14.07.2022 00:20,57.2
Kjevik,SN39040,14.07.2022 00:50,57.2
Kjevik,SN39040,14.07.2022 01:20,57.2
Kjevik,SN39040,14.07.2022 01:50,55.4
Kjevik,SN39040,14.07.2022 02:20,55.4
Kjevik,SN39040,14.07.2022 02:50,55.4
Kjevik,SN39040,14.07.2022 03:20,55.4
Kjevik,SN39040,14.07.2022 03:50,55.4
Kjevik,SN39040,14.07.2022 04:20,53.6
Kjevik,SN39040,14.07.2022 04:50,53.6
Kjevik,SN39040,14.07.2022 05:20,53.6
Kjevik,SN39040,14.07.2022 05:50,55.4
Kjevik,SN39040,14.07.2022 06:20,55.4
Kjevik,SN39040,14.07.2022 06:50,55.4
Kjevik,SN39040,14.07.2022 07:20,57.2
Kjevik,SN39040,14.07.2022 07:50,57.2
Kjevik,SN39040,14.07.2022 08:20,57.2
Kjevik,SN39040,14.07.2022 08:50,57.2
Kjevik,SN39040,14.07.2022 09:20,59.0
Kjevik,SN39040,14.07.2022 09:50,62.6
Kjevik,SN39040,14.07.2022 10:20,62.6
Kjevik,SN39040,14.07.2022 10:50,64.4
Kjevik,SN39040,14.07.2022 11:20,66.2
Kjevik,SN39040,14.07.2022 11:50,62.6
Kjevik,SN39040,14.07.2022 12:20,62.6
Kjevik,SN39040,14.07.2022 12:50,62.6
Kjevik,SN39040,14.07.2022 13:20,64.4
Kjevik,SN39040,14.07.2022 13:50,64.4
Kjevik,SN39040,14.07.2022 14:20,64.4
Kjevik,SN39040,14.07.2022 14:50,64.4
Kjevik,SN39040,14.07.2022 15:20,64.4
Kjevik,SN39040,14.07.2022 15:50,64.4
Kjevik,SN39040,14.07.2022 16:20,64.4
Kjevik,SN39040,14.07.2022 16:50,62.6
Kjevik,SN39040,14.07.2022 17:20,64.4
Kjevik,SN39040,14.07.2022 17:50,62.6
Kjevik,SN39040,14.07.2022 18:20,62.6
Kjevik,SN39040,14.07.2022 18:50,60.8
Kjevik,SN39040,14.07.2022 19:20,60.8
Kjevik,SN39040,14.07.2022 19:50,60.8
Kjevik,SN39040,14.07.2022 20:20,60.8
Kjevik,SN39040,14.07.2022 20:50,59.0
Kjevik,SN39040,14.07.2022 21:20,59.0
Kjevik,SN39040,14.07.2022 21:50,57.2
Kjevik,SN39040,14.07.2022 22:20,57.2
Kjevik,SN39040,14.07.2022 22:50,57.2
Kjevik,SN39040,14.07.2022 23:20,55.4
Kjevik,SN39040,14.07.2022 23:50,55.4
Kjevik,SN39040,15.07.2022 00:20,55.4
Kjevik,SN39040,15.07.2022 00:50,55.4
Kjevik,SN39040,15.07.2022 01:20,55.4
Kjevik,SN39040,15.07.2022 01:50,55.4
Kjevik,SN39040,15.07.2022 02:20,55.4
Kjevik,SN39040,15.07.2022 02:50,53.6
Kjevik,SN39040,15.07.2022 03:20,53.6
Kjevik,SN39040,15.07.2022 03:50,53.6
Kjevik,SN39040,15.07.2022 04:20,53.6
Kjevik,SN39040,15.07.2022 04:50,53.6
Kjevik,SN39040,15.07.2022 05:20,53.6
Kjevik,SN39040,15.07.2022 05:50,53.6
Kjevik,SN39040,15.07.2022 06:20,55.4
Kjevik,SN39040,15.07.2022 06:50,57.2
Kjevik,SN39040,15.07.2022 07:20,59.0
Kjevik,SN39040,15.07.2022 07:50,59.0
Kjevik,SN39040,15.07.2022 08:20,59.0
Kjevik,SN39040,15.07.2022 08:50,59.0
Kjevik,SN39040,15.07.2022 09:20,62.6
Kjevik,SN39040,15.07.2022 09:50,62.6
Kjevik,SN39040,15.07.2022 10:20,62.6
Kjevik,SN39040,15.07.2022 10:50,62.6
Kjevik,SN39040,15.07.2022 11:20,64.4
Kjevik,SN39040,15.07.2022 11:50,64.4
Kjevik,SN39040,15.07.2022 12:20,64.4
Kjevik,SN39040,15.07.2022 12:50,64.4
Kjevik,SN39040,15.07.2022 13:20,59.0
Kjevik,SN39040,15.07.2022 13:50,62.6
Kjevik,SN39040,15.07.2022 14:20,66.2
Kjevik,SN39040,15.07.2022 14:50,66.2
Kjevik,SN39040,15.07.2022 15:20,66.2
Kjevik,SN39040,15.07.2022 15:50,66.2
Kjevik,SN39040,15.07.2022 16:20,64.4
Kjevik,SN39040,15.07.2022 16:50,64.4
Kjevik,SN39040,15.07.2022 17:20,64.4
Kjevik,SN39040,15.07.2022 17:50,64.4
Kjevik,SN39040,15.07.2022 18:20,62.6
Kjevik,SN39040,15.07.2022 18:50,62.6
Kjevik,SN39040,15.07.2022 19:20,62.6
Kjevik,SN39040,15.07.2022 19:50,60.8
Kjevik,SN39040,15.07.2022 20:20,60.8
Kjevik,SN39040,15.07.2022 20:50,59.0
Kjevik,SN39040,15.07.2022 21:20,57.2
Kjevik,SN39040,15.07.2022 21:50,55.4
Kjevik,SN39040,15.07.2022 22:20,55.4
Kjevik,SN39040,15.07.2022 22:50,55.4
Kjevik,SN39040,15.07.2022 23:20,55.4
Kjevik,SN39040,15.07.2022 23:50,53.6
Kjevik,SN39040,16.07.2022 00:20,53.6
Kjevik,SN39040,16.07.2022 00:50,53.6
Kjevik,SN39040,16.07.2022 01:20,53.6
Kjevik,SN39040,16.07.2022 01:50,53.6
Kjevik,SN39040,16.07.2022 02:20,53.6
Kjevik,SN39040,16.07.2022 02:50,53.6
Kjevik,SN39040,16.07.2022 03:20,55.4
Kjevik,SN39040,16.07.2022 03:50,55.4
Kjevik,SN39040,16.07.2022 04:20,55.4
Kjevik,SN39040,16.07.2022 04:50,55.4
Kjevik,SN39040,16.07.2022 05:20,55.4
Kjevik,SN39040,16.07.2022 05:50,55.4
Kjevik,SN39040,16.07.2022 06:20,57.2
Kjevik,SN39040,16.07.2022 06:50,59.0
Kjevik,SN39040,16.07.2022 07:20,59.0
Kjevik,SN39040,16.07.2022 07:50,60.8
Kjevik,SN39040,16.07.2022 08:20,62.6
Kjevik,SN39040,16.07.2022 08:50,64.4
Kjevik,SN39040,16.07.2022 09:20,64.4
Kjevik,SN39040,16.07.2022 09:50,66.2
Kjevik,SN39040,16.07.2022 10:20,66.2
Kjevik,SN39040,16.07.2022 10:50,66.2
Kjevik,SN39040,16.07.2022 11:20,66.2
Kjevik,SN39040,16.07.2022 11:50,68.0
Kjevik,SN39040,16.07.2022 12:20,69.8
Kjevik,SN39040,16.07.2022 12:50,69.8
Kjevik,SN39040,16.07.2022 13:20,69.8
Kjevik,SN39040,16.07.2022 13:50,71.6
Kjevik,SN39040,16.07.2022 14:20,71.6
Kjevik,SN39040,16.07.2022 14:50,73.4
Kjevik,SN39040,16.07.2022 15:20,73.4
Kjevik,SN39040,16.07.2022 15:50,73.4
Kjevik,SN39040,16.07.2022 16:20,73.4
Kjevik,SN39040,16.07.2022 16:50,73.4
Kjevik,SN39040,16.07.2022 17:20,73.4
Kjevik,SN39040,16.07.2022 17:50,71.6
Kjevik,SN39040,16.07.2022 18:20,71.6
Kjevik,SN39040,16.07.2022 18:50,69.8
Kjevik,SN39040,16.07.2022 19:20,69.8
Kjevik,SN39040,16.07.2022 19:50,68.0
Kjevik,SN39040,16.07.2022 20:20,66.2
Kjevik,SN39040,16.07.2022 20:50,64.4
Kjevik,SN39040,16.07.2022 21:20,64.4
Kjevik,SN39040,16.07.2022 21:50,62.6
Kjevik,SN39040,16.07.2022 22:20,60.8
Kjevik,SN39040,16.07.2022 22:50,60.8
Kjevik,SN39040,16.07.2022 23:20,60.8
Kjevik,SN39040,16.07.2022 23:50,60.8
Kjevik,SN39040,17.07.2022 00:20,60.8
Kjevik,SN39040,17.07.2022 00:50,59.0
Kjevik,SN39040,17.07.2022 01:20,59.0
Kjevik,SN39040,17.07.2022 01:50,59.0
Kjevik,SN39040,17.07.2022 02:20,59.0
Kjevik,SN39040,17.07.2022 02:50,59.0
Kjevik,SN39040,17.07.2022 03:20,59.0
Kjevik,SN39040,17.07.2022 03:50,59.0
Kjevik,SN39040,17.07.2022 04:20,59.0
Kjevik,SN39040,17.07.2022 04:50,59.0
Kjevik,SN39040,17.07.2022 05:20,59.0
Kjevik,SN39040,17.07.2022 05:50,59.0
Kjevik,SN39040,17.07.2022 06:20,59.0
Kjevik,SN39040,17.07.2022 06:50,59.0
Kjevik,SN39040,17.07.2022 07:20,59.0
Kjevik,SN39040,17.07.2022 07:50,59.0
Kjevik,SN39040,17.07.2022 08:20,59.0
Kjevik,SN39040,17.07.2022 08:50,59.0
Kjevik,SN39040,17.07.2022 09:20,59.0
Kjevik,SN39040,17.07.2022 09:50,60.8
Kjevik,SN39040,17.07.2022 10:20,62.6
Kjevik,SN39040,17.07.2022 10:50,62.6
Kjevik,SN39040,17.07.2022 11:20,64.4
Kjevik,SN39040,17.07.2022 11:50,64.4
Kjevik,SN39040,17.07.2022 12:20,66.2
Kjevik,SN39040,17.07.2022 12:50,68.0
Kjevik,SN39040,17.07.2022 13:20,66.2
Kjevik,SN39040,17.07.2022 13:50,66.2
Kjevik,SN39040,17.07.2022 14:20,66.2
Kjevik,SN39040,17.07.2022 14:50,68.0
Kjevik,SN39040,17.07.2022 15:20,64.4
Kjevik,SN39040,17.07.2022 15:50,64.4
Kjevik,SN39040,17.07.2022 16:20,64.4
Kjevik,SN39040,17.07.2022 16:50,64.4
Kjevik,SN39040,17.07.2022 17:20,64.4
Kjevik,SN39040,17.07.2022 17:50,64.4
Kjevik,SN39040,17.07.2022 18:20,62.6
Kjevik,SN39040,17.07.2022 18:50,62.6
Kjevik,SN39040,17.07.2022 19:20,62.6
Kjevik,SN39040,17.07.2022 19:50,62.6
Kjevik,SN39040,17.07.2022 20:20,62.6
Kjevik,SN39040,17.07.2022 20:50,62.6
Kjevik,SN39040,17.07.2022 21:20,62.6
Kjevik,SN39040,17.07.2022 21:50,62.6
Kjevik,SN39040,17.07.2022 22:20,62.6
Kjevik,SN39040,17.07.2022 22:50,60.8
Kjevik,SN39040,17.07.2022 23:20,60.8
Kjevik,SN39040,17.07.2022 23:50,60.8
Kjevik,SN39040,18.07.2022 01:20,60.8
Kjevik,SN39040,18.07.2022 01:50,60.8
Kjevik,SN39040,18.07.2022 02:20,60.8
Kjevik,SN39040,18.07.2022 02:50,60.8
Kjevik,SN39040,18.07.2022 03:50,60.8
Kjevik,SN39040,18.07.2022 04:20,60.8
Kjevik,SN39040,18.07.2022 04:50,60.8
Kjevik,SN39040,18.07.2022 05:20,60.8
Kjevik,SN39040,18.07.2022 05:50,60.8
Kjevik,SN39040,18.07.2022 06:20,59.0
Kjevik,SN39040,18.07.2022 06:50,59.0
Kjevik,SN39040,18.07.2022 07:20,60.8
Kjevik,SN39040,18.07.2022 07:50,60.8
Kjevik,SN39040,18.07.2022 08:20,62.6
Kjevik,SN39040,18.07.2022 08:50,62.6
Kjevik,SN39040,18.07.2022 09:20,62.6
Kjevik,SN39040,18.07.2022 09:50,64.4
Kjevik,SN39040,18.07.2022 10:20,66.2
Kjevik,SN39040,18.07.2022 10:50,66.2
Kjevik,SN39040,18.07.2022 11:20,66.2
Kjevik,SN39040,18.07.2022 11:50,68.0
Kjevik,SN39040,18.07.2022 12:20,68.0
Kjevik,SN39040,18.07.2022 12:50,68.0
Kjevik,SN39040,18.07.2022 13:20,66.2
Kjevik,SN39040,18.07.2022 13:50,69.8
Kjevik,SN39040,18.07.2022 14:20,69.8
Kjevik,SN39040,18.07.2022 14:50,68.0
Kjevik,SN39040,18.07.2022 15:20,73.4
Kjevik,SN39040,18.07.2022 15:50,75.2
Kjevik,SN39040,18.07.2022 16:20,75.2
Kjevik,SN39040,18.07.2022 16:50,73.4
Kjevik,SN39040,18.07.2022 17:20,77.0
Kjevik,SN39040,18.07.2022 17:50,78.8
Kjevik,SN39040,18.07.2022 18:20,75.2
Kjevik,SN39040,18.07.2022 18:50,75.2
Kjevik,SN39040,18.07.2022 19:20,75.2
Kjevik,SN39040,18.07.2022 19:50,73.4
Kjevik,SN39040,18.07.2022 20:20,73.4
Kjevik,SN39040,18.07.2022 20:50,71.6
Kjevik,SN39040,18.07.2022 21:20,69.8
Kjevik,SN39040,18.07.2022 21:50,66.2
Kjevik,SN39040,18.07.2022 22:20,66.2
Kjevik,SN39040,18.07.2022 22:50,68.0
Kjevik,SN39040,18.07.2022 23:20,66.2
Kjevik,SN39040,18.07.2022 23:50,62.6
Kjevik,SN39040,19.07.2022 00:20,59.0
Kjevik,SN39040,19.07.2022 00:50,59.0
Kjevik,SN39040,19.07.2022 01:20,59.0
Kjevik,SN39040,19.07.2022 01:50,57.2
Kjevik,SN39040,19.07.2022 02:20,55.4
Kjevik,SN39040,19.07.2022 02:50,53.6
Kjevik,SN39040,19.07.2022 03:20,55.4
Kjevik,SN39040,19.07.2022 03:50,55.4
Kjevik,SN39040,19.07.2022 04:20,55.4
Kjevik,SN39040,19.07.2022 04:50,59.0
Kjevik,SN39040,19.07.2022 05:20,59.0
Kjevik,SN39040,19.07.2022 05:50,60.8
Kjevik,SN39040,19.07.2022 06:20,60.8
Kjevik,SN39040,19.07.2022 06:50,62.6
Kjevik,SN39040,19.07.2022 07:20,64.4
Kjevik,SN39040,19.07.2022 07:50,66.2
Kjevik,SN39040,19.07.2022 08:20,68.0
Kjevik,SN39040,19.07.2022 08:50,69.8
Kjevik,SN39040,19.07.2022 09:20,71.6
Kjevik,SN39040,19.07.2022 09:50,71.6
Kjevik,SN39040,19.07.2022 10:20,71.6
Kjevik,SN39040,19.07.2022 10:50,71.6
Kjevik,SN39040,19.07.2022 11:20,71.6
Kjevik,SN39040,19.07.2022 11:50,71.6
Kjevik,SN39040,19.07.2022 12:20,71.6
Kjevik,SN39040,19.07.2022 12:50,73.4
Kjevik,SN39040,19.07.2022 13:20,71.6
Kjevik,SN39040,19.07.2022 13:50,71.6
Kjevik,SN39040,19.07.2022 14:20,73.4
Kjevik,SN39040,19.07.2022 14:50,73.4
Kjevik,SN39040,19.07.2022 15:20,73.4
Kjevik,SN39040,19.07.2022 15:50,73.4
Kjevik,SN39040,19.07.2022 16:20,73.4
Kjevik,SN39040,19.07.2022 16:50,73.4
Kjevik,SN39040,19.07.2022 17:20,71.6
Kjevik,SN39040,19.07.2022 17:50,71.6
Kjevik,SN39040,19.07.2022 18:20,69.8
Kjevik,SN39040,19.07.2022 18:50,68.0
Kjevik,SN39040,19.07.2022 19:20,68.0
Kjevik,SN39040,19.07.2022 19:50,66.2
Kjevik,SN39040,19.07.2022 20:20,64.4
Kjevik,SN39040,19.07.2022 20:50,64.4
Kjevik,SN39040,19.07.2022 21:20,64.4
Kjevik,SN39040,19.07.2022 21:50,62.6
Kjevik,SN39040,19.07.2022 22:20,60.8
Kjevik,SN39040,19.07.2022 22:50,59.0
Kjevik,SN39040,19.07.2022 23:20,60.8
Kjevik,SN39040,19.07.2022 23:50,59.0
Kjevik,SN39040,20.07.2022 00:20,59.0
Kjevik,SN39040,20.07.2022 00:50,60.8
Kjevik,SN39040,20.07.2022 01:20,60.8
Kjevik,SN39040,20.07.2022 01:50,60.8
Kjevik,SN39040,20.07.2022 02:20,62.6
Kjevik,SN39040,20.07.2022 02:50,59.0
Kjevik,SN39040,20.07.2022 03:20,59.0
Kjevik,SN39040,20.07.2022 03:50,59.0
Kjevik,SN39040,20.07.2022 04:20,59.0
Kjevik,SN39040,20.07.2022 04:50,59.0
Kjevik,SN39040,20.07.2022 05:20,60.8
Kjevik,SN39040,20.07.2022 05:50,62.6
Kjevik,SN39040,20.07.2022 06:20,64.4
Kjevik,SN39040,20.07.2022 06:50,66.2
Kjevik,SN39040,20.07.2022 07:20,68.0
Kjevik,SN39040,20.07.2022 07:50,71.6
Kjevik,SN39040,20.07.2022 08:20,73.4
Kjevik,SN39040,20.07.2022 08:50,73.4
Kjevik,SN39040,20.07.2022 09:20,75.2
Kjevik,SN39040,20.07.2022 09:50,75.2
Kjevik,SN39040,20.07.2022 10:20,77.0
Kjevik,SN39040,20.07.2022 10:50,78.8
Kjevik,SN39040,20.07.2022 11:20,80.6
Kjevik,SN39040,20.07.2022 11:50,82.4
Kjevik,SN39040,20.07.2022 12:20,80.6
Kjevik,SN39040,20.07.2022 12:50,82.4
Kjevik,SN39040,20.07.2022 13:20,82.4
Kjevik,SN39040,20.07.2022 13:50,82.4
Kjevik,SN39040,20.07.2022 14:20,84.2
Kjevik,SN39040,20.07.2022 14:50,82.4
Kjevik,SN39040,20.07.2022 15:20,84.2
Kjevik,SN39040,20.07.2022 15:50,84.2
Kjevik,SN39040,20.07.2022 16:20,84.2
Kjevik,SN39040,20.07.2022 16:50,82.4
Kjevik,SN39040,20.07.2022 17:20,80.6
Kjevik,SN39040,20.07.2022 17:50,80.6
Kjevik,SN39040,20.07.2022 18:20,78.8
Kjevik,SN39040,20.07.2022 18:50,78.8
Kjevik,SN39040,20.07.2022 19:20,77.0
Kjevik,SN39040,20.07.2022 19:50,75.2
Kjevik,SN39040,20.07.2022 20:20,73.4
Kjevik,SN39040,20.07.2022 20:50,71.6
Kjevik,SN39040,20.07.2022 21:20,68.0
Kjevik,SN39040,20.07.2022 21:50,68.0
Kjevik,SN39040,20.07.2022 22:20,66.2
Kjevik,SN39040,20.07.2022 22:50,64.4
Kjevik,SN39040,20.07.2022 23:20,64.4
Kjevik,SN39040,21.07.2022 00:20,64.4
Kjevik,SN39040,21.07.2022 00:50,62.6
Kjevik,SN39040,21.07.2022 01:20,62.6
Kjevik,SN39040,21.07.2022 01:50,62.6
Kjevik,SN39040,21.07.2022 02:20,62.6
Kjevik,SN39040,21.07.2022 02:50,62.6
Kjevik,SN39040,21.07.2022 03:50,62.6
Kjevik,SN39040,21.07.2022 04:20,62.6
Kjevik,SN39040,21.07.2022 04:50,62.6
Kjevik,SN39040,21.07.2022 05:20,62.6
Kjevik,SN39040,21.07.2022 05:50,64.4
Kjevik,SN39040,21.07.2022 06:20,64.4
Kjevik,SN39040,21.07.2022 06:50,66.2
Kjevik,SN39040,21.07.2022 07:20,68.0
Kjevik,SN39040,21.07.2022 07:50,69.8
Kjevik,SN39040,21.07.2022 08:20,71.6
Kjevik,SN39040,21.07.2022 08:50,73.4
Kjevik,SN39040,21.07.2022 09:20,73.4
Kjevik,SN39040,21.07.2022 09:50,73.4
Kjevik,SN39040,21.07.2022 10:20,75.2
Kjevik,SN39040,21.07.2022 10:50,69.8
Kjevik,SN39040,21.07.2022 11:20,71.6
Kjevik,SN39040,21.07.2022 11:50,73.4
Kjevik,SN39040,21.07.2022 12:20,71.6
Kjevik,SN39040,21.07.2022 12:50,71.6
Kjevik,SN39040,21.07.2022 13:20,69.8
Kjevik,SN39040,21.07.2022 13:50,69.8
Kjevik,SN39040,21.07.2022 14:20,69.8
Kjevik,SN39040,21.07.2022 14:50,69.8
Kjevik,SN39040,21.07.2022 15:20,69.8
Kjevik,SN39040,21.07.2022 15:50,71.6
Kjevik,SN39040,21.07.2022 16:20,71.6
Kjevik,SN39040,21.07.2022 16:50,71.6
Kjevik,SN39040,21.07.2022 17:20,71.6
Kjevik,SN39040,21.07.2022 17:50,69.8
Kjevik,SN39040,21.07.2022 18:20,69.8
Kjevik,SN39040,21.07.2022 18:50,69.8
Kjevik,SN39040,21.07.2022 19:20,69.8
Kjevik,SN39040,21.07.2022 19:50,69.8
Kjevik,SN39040,21.07.2022 20:20,69.8
Kjevik,SN39040,21.07.2022 20:50,69.8
Kjevik,SN39040,21.07.2022 21:20,68.0
Kjevik,SN39040,21.07.2022 21:50,68.0
Kjevik,SN39040,21.07.2022 22:20,66.2
Kjevik,SN39040,21.07.2022 22:50,66.2
Kjevik,SN39040,21.07.2022 23:20,66.2
Kjevik,SN39040,21.07.2022 23:50,66.2
Kjevik,SN39040,22.07.2022 00:20,66.2
Kjevik,SN39040,22.07.2022 00:50,66.2
Kjevik,SN39040,22.07.2022 01:20,66.2
Kjevik,SN39040,22.07.2022 02:50,68.0
Kjevik,SN39040,22.07.2022 03:20,66.2
Kjevik,SN39040,22.07.2022 03:50,66.2
Kjevik,SN39040,22.07.2022 04:20,68.0
Kjevik,SN39040,22.07.2022 04:50,66.2
Kjevik,SN39040,22.07.2022 05:20,66.2
Kjevik,SN39040,22.07.2022 05:50,68.0
Kjevik,SN39040,22.07.2022 06:20,69.8
Kjevik,SN39040,22.07.2022 06:50,69.8
Kjevik,SN39040,22.07.2022 07:20,71.6
Kjevik,SN39040,22.07.2022 07:50,73.4
Kjevik,SN39040,22.07.2022 08:20,75.2
Kjevik,SN39040,22.07.2022 08:50,75.2
Kjevik,SN39040,22.07.2022 09:20,75.2
Kjevik,SN39040,22.07.2022 09:50,73.4
Kjevik,SN39040,22.07.2022 10:20,73.4
Kjevik,SN39040,22.07.2022 10:50,71.6
Kjevik,SN39040,22.07.2022 11:20,73.4
Kjevik,SN39040,22.07.2022 11:50,71.6
Kjevik,SN39040,22.07.2022 12:20,71.6
Kjevik,SN39040,22.07.2022 12:50,68.0
Kjevik,SN39040,22.07.2022 13:20,69.8
Kjevik,SN39040,22.07.2022 13:50,69.8
Kjevik,SN39040,22.07.2022 14:20,69.8
Kjevik,SN39040,22.07.2022 14:50,69.8
Kjevik,SN39040,22.07.2022 15:20,71.6
Kjevik,SN39040,22.07.2022 15:50,69.8
Kjevik,SN39040,22.07.2022 16:20,68.0
Kjevik,SN39040,22.07.2022 16:50,66.2
Kjevik,SN39040,22.07.2022 17:20,66.2
Kjevik,SN39040,22.07.2022 17:50,66.2
Kjevik,SN39040,22.07.2022 18:20,66.2
Kjevik,SN39040,22.07.2022 18:50,64.4
Kjevik,SN39040,22.07.2022 19:20,64.4
Kjevik,SN39040,22.07.2022 19:50,62.6
Kjevik,SN39040,22.07.2022 20:20,62.6
Kjevik,SN39040,22.07.2022 20:50,62.6
Kjevik,SN39040,22.07.2022 21:20,62.6
Kjevik,SN39040,22.07.2022 21:50,62.6
Kjevik,SN39040,22.07.2022 22:20,62.6
Kjevik,SN39040,22.07.2022 22:50,62.6
Kjevik,SN39040,22.07.2022 23:20,62.6
Kjevik,SN39040,22.07.2022 23:50,60.8
Kjevik,SN39040,23.07.2022 00:50,60.8
Kjevik,SN39040,23.07.2022 01:20,60.8
Kjevik,SN39040,23.07.2022 01:50,60.8
Kjevik,SN39040,23.07.2022 02:20,60.8
Kjevik,SN39040,23.07.2022 02:50,60.8
Kjevik,SN39040,23.07.2022 03:20,60.8
Kjevik,SN39040,23.07.2022 03:50,60.8
Kjevik,SN39040,23.07.2022 04:20,59.0
Kjevik,SN39040,23.07.2022 04:50,59.0
Kjevik,SN39040,23.07.2022 05:20,60.8
Kjevik,SN39040,23.07.2022 05:50,60.8
Kjevik,SN39040,23.07.2022 06:20,60.8
Kjevik,SN39040,23.07.2022 06:50,62.6
Kjevik,SN39040,23.07.2022 07:20,62.6
Kjevik,SN39040,23.07.2022 07:50,62.6
Kjevik,SN39040,23.07.2022 08:20,62.6
Kjevik,SN39040,23.07.2022 08:50,64.4
Kjevik,SN39040,23.07.2022 09:20,64.4
Kjevik,SN39040,23.07.2022 09:50,64.4
Kjevik,SN39040,23.07.2022 10:20,64.4
Kjevik,SN39040,23.07.2022 10:50,62.6
Kjevik,SN39040,23.07.2022 11:20,62.6
Kjevik,SN39040,23.07.2022 11:50,60.8
Kjevik,SN39040,23.07.2022 12:20,60.8
Kjevik,SN39040,23.07.2022 12:50,60.8
Kjevik,SN39040,23.07.2022 13:20,64.4
Kjevik,SN39040,23.07.2022 13:50,66.2
Kjevik,SN39040,23.07.2022 14:20,66.2
Kjevik,SN39040,23.07.2022 14:50,66.2
Kjevik,SN39040,23.07.2022 15:20,66.2
Kjevik,SN39040,23.07.2022 15:50,64.4
Kjevik,SN39040,23.07.2022 16:20,64.4
Kjevik,SN39040,23.07.2022 16:50,64.4
Kjevik,SN39040,23.07.2022 17:20,62.6
Kjevik,SN39040,23.07.2022 17:50,64.4
Kjevik,SN39040,23.07.2022 18:20,62.6
Kjevik,SN39040,23.07.2022 18:50,62.6
Kjevik,SN39040,23.07.2022 19:20,62.6
Kjevik,SN39040,23.07.2022 19:50,62.6
Kjevik,SN39040,23.07.2022 20:20,62.6
Kjevik,SN39040,23.07.2022 20:50,60.8
Kjevik,SN39040,23.07.2022 21:20,59.0
Kjevik,SN39040,23.07.2022 21:50,57.2
Kjevik,SN39040,23.07.2022 22:20,57.2
Kjevik,SN39040,23.07.2022 22:50,55.4
Kjevik,SN39040,23.07.2022 23:20,55.4
Kjevik,SN39040,23.07.2022 23:50,53.6
Kjevik,SN39040,24.07.2022 00:20,55.4
Kjevik,SN39040,24.07.2022 00:50,53.6
Kjevik,SN39040,24.07.2022 01:20,53.6
Kjevik,SN39040,24.07.2022 01:50,53.6
Kjevik,SN39040,24.07.2022 02:20,53.6
Kjevik,SN39040,24.07.2022 02:50,53.6
Kjevik,SN39040,24.07.2022 03:20,53.6
Kjevik,SN39040,24.07.2022 03:50,51.8
Kjevik,SN39040,24.07.2022 04:20,53.6
Kjevik,SN39040,24.07.2022 04:50,53.6
Kjevik,SN39040,24.07.2022 05:20,53.6
Kjevik,SN39040,24.07.2022 05:50,55.4
Kjevik,SN39040,24.07.2022 06:20,57.2
Kjevik,SN39040,24.07.2022 06:50,59.0
Kjevik,SN39040,24.07.2022 07:20,59.0
Kjevik,SN39040,24.07.2022 07:50,60.8
Kjevik,SN39040,24.07.2022 08:20,60.8
Kjevik,SN39040,24.07.2022 08:50,60.8
Kjevik,SN39040,24.07.2022 09:20,60.8
Kjevik,SN39040,24.07.2022 09:50,60.8
Kjevik,SN39040,24.07.2022 10:20,60.8
Kjevik,SN39040,24.07.2022 10:50,60.8
Kjevik,SN39040,24.07.2022 11:20,60.8
Kjevik,SN39040,24.07.2022 11:50,60.8
Kjevik,SN39040,24.07.2022 12:20,60.8
Kjevik,SN39040,24.07.2022 12:50,60.8
Kjevik,SN39040,24.07.2022 13:20,62.6
Kjevik,SN39040,24.07.2022 13:50,62.6
Kjevik,SN39040,24.07.2022 14:20,62.6
Kjevik,SN39040,24.07.2022 14:50,62.6
Kjevik,SN39040,24.07.2022 15:20,62.6
Kjevik,SN39040,24.07.2022 15:50,62.6
Kjevik,SN39040,24.07.2022 16:20,62.6
Kjevik,SN39040,24.07.2022 16:50,62.6
Kjevik,SN39040,24.07.2022 17:20,62.6
Kjevik,SN39040,24.07.2022 17:50,62.6
Kjevik,SN39040,24.07.2022 18:20,62.6
Kjevik,SN39040,24.07.2022 18:50,62.6
Kjevik,SN39040,24.07.2022 19:20,62.6
Kjevik,SN39040,24.07.2022 19:50,62.6
Kjevik,SN39040,24.07.2022 20:20,62.6
Kjevik,SN39040,24.07.2022 20:50,62.6
Kjevik,SN39040,24.07.2022 21:20,62.6
Kjevik,SN39040,24.07.2022 21:50,62.6
Kjevik,SN39040,24.07.2022 22:20,62.6
Kjevik,SN39040,24.07.2022 22:50,62.6
Kjevik,SN39040,25.07.2022 00:50,62.6
Kjevik,SN39040,25.07.2022 01:20,60.8
Kjevik,SN39040,25.07.2022 01:50,62.6
Kjevik,SN39040,25.07.2022 02:20,62.6
Kjevik,SN39040,25.07.2022 02:50,62.6
Kjevik,SN39040,25.07.2022 03:50,62.6
Kjevik,SN39040,25.07.2022 04:20,62.6
Kjevik,SN39040,25.07.2022 04:50,62.6
Kjevik,SN39040,25.07.2022 05:20,62.6
Kjevik,SN39040,25.07.2022 05:50,62.6
Kjevik,SN39040,25.07.2022 06:20,62.6
Kjevik,SN39040,25.07.2022 06:50,62.6
Kjevik,SN39040,25.07.2022 07:20,62.6
Kjevik,SN39040,25.07.2022 07:50,62.6
Kjevik,SN39040,25.07.2022 08:20,62.6
Kjevik,SN39040,25.07.2022 08:50,62.6
Kjevik,SN39040,25.07.2022 09:20,62.6
Kjevik,SN39040,25.07.2022 09:50,62.6
Kjevik,SN39040,25.07.2022 10:20,62.6
Kjevik,SN39040,25.07.2022 10:50,62.6
Kjevik,SN39040,25.07.2022 11:20,62.6
Kjevik,SN39040,25.07.2022 11:50,62.6
Kjevik,SN39040,25.07.2022 12:20,62.6
Kjevik,SN39040,25.07.2022 12:50,62.6
Kjevik,SN39040,25.07.2022 13:20,64.4
Kjevik,SN39040,25.07.2022 13:50,62.6
Kjevik,SN39040,25.07.2022 14:20,62.6
Kjevik,SN39040,25.07.2022 14:50,64.4
Kjevik,SN39040,25.07.2022 15:20,64.4
Kjevik,SN39040,25.07.2022 15:50,64.4
Kjevik,SN39040,25.07.2022 16:20,64.4
Kjevik,SN39040,25.07.2022 16:50,64.4
Kjevik,SN39040,25.07.2022 17:20,62.6
Kjevik,SN39040,25.07.2022 17:50,64.4
Kjevik,SN39040,25.07.2022 18:20,62.6
Kjevik,SN39040,25.07.2022 18:50,62.6
Kjevik,SN39040,25.07.2022 19:20,62.6
Kjevik,SN39040,25.07.2022 19:50,62.6
Kjevik,SN39040,25.07.2022 20:20,60.8
Kjevik,SN39040,25.07.2022 20:50,60.8
Kjevik,SN39040,25.07.2022 21:20,60.8
Kjevik,SN39040,25.07.2022 21:50,60.8
Kjevik,SN39040,25.07.2022 22:20,60.8
Kjevik,SN39040,25.07.2022 22:50,60.8
Kjevik,SN39040,25.07.2022 23:20,60.8
Kjevik,SN39040,25.07.2022 23:50,59.0
Kjevik,SN39040,26.07.2022 00:50,59.0
Kjevik,SN39040,26.07.2022 01:50,57.2
Kjevik,SN39040,26.07.2022 02:20,57.2
Kjevik,SN39040,26.07.2022 02:50,55.4
Kjevik,SN39040,26.07.2022 03:20,55.4
Kjevik,SN39040,26.07.2022 03:50,55.4
Kjevik,SN39040,26.07.2022 04:20,53.6
Kjevik,SN39040,26.07.2022 04:50,55.4
Kjevik,SN39040,26.07.2022 05:20,55.4
Kjevik,SN39040,26.07.2022 05:50,55.4
Kjevik,SN39040,26.07.2022 06:20,55.4
Kjevik,SN39040,26.07.2022 06:50,57.2
Kjevik,SN39040,26.07.2022 07:20,57.2
Kjevik,SN39040,26.07.2022 07:50,57.2
Kjevik,SN39040,26.07.2022 08:20,59.0
Kjevik,SN39040,26.07.2022 08:50,59.0
Kjevik,SN39040,26.07.2022 09:20,60.8
Kjevik,SN39040,26.07.2022 09:50,60.8
Kjevik,SN39040,26.07.2022 10:20,60.8
Kjevik,SN39040,26.07.2022 10:50,62.6
Kjevik,SN39040,26.07.2022 11:20,64.4
Kjevik,SN39040,26.07.2022 11:50,62.6
Kjevik,SN39040,26.07.2022 12:20,64.4
Kjevik,SN39040,26.07.2022 12:50,64.4
Kjevik,SN39040,26.07.2022 13:20,62.6
Kjevik,SN39040,26.07.2022 13:50,62.6
Kjevik,SN39040,26.07.2022 14:20,64.4
Kjevik,SN39040,26.07.2022 14:50,64.4
Kjevik,SN39040,26.07.2022 15:20,62.6
Kjevik,SN39040,26.07.2022 15:50,64.4
Kjevik,SN39040,26.07.2022 16:20,64.4
Kjevik,SN39040,26.07.2022 16:50,64.4
Kjevik,SN39040,26.07.2022 17:20,62.6
Kjevik,SN39040,26.07.2022 17:50,60.8
Kjevik,SN39040,26.07.2022 18:20,60.8
Kjevik,SN39040,26.07.2022 18:50,60.8
Kjevik,SN39040,26.07.2022 19:20,60.8
Kjevik,SN39040,26.07.2022 19:50,60.8
Kjevik,SN39040,26.07.2022 20:20,59.0
Kjevik,SN39040,26.07.2022 20:50,59.0
Kjevik,SN39040,26.07.2022 21:20,59.0
Kjevik,SN39040,26.07.2022 21:50,57.2
Kjevik,SN39040,26.07.2022 22:20,59.0
Kjevik,SN39040,26.07.2022 22:50,59.0
Kjevik,SN39040,26.07.2022 23:20,57.2
Kjevik,SN39040,26.07.2022 23:50,57.2
Kjevik,SN39040,27.07.2022 00:20,57.2
Kjevik,SN39040,27.07.2022 00:50,57.2
Kjevik,SN39040,27.07.2022 01:20,57.2
Kjevik,SN39040,27.07.2022 01:50,57.2
Kjevik,SN39040,27.07.2022 02:20,57.2
Kjevik,SN39040,27.07.2022 02:50,57.2
Kjevik,SN39040,27.07.2022 03:20,59.0
Kjevik,SN39040,27.07.2022 03:50,59.0
Kjevik,SN39040,27.07.2022 04:20,59.0
Kjevik,SN39040,27.07.2022 04:50,59.0
Kjevik,SN39040,27.07.2022 05:20,59.0
Kjevik,SN39040,27.07.2022 05:50,59.0
Kjevik,SN39040,27.07.2022 06:20,59.0
Kjevik,SN39040,27.07.2022 06:50,59.0
Kjevik,SN39040,27.07.2022 07:20,59.0
Kjevik,SN39040,27.07.2022 07:50,60.8
Kjevik,SN39040,27.07.2022 08:20,62.6
Kjevik,SN39040,27.07.2022 08:50,62.6
Kjevik,SN39040,27.07.2022 09:20,64.4
Kjevik,SN39040,27.07.2022 09:50,68.0
Kjevik,SN39040,27.07.2022 10:20,68.0
Kjevik,SN39040,27.07.2022 10:50,68.0
Kjevik,SN39040,27.07.2022 11:20,66.2
Kjevik,SN39040,27.07.2022 11:50,68.0
Kjevik,SN39040,27.07.2022 12:20,68.0
Kjevik,SN39040,27.07.2022 12:50,68.0
Kjevik,SN39040,27.07.2022 13:20,68.0
Kjevik,SN39040,27.07.2022 13:50,69.8
Kjevik,SN39040,27.07.2022 14:20,69.8
Kjevik,SN39040,27.07.2022 14:50,69.8
Kjevik,SN39040,27.07.2022 15:20,71.6
Kjevik,SN39040,27.07.2022 15:50,69.8
Kjevik,SN39040,27.07.2022 16:20,69.8
Kjevik,SN39040,27.07.2022 16:50,68.0
Kjevik,SN39040,27.07.2022 17:20,68.0
Kjevik,SN39040,27.07.2022 17:50,69.8
Kjevik,SN39040,27.07.2022 18:20,69.8
Kjevik,SN39040,27.07.2022 18:50,69.8
Kjevik,SN39040,27.07.2022 19:20,68.0
Kjevik,SN39040,27.07.2022 19:50,66.2
Kjevik,SN39040,27.07.2022 20:20,64.4
Kjevik,SN39040,27.07.2022 20:50,64.4
Kjevik,SN39040,27.07.2022 21:20,62.6
Kjevik,SN39040,27.07.2022 21:50,60.8
Kjevik,SN39040,27.07.2022 22:20,60.8
Kjevik,SN39040,27.07.2022 22:50,55.4
Kjevik,SN39040,27.07.2022 23:20,53.6
Kjevik,SN39040,27.07.2022 23:50,51.8
Kjevik,SN39040,28.07.2022 00:20,51.8
Kjevik,SN39040,28.07.2022 00:50,51.8
Kjevik,SN39040,28.07.2022 01:20,50.0
Kjevik,SN39040,28.07.2022 01:50,50.0
Kjevik,SN39040,28.07.2022 02:20,50.0
Kjevik,SN39040,28.07.2022 02:50,50.0
Kjevik,SN39040,28.07.2022 03:20,48.2
Kjevik,SN39040,28.07.2022 03:50,48.2
Kjevik,SN39040,28.07.2022 04:20,48.2
Kjevik,SN39040,28.07.2022 04:50,48.2
Kjevik,SN39040,28.07.2022 05:20,48.2
Kjevik,SN39040,28.07.2022 05:50,51.8
Kjevik,SN39040,28.07.2022 06:20,53.6
Kjevik,SN39040,28.07.2022 06:50,57.2
Kjevik,SN39040,28.07.2022 07:20,60.8
Kjevik,SN39040,28.07.2022 07:50,62.6
Kjevik,SN39040,28.07.2022 08:20,64.4
Kjevik,SN39040,28.07.2022 08:50,66.2
Kjevik,SN39040,28.07.2022 09:20,68.0
Kjevik,SN39040,28.07.2022 09:50,68.0
Kjevik,SN39040,28.07.2022 10:20,68.0
Kjevik,SN39040,28.07.2022 10:50,69.8
Kjevik,SN39040,28.07.2022 11:20,69.8
Kjevik,SN39040,28.07.2022 11:50,68.0
Kjevik,SN39040,28.07.2022 12:20,69.8
Kjevik,SN39040,28.07.2022 12:50,68.0
Kjevik,SN39040,28.07.2022 13:20,68.0
Kjevik,SN39040,28.07.2022 13:50,66.2
Kjevik,SN39040,28.07.2022 14:20,69.8
Kjevik,SN39040,28.07.2022 14:50,69.8
Kjevik,SN39040,28.07.2022 15:20,68.0
Kjevik,SN39040,28.07.2022 15:50,66.2
Kjevik,SN39040,28.07.2022 16:20,64.4
Kjevik,SN39040,28.07.2022 16:50,64.4
Kjevik,SN39040,28.07.2022 17:20,62.6
Kjevik,SN39040,28.07.2022 17:50,62.6
Kjevik,SN39040,28.07.2022 18:20,60.8
Kjevik,SN39040,28.07.2022 18:50,60.8
Kjevik,SN39040,28.07.2022 19:20,60.8
Kjevik,SN39040,28.07.2022 19:50,59.0
Kjevik,SN39040,28.07.2022 20:20,59.0
Kjevik,SN39040,28.07.2022 20:50,57.2
Kjevik,SN39040,28.07.2022 21:20,57.2
Kjevik,SN39040,28.07.2022 21:50,57.2
Kjevik,SN39040,28.07.2022 22:20,53.6
Kjevik,SN39040,28.07.2022 22:50,51.8
Kjevik,SN39040,28.07.2022 23:20,50.0
Kjevik,SN39040,28.07.2022 23:50,50.0
Kjevik,SN39040,29.07.2022 00:20,50.0
Kjevik,SN39040,29.07.2022 00:50,48.2
Kjevik,SN39040,29.07.2022 01:20,48.2
Kjevik,SN39040,29.07.2022 01:50,48.2
Kjevik,SN39040,29.07.2022 02:20,48.2
Kjevik,SN39040,29.07.2022 02:50,46.4
Kjevik,SN39040,29.07.2022 03:20,46.4
Kjevik,SN39040,29.07.2022 03:50,46.4
Kjevik,SN39040,29.07.2022 04:20,46.4
Kjevik,SN39040,29.07.2022 04:50,46.4
Kjevik,SN39040,29.07.2022 05:20,46.4
Kjevik,SN39040,29.07.2022 05:50,48.2
Kjevik,SN39040,29.07.2022 06:20,50.0
Kjevik,SN39040,29.07.2022 06:50,51.8
Kjevik,SN39040,29.07.2022 07:20,55.4
Kjevik,SN39040,29.07.2022 07:50,59.0
Kjevik,SN39040,29.07.2022 08:20,59.0
Kjevik,SN39040,29.07.2022 08:50,60.8
Kjevik,SN39040,29.07.2022 09:20,60.8
Kjevik,SN39040,29.07.2022 09:50,64.4
Kjevik,SN39040,29.07.2022 10:20,64.4
Kjevik,SN39040,29.07.2022 10:50,62.6
Kjevik,SN39040,29.07.2022 11:20,62.6
Kjevik,SN39040,29.07.2022 11:50,66.2
Kjevik,SN39040,29.07.2022 12:20,62.6
Kjevik,SN39040,29.07.2022 12:50,62.6
Kjevik,SN39040,29.07.2022 13:20,64.4
Kjevik,SN39040,29.07.2022 13:50,66.2
Kjevik,SN39040,29.07.2022 14:20,66.2
Kjevik,SN39040,29.07.2022 14:50,66.2
Kjevik,SN39040,29.07.2022 15:20,64.4
Kjevik,SN39040,29.07.2022 15:50,66.2
Kjevik,SN39040,29.07.2022 16:20,66.2
Kjevik,SN39040,29.07.2022 16:50,66.2
Kjevik,SN39040,29.07.2022 17:20,66.2
Kjevik,SN39040,29.07.2022 17:50,68.0
Kjevik,SN39040,29.07.2022 18:20,68.0
Kjevik,SN39040,29.07.2022 18:50,66.2
Kjevik,SN39040,29.07.2022 19:20,64.4
Kjevik,SN39040,29.07.2022 19:50,64.4
Kjevik,SN39040,29.07.2022 20:20,62.6
Kjevik,SN39040,29.07.2022 20:50,60.8
Kjevik,SN39040,29.07.2022 21:20,59.0
Kjevik,SN39040,29.07.2022 21:50,55.4
Kjevik,SN39040,29.07.2022 22:20,53.6
Kjevik,SN39040,29.07.2022 22:50,53.6
Kjevik,SN39040,29.07.2022 23:20,53.6
Kjevik,SN39040,29.07.2022 23:50,53.6
Kjevik,SN39040,30.07.2022 00:20,51.8
Kjevik,SN39040,30.07.2022 00:50,51.8
Kjevik,SN39040,30.07.2022 01:20,51.8
Kjevik,SN39040,30.07.2022 01:50,51.8
Kjevik,SN39040,30.07.2022 02:20,51.8
Kjevik,SN39040,30.07.2022 02:50,51.8
Kjevik,SN39040,30.07.2022 03:20,50.0
Kjevik,SN39040,30.07.2022 03:50,51.8
Kjevik,SN39040,30.07.2022 04:20,51.8
Kjevik,SN39040,30.07.2022 04:50,51.8
Kjevik,SN39040,30.07.2022 05:20,53.6
Kjevik,SN39040,30.07.2022 05:50,53.6
Kjevik,SN39040,30.07.2022 06:20,55.4
Kjevik,SN39040,30.07.2022 06:50,59.0
Kjevik,SN39040,30.07.2022 07:20,60.8
Kjevik,SN39040,30.07.2022 07:50,62.6
Kjevik,SN39040,30.07.2022 08:20,66.2
Kjevik,SN39040,30.07.2022 08:50,66.2
Kjevik,SN39040,30.07.2022 09:20,68.0
Kjevik,SN39040,30.07.2022 09:50,66.2
Kjevik,SN39040,30.07.2022 10:20,66.2
Kjevik,SN39040,30.07.2022 10:50,66.2
Kjevik,SN39040,30.07.2022 11:20,68.0
Kjevik,SN39040,30.07.2022 11:50,69.8
Kjevik,SN39040,30.07.2022 12:20,69.8
Kjevik,SN39040,30.07.2022 12:50,69.8
Kjevik,SN39040,30.07.2022 13:20,69.8
Kjevik,SN39040,30.07.2022 13:50,69.8
Kjevik,SN39040,30.07.2022 14:20,69.8
Kjevik,SN39040,30.07.2022 14:50,68.0
Kjevik,SN39040,30.07.2022 15:20,68.0
Kjevik,SN39040,30.07.2022 15:50,68.0
Kjevik,SN39040,30.07.2022 16:20,68.0
Kjevik,SN39040,30.07.2022 16:50,68.0
Kjevik,SN39040,30.07.2022 17:20,69.8
Kjevik,SN39040,30.07.2022 17:50,66.2
Kjevik,SN39040,30.07.2022 18:20,66.2
Kjevik,SN39040,30.07.2022 18:50,68.0
Kjevik,SN39040,30.07.2022 19:20,68.0
Kjevik,SN39040,30.07.2022 19:50,66.2
Kjevik,SN39040,30.07.2022 20:20,64.4
Kjevik,SN39040,30.07.2022 20:50,64.4
Kjevik,SN39040,30.07.2022 21:20,62.6
Kjevik,SN39040,30.07.2022 21:50,59.0
Kjevik,SN39040,30.07.2022 22:20,59.0
Kjevik,SN39040,30.07.2022 22:50,57.2
Kjevik,SN39040,30.07.2022 23:20,55.4
Kjevik,SN39040,30.07.2022 23:50,55.4
Kjevik,SN39040,31.07.2022 00:20,53.6
Kjevik,SN39040,31.07.2022 00:50,53.6
Kjevik,SN39040,31.07.2022 01:20,53.6
Kjevik,SN39040,31.07.2022 01:50,55.4
Kjevik,SN39040,31.07.2022 02:20,55.4
Kjevik,SN39040,31.07.2022 02:50,55.4
Kjevik,SN39040,31.07.2022 03:20,55.4
Kjevik,SN39040,31.07.2022 03:50,55.4
Kjevik,SN39040,31.07.2022 04:20,55.4
Kjevik,SN39040,31.07.2022 04:50,55.4
Kjevik,SN39040,31.07.2022 05:20,55.4
Kjevik,SN39040,31.07.2022 05:50,57.2
Kjevik,SN39040,31.07.2022 06:20,57.2
Kjevik,SN39040,31.07.2022 06:50,59.0
Kjevik,SN39040,31.07.2022 07:20,59.0
Kjevik,SN39040,31.07.2022 07:50,59.0
Kjevik,SN39040,31.07.2022 08:20,60.8
Kjevik,SN39040,31.07.2022 08:50,60.8
Kjevik,SN39040,31.07.2022 09:20,60.8
Kjevik,SN39040,31.07.2022 09:50,60.8
Kjevik,SN39040,31.07.2022 10:20,60.8
Kjevik,SN39040,31.07.2022 10:50,62.6
Kjevik,SN39040,31.07.2022 11:20,62.6
Kjevik,SN39040,31.07.2022 11:50,60.8
Kjevik,SN39040,31.07.2022 12:20,60.8
Kjevik,SN39040,31.07.2022 12:50,60.8
Kjevik,SN39040,31.07.2022 13:20,60.8
Kjevik,SN39040,31.07.2022 13:50,60.8
Kjevik,SN39040,31.07.2022 14:20,60.8
Kjevik,SN39040,31.07.2022 14:50,60.8
Kjevik,SN39040,31.07.2022 15:20,62.6
Kjevik,SN39040,31.07.2022 15:50,62.6
Kjevik,SN39040,31.07.2022 16:20,62.6
Kjevik,SN39040,31.07.2022 16:50,62.6
Kjevik,SN39040,31.07.2022 17:20,62.6
Kjevik,SN39040,31.07.2022 17:50,60.8
Kjevik,SN39040,31.07.2022 18:20,60.8
Kjevik,SN39040,31.07.2022 18:50,60.8
Kjevik,SN39040,31.07.2022 19:20,60.8
Kjevik,SN39040,31.07.2022 19:50,60.8
Kjevik,SN39040,31.07.2022 20:20,60.8
Kjevik,SN39040,31.07.2022 20:50,60.8
Kjevik,SN39040,31.07.2022 21:20,60.8
Kjevik,SN39040,31.07.2022 21:50,60.8
Kjevik,SN39040,31.07.2022 22:20,60.8
Kjevik,SN39040,31.07.2022 22:50,60.8
Kjevik,SN39040,31.07.2022 23:20,60.8
Kjevik,SN39040,31.07.2022 23:50,60.8
Kjevik,SN39040,01.08.2022 00:20,60.8
Kjevik,SN39040,01.08.2022 00:50,59.0
Kjevik,SN39040,01.08.2022 01:20,59.0
Kjevik,SN39040,01.08.2022 01:50,55.4
Kjevik,SN39040,01.08.2022 02:20,55.4
Kjevik,SN39040,01.08.2022 02:50,57.2
Kjevik,SN39040,01.08.2022 03:20,55.4
Kjevik,SN39040,01.08.2022 03:50,55.4
Kjevik,SN39040,01.08.2022 04:20,55.4
Kjevik,SN39040,01.08.2022 04:50,53.6
Kjevik,SN39040,01.08.2022 05:20,53.6
Kjevik,SN39040,01.08.2022 05:50,53.6
Kjevik,SN39040,01.08.2022 06:20,53.6
Kjevik,SN39040,01.08.2022 06:50,55.4
Kjevik,SN39040,01.08.2022 07:20,57.2
Kjevik,SN39040,01.08.2022 07:50,57.2
Kjevik,SN39040,01.08.2022 08:20,59.0
Kjevik,SN39040,01.08.2022 08:50,60.8
Kjevik,SN39040,01.08.2022 09:20,62.6
Kjevik,SN39040,01.08.2022 09:50,64.4
Kjevik,SN39040,01.08.2022 10:20,64.4
Kjevik,SN39040,01.08.2022 10:50,66.2
Kjevik,SN39040,01.08.2022 11:20,68.0
Kjevik,SN39040,01.08.2022 11:50,68.0
Kjevik,SN39040,01.08.2022 12:20,68.0
Kjevik,SN39040,01.08.2022 12:50,69.8
Kjevik,SN39040,01.08.2022 13:20,69.8
Kjevik,SN39040,01.08.2022 13:50,69.8
Kjevik,SN39040,01.08.2022 14:20,69.8
Kjevik,SN39040,01.08.2022 14:50,69.8
Kjevik,SN39040,01.08.2022 15:20,69.8
Kjevik,SN39040,01.08.2022 15:50,69.8
Kjevik,SN39040,01.08.2022 16:20,69.8
Kjevik,SN39040,01.08.2022 16:50,69.8
Kjevik,SN39040,01.08.2022 17:20,69.8
Kjevik,SN39040,01.08.2022 17:50,68.0
Kjevik,SN39040,01.08.2022 18:20,69.8
Kjevik,SN39040,01.08.2022 18:50,68.0
Kjevik,SN39040,01.08.2022 19:20,66.2
Kjevik,SN39040,01.08.2022 19:50,64.4
Kjevik,SN39040,01.08.2022 20:20,62.6
Kjevik,SN39040,01.08.2022 20:50,60.8
Kjevik,SN39040,01.08.2022 21:20,60.8
Kjevik,SN39040,01.08.2022 21:50,59.0
Kjevik,SN39040,01.08.2022 22:20,59.0
Kjevik,SN39040,01.08.2022 22:50,59.0
Kjevik,SN39040,01.08.2022 23:20,59.0
Kjevik,SN39040,01.08.2022 23:50,57.2
Kjevik,SN39040,02.08.2022 00:20,57.2
Kjevik,SN39040,02.08.2022 00:50,55.4
Kjevik,SN39040,02.08.2022 01:20,55.4
Kjevik,SN39040,02.08.2022 01:50,55.4
Kjevik,SN39040,02.08.2022 02:20,55.4
Kjevik,SN39040,02.08.2022 02:50,55.4
Kjevik,SN39040,02.08.2022 03:20,53.6
Kjevik,SN39040,02.08.2022 03:50,53.6
Kjevik,SN39040,02.08.2022 04:20,53.6
Kjevik,SN39040,02.08.2022 04:50,50.0
Kjevik,SN39040,02.08.2022 05:20,50.0
Kjevik,SN39040,02.08.2022 05:50,51.8
Kjevik,SN39040,02.08.2022 06:20,51.8
Kjevik,SN39040,02.08.2022 06:50,53.6
Kjevik,SN39040,02.08.2022 07:20,53.6
Kjevik,SN39040,02.08.2022 07:50,55.4
Kjevik,SN39040,02.08.2022 08:20,55.4
Kjevik,SN39040,02.08.2022 08:50,57.2
Kjevik,SN39040,02.08.2022 09:20,59.0
Kjevik,SN39040,02.08.2022 09:50,60.8
Kjevik,SN39040,02.08.2022 10:20,57.2
Kjevik,SN39040,02.08.2022 10:50,57.2
Kjevik,SN39040,02.08.2022 11:20,57.2
Kjevik,SN39040,02.08.2022 11:50,57.2
Kjevik,SN39040,02.08.2022 12:20,57.2
Kjevik,SN39040,02.08.2022 12:50,57.2
Kjevik,SN39040,02.08.2022 13:20,57.2
Kjevik,SN39040,02.08.2022 13:50,57.2
Kjevik,SN39040,02.08.2022 14:20,57.2
Kjevik,SN39040,02.08.2022 14:50,59.0
Kjevik,SN39040,02.08.2022 15:20,59.0
Kjevik,SN39040,02.08.2022 15:50,59.0
Kjevik,SN39040,02.08.2022 16:20,60.8
Kjevik,SN39040,02.08.2022 16:50,60.8
Kjevik,SN39040,02.08.2022 17:20,62.6
Kjevik,SN39040,02.08.2022 17:50,62.6
Kjevik,SN39040,02.08.2022 18:20,62.6
Kjevik,SN39040,02.08.2022 18:50,62.6
Kjevik,SN39040,02.08.2022 19:20,62.6
Kjevik,SN39040,02.08.2022 19:50,62.6
Kjevik,SN39040,02.08.2022 20:20,62.6
Kjevik,SN39040,02.08.2022 20:50,62.6
Kjevik,SN39040,02.08.2022 21:20,62.6
Kjevik,SN39040,02.08.2022 21:50,62.6
Kjevik,SN39040,02.08.2022 22:20,62.6
Kjevik,SN39040,02.08.2022 22:50,62.6
Kjevik,SN39040,02.08.2022 23:20,62.6
Kjevik,SN39040,02.08.2022 23:50,62.6
Kjevik,SN39040,03.08.2022 00:20,62.6
Kjevik,SN39040,03.08.2022 00:50,62.6
Kjevik,SN39040,03.08.2022 01:20,62.6
Kjevik,SN39040,03.08.2022 01:50,62.6
Kjevik,SN39040,03.08.2022 02:20,62.6
Kjevik,SN39040,03.08.2022 02:50,62.6
Kjevik,SN39040,03.08.2022 03:20,62.6
Kjevik,SN39040,03.08.2022 03:50,62.6
Kjevik,SN39040,03.08.2022 04:20,62.6
Kjevik,SN39040,03.08.2022 04:50,62.6
Kjevik,SN39040,03.08.2022 05:20,62.6
Kjevik,SN39040,03.08.2022 05:50,62.6
Kjevik,SN39040,03.08.2022 06:20,62.6
Kjevik,SN39040,03.08.2022 06:50,64.4
Kjevik,SN39040,03.08.2022 07:20,64.4
Kjevik,SN39040,03.08.2022 07:50,64.4
Kjevik,SN39040,03.08.2022 08:20,64.4
Kjevik,SN39040,03.08.2022 08:50,64.4
Kjevik,SN39040,03.08.2022 09:20,62.6
Kjevik,SN39040,03.08.2022 09:50,62.6
Kjevik,SN39040,03.08.2022 10:20,64.4
Kjevik,SN39040,03.08.2022 10:50,64.4
Kjevik,SN39040,03.08.2022 11:20,64.4
Kjevik,SN39040,03.08.2022 11:50,64.4
Kjevik,SN39040,03.08.2022 12:20,66.2
Kjevik,SN39040,03.08.2022 12:50,64.4
Kjevik,SN39040,03.08.2022 13:20,64.4
Kjevik,SN39040,03.08.2022 13:50,66.2
Kjevik,SN39040,03.08.2022 14:20,68.0
Kjevik,SN39040,03.08.2022 14:50,68.0
Kjevik,SN39040,03.08.2022 15:20,68.0
Kjevik,SN39040,03.08.2022 15:50,68.0
Kjevik,SN39040,03.08.2022 16:20,68.0
Kjevik,SN39040,03.08.2022 16:50,68.0
Kjevik,SN39040,03.08.2022 17:20,68.0
Kjevik,SN39040,03.08.2022 17:50,68.0
Kjevik,SN39040,03.08.2022 18:20,66.2
Kjevik,SN39040,03.08.2022 18:50,66.2
Kjevik,SN39040,03.08.2022 19:20,64.4
Kjevik,SN39040,03.08.2022 19:50,64.4
Kjevik,SN39040,03.08.2022 20:20,62.6
Kjevik,SN39040,03.08.2022 20:50,60.8
Kjevik,SN39040,03.08.2022 21:20,60.8
Kjevik,SN39040,03.08.2022 21:50,60.8
Kjevik,SN39040,03.08.2022 22:20,60.8
Kjevik,SN39040,03.08.2022 22:50,60.8
Kjevik,SN39040,03.08.2022 23:20,60.8
Kjevik,SN39040,03.08.2022 23:50,60.8
Kjevik,SN39040,04.08.2022 00:50,60.8
Kjevik,SN39040,04.08.2022 01:20,59.0
Kjevik,SN39040,04.08.2022 01:50,59.0
Kjevik,SN39040,04.08.2022 02:20,59.0
Kjevik,SN39040,04.08.2022 02:50,59.0
Kjevik,SN39040,04.08.2022 03:20,57.2
Kjevik,SN39040,04.08.2022 03:50,57.2
Kjevik,SN39040,04.08.2022 04:20,57.2
Kjevik,SN39040,04.08.2022 04:50,57.2
Kjevik,SN39040,04.08.2022 05:20,57.2
Kjevik,SN39040,04.08.2022 05:50,59.0
Kjevik,SN39040,04.08.2022 06:20,59.0
Kjevik,SN39040,04.08.2022 06:50,60.8
Kjevik,SN39040,04.08.2022 07:20,62.6
Kjevik,SN39040,04.08.2022 07:50,64.4
Kjevik,SN39040,04.08.2022 08:20,64.4
Kjevik,SN39040,04.08.2022 08:50,62.6
Kjevik,SN39040,04.08.2022 09:20,62.6
Kjevik,SN39040,04.08.2022 09:50,60.8
Kjevik,SN39040,04.08.2022 10:20,62.6
Kjevik,SN39040,04.08.2022 10:50,64.4
Kjevik,SN39040,04.08.2022 11:20,62.6
Kjevik,SN39040,04.08.2022 11:50,62.6
Kjevik,SN39040,04.08.2022 12:20,62.6
Kjevik,SN39040,04.08.2022 12:50,62.6
Kjevik,SN39040,04.08.2022 13:20,62.6
Kjevik,SN39040,04.08.2022 13:50,62.6
Kjevik,SN39040,04.08.2022 14:20,64.4
Kjevik,SN39040,04.08.2022 14:50,68.0
Kjevik,SN39040,04.08.2022 15:20,68.0
Kjevik,SN39040,04.08.2022 15:50,68.0
Kjevik,SN39040,04.08.2022 16:20,69.8
Kjevik,SN39040,04.08.2022 16:50,68.0
Kjevik,SN39040,04.08.2022 17:20,68.0
Kjevik,SN39040,04.08.2022 17:50,66.2
Kjevik,SN39040,04.08.2022 18:20,66.2
Kjevik,SN39040,04.08.2022 18:50,64.4
Kjevik,SN39040,04.08.2022 19:20,64.4
Kjevik,SN39040,04.08.2022 19:50,62.6
Kjevik,SN39040,04.08.2022 20:20,60.8
Kjevik,SN39040,04.08.2022 20:50,60.8
Kjevik,SN39040,04.08.2022 21:20,59.0
Kjevik,SN39040,04.08.2022 21:50,59.0
Kjevik,SN39040,04.08.2022 22:20,59.0
Kjevik,SN39040,04.08.2022 22:50,59.0
Kjevik,SN39040,04.08.2022 23:20,57.2
Kjevik,SN39040,04.08.2022 23:50,57.2
Kjevik,SN39040,05.08.2022 00:20,55.4
Kjevik,SN39040,05.08.2022 00:50,55.4
Kjevik,SN39040,05.08.2022 01:20,55.4
Kjevik,SN39040,05.08.2022 01:50,55.4
Kjevik,SN39040,05.08.2022 02:20,55.4
Kjevik,SN39040,05.08.2022 02:50,55.4
Kjevik,SN39040,05.08.2022 03:20,53.6
Kjevik,SN39040,05.08.2022 03:50,51.8
Kjevik,SN39040,05.08.2022 04:20,51.8
Kjevik,SN39040,05.08.2022 04:50,50.0
Kjevik,SN39040,05.08.2022 05:20,51.8
Kjevik,SN39040,05.08.2022 05:50,53.6
Kjevik,SN39040,05.08.2022 06:20,53.6
Kjevik,SN39040,05.08.2022 06:50,55.4
Kjevik,SN39040,05.08.2022 07:20,57.2
Kjevik,SN39040,05.08.2022 07:50,59.0
Kjevik,SN39040,05.08.2022 08:20,60.8
Kjevik,SN39040,05.08.2022 08:50,60.8
Kjevik,SN39040,05.08.2022 09:20,62.6
Kjevik,SN39040,05.08.2022 09:50,64.4
Kjevik,SN39040,05.08.2022 10:20,64.4
Kjevik,SN39040,05.08.2022 10:50,64.4
Kjevik,SN39040,05.08.2022 11:20,66.2
Kjevik,SN39040,05.08.2022 11:50,66.2
Kjevik,SN39040,05.08.2022 12:20,66.2
Kjevik,SN39040,05.08.2022 12:50,69.8
Kjevik,SN39040,05.08.2022 13:20,68.0
Kjevik,SN39040,05.08.2022 13:50,68.0
Kjevik,SN39040,05.08.2022 14:20,69.8
Kjevik,SN39040,05.08.2022 14:50,68.0
Kjevik,SN39040,05.08.2022 15:20,68.0
Kjevik,SN39040,05.08.2022 15:50,68.0
Kjevik,SN39040,05.08.2022 16:20,68.0
Kjevik,SN39040,05.08.2022 16:50,68.0
Kjevik,SN39040,05.08.2022 17:20,66.2
Kjevik,SN39040,05.08.2022 17:50,64.4
Kjevik,SN39040,05.08.2022 18:20,62.6
Kjevik,SN39040,05.08.2022 18:50,62.6
Kjevik,SN39040,05.08.2022 19:20,60.8
Kjevik,SN39040,05.08.2022 19:50,59.0
Kjevik,SN39040,05.08.2022 20:20,59.0
Kjevik,SN39040,05.08.2022 20:50,59.0
Kjevik,SN39040,05.08.2022 21:20,57.2
Kjevik,SN39040,05.08.2022 21:50,57.2
Kjevik,SN39040,05.08.2022 22:20,55.4
Kjevik,SN39040,05.08.2022 22:50,55.4
Kjevik,SN39040,05.08.2022 23:20,55.4
Kjevik,SN39040,05.08.2022 23:50,53.6
Kjevik,SN39040,06.08.2022 00:20,53.6
Kjevik,SN39040,06.08.2022 00:50,53.6
Kjevik,SN39040,06.08.2022 01:20,53.6
Kjevik,SN39040,06.08.2022 01:50,51.8
Kjevik,SN39040,06.08.2022 02:20,51.8
Kjevik,SN39040,06.08.2022 02:50,53.6
Kjevik,SN39040,06.08.2022 03:20,53.6
Kjevik,SN39040,06.08.2022 03:50,51.8
Kjevik,SN39040,06.08.2022 04:20,51.8
Kjevik,SN39040,06.08.2022 04:50,53.6
Kjevik,SN39040,06.08.2022 05:20,53.6
Kjevik,SN39040,06.08.2022 05:50,53.6
Kjevik,SN39040,06.08.2022 06:20,53.6
Kjevik,SN39040,06.08.2022 06:50,53.6
Kjevik,SN39040,06.08.2022 07:20,55.4
Kjevik,SN39040,06.08.2022 07:50,55.4
Kjevik,SN39040,06.08.2022 08:20,57.2
Kjevik,SN39040,06.08.2022 08:50,57.2
Kjevik,SN39040,06.08.2022 09:20,59.0
Kjevik,SN39040,06.08.2022 09:50,60.8
Kjevik,SN39040,06.08.2022 10:20,60.8
Kjevik,SN39040,06.08.2022 10:50,62.6
Kjevik,SN39040,06.08.2022 11:20,64.4
Kjevik,SN39040,06.08.2022 11:50,64.4
Kjevik,SN39040,06.08.2022 12:20,64.4
Kjevik,SN39040,06.08.2022 12:50,64.4
Kjevik,SN39040,06.08.2022 13:20,64.4
Kjevik,SN39040,06.08.2022 13:50,64.4
Kjevik,SN39040,06.08.2022 14:20,64.4
Kjevik,SN39040,06.08.2022 14:50,64.4
Kjevik,SN39040,06.08.2022 15:20,64.4
Kjevik,SN39040,06.08.2022 15:50,64.4
Kjevik,SN39040,06.08.2022 16:20,64.4
Kjevik,SN39040,06.08.2022 16:50,64.4
Kjevik,SN39040,06.08.2022 17:20,64.4
Kjevik,SN39040,06.08.2022 17:50,64.4
Kjevik,SN39040,06.08.2022 18:20,64.4
Kjevik,SN39040,06.08.2022 18:50,62.6
Kjevik,SN39040,06.08.2022 19:20,62.6
Kjevik,SN39040,06.08.2022 19:50,60.8
Kjevik,SN39040,06.08.2022 20:20,59.0
Kjevik,SN39040,06.08.2022 20:50,59.0
Kjevik,SN39040,06.08.2022 21:20,57.2
Kjevik,SN39040,06.08.2022 21:50,57.2
Kjevik,SN39040,06.08.2022 22:20,55.4
Kjevik,SN39040,06.08.2022 22:50,53.6
Kjevik,SN39040,06.08.2022 23:20,51.8
Kjevik,SN39040,06.08.2022 23:50,53.6
Kjevik,SN39040,07.08.2022 00:20,53.6
Kjevik,SN39040,07.08.2022 00:50,53.6
Kjevik,SN39040,07.08.2022 01:20,53.6
Kjevik,SN39040,07.08.2022 01:50,53.6
Kjevik,SN39040,07.08.2022 03:20,53.6
Kjevik,SN39040,07.08.2022 03:50,53.6
Kjevik,SN39040,07.08.2022 04:50,53.6
Kjevik,SN39040,07.08.2022 05:20,53.6
Kjevik,SN39040,07.08.2022 05:50,53.6
Kjevik,SN39040,07.08.2022 06:20,53.6
Kjevik,SN39040,07.08.2022 06:50,53.6
Kjevik,SN39040,07.08.2022 07:20,55.4
Kjevik,SN39040,07.08.2022 07:50,55.4
Kjevik,SN39040,07.08.2022 08:20,57.2
Kjevik,SN39040,07.08.2022 08:50,57.2
Kjevik,SN39040,07.08.2022 09:20,59.0
Kjevik,SN39040,07.08.2022 09:50,60.8
Kjevik,SN39040,07.08.2022 10:20,59.0
Kjevik,SN39040,07.08.2022 10:50,59.0
Kjevik,SN39040,07.08.2022 11:20,59.0
Kjevik,SN39040,07.08.2022 11:50,57.2
Kjevik,SN39040,07.08.2022 12:20,57.2
Kjevik,SN39040,07.08.2022 12:50,57.2
Kjevik,SN39040,07.08.2022 13:20,57.2
Kjevik,SN39040,07.08.2022 13:50,60.8
Kjevik,SN39040,07.08.2022 14:20,60.8
Kjevik,SN39040,07.08.2022 14:50,62.6
Kjevik,SN39040,07.08.2022 15:20,60.8
Kjevik,SN39040,07.08.2022 15:50,60.8
Kjevik,SN39040,07.08.2022 16:20,60.8
Kjevik,SN39040,07.08.2022 16:50,60.8
Kjevik,SN39040,07.08.2022 17:20,60.8
Kjevik,SN39040,07.08.2022 17:50,60.8
Kjevik,SN39040,07.08.2022 18:20,60.8
Kjevik,SN39040,07.08.2022 18:50,60.8
Kjevik,SN39040,07.08.2022 19:20,60.8
Kjevik,SN39040,07.08.2022 19:50,60.8
Kjevik,SN39040,07.08.2022 20:20,59.0
Kjevik,SN39040,07.08.2022 20:50,59.0
Kjevik,SN39040,07.08.2022 21:20,59.0
Kjevik,SN39040,07.08.2022 21:50,59.0
Kjevik,SN39040,07.08.2022 22:20,57.2
Kjevik,SN39040,07.08.2022 22:50,57.2
Kjevik,SN39040,07.08.2022 23:20,55.4
Kjevik,SN39040,07.08.2022 23:50,57.2
Kjevik,SN39040,08.08.2022 00:20,55.4
Kjevik,SN39040,08.08.2022 00:50,55.4
Kjevik,SN39040,08.08.2022 01:20,55.4
Kjevik,SN39040,08.08.2022 01:50,55.4
Kjevik,SN39040,08.08.2022 02:20,55.4
Kjevik,SN39040,08.08.2022 02:50,55.4
Kjevik,SN39040,08.08.2022 03:20,53.6
Kjevik,SN39040,08.08.2022 03:50,51.8
Kjevik,SN39040,08.08.2022 04:20,50.0
Kjevik,SN39040,08.08.2022 04:50,51.8
Kjevik,SN39040,08.08.2022 05:20,51.8
Kjevik,SN39040,08.08.2022 05:50,53.6
Kjevik,SN39040,08.08.2022 06:20,57.2
Kjevik,SN39040,08.08.2022 06:50,59.0
Kjevik,SN39040,08.08.2022 07:20,59.0
Kjevik,SN39040,08.08.2022 07:50,60.8
Kjevik,SN39040,08.08.2022 08:20,62.6
Kjevik,SN39040,08.08.2022 08:50,62.6
Kjevik,SN39040,08.08.2022 09:20,64.4
Kjevik,SN39040,08.08.2022 09:50,66.2
Kjevik,SN39040,08.08.2022 10:20,68.0
Kjevik,SN39040,08.08.2022 10:50,68.0
Kjevik,SN39040,08.08.2022 11:20,69.8
Kjevik,SN39040,08.08.2022 11:50,69.8
Kjevik,SN39040,08.08.2022 12:20,71.6
Kjevik,SN39040,08.08.2022 12:50,71.6
Kjevik,SN39040,08.08.2022 13:20,71.6
Kjevik,SN39040,08.08.2022 13:50,73.4
Kjevik,SN39040,08.08.2022 14:20,73.4
Kjevik,SN39040,08.08.2022 14:50,73.4
Kjevik,SN39040,08.08.2022 15:20,71.6
Kjevik,SN39040,08.08.2022 15:50,71.6
Kjevik,SN39040,08.08.2022 16:20,73.4
Kjevik,SN39040,08.08.2022 16:50,71.6
Kjevik,SN39040,08.08.2022 17:20,69.8
Kjevik,SN39040,08.08.2022 17:50,69.8
Kjevik,SN39040,08.08.2022 18:20,71.6
Kjevik,SN39040,08.08.2022 18:50,69.8
Kjevik,SN39040,08.08.2022 19:20,69.8
Kjevik,SN39040,08.08.2022 19:50,69.8
Kjevik,SN39040,08.08.2022 20:20,66.2
Kjevik,SN39040,08.08.2022 20:50,62.6
Kjevik,SN39040,08.08.2022 21:20,60.8
Kjevik,SN39040,08.08.2022 21:50,59.0
Kjevik,SN39040,08.08.2022 22:20,57.2
Kjevik,SN39040,08.08.2022 22:50,57.2
Kjevik,SN39040,08.08.2022 23:20,55.4
Kjevik,SN39040,08.08.2022 23:50,55.4
Kjevik,SN39040,09.08.2022 00:20,53.6
Kjevik,SN39040,09.08.2022 00:50,53.6
Kjevik,SN39040,09.08.2022 01:20,53.6
Kjevik,SN39040,09.08.2022 01:50,51.8
Kjevik,SN39040,09.08.2022 02:20,51.8
Kjevik,SN39040,09.08.2022 02:50,51.8
Kjevik,SN39040,09.08.2022 03:20,51.8
Kjevik,SN39040,09.08.2022 03:50,50.0
Kjevik,SN39040,09.08.2022 04:20,50.0
Kjevik,SN39040,09.08.2022 04:50,50.0
Kjevik,SN39040,09.08.2022 05:20,50.0
Kjevik,SN39040,09.08.2022 05:50,51.8
Kjevik,SN39040,09.08.2022 06:20,51.8
Kjevik,SN39040,09.08.2022 06:50,55.4
Kjevik,SN39040,09.08.2022 07:20,57.2
Kjevik,SN39040,09.08.2022 07:50,59.0
Kjevik,SN39040,09.08.2022 08:20,60.8
Kjevik,SN39040,09.08.2022 08:50,62.6
Kjevik,SN39040,09.08.2022 09:20,66.2
Kjevik,SN39040,09.08.2022 09:50,66.2
Kjevik,SN39040,09.08.2022 10:20,66.2
Kjevik,SN39040,09.08.2022 10:50,66.2
Kjevik,SN39040,09.08.2022 11:20,66.2
Kjevik,SN39040,09.08.2022 11:50,66.2
Kjevik,SN39040,09.08.2022 12:20,66.2
Kjevik,SN39040,09.08.2022 12:50,66.2
Kjevik,SN39040,09.08.2022 13:20,66.2
Kjevik,SN39040,09.08.2022 13:50,68.0
Kjevik,SN39040,09.08.2022 14:20,68.0
Kjevik,SN39040,09.08.2022 14:50,69.8
Kjevik,SN39040,09.08.2022 15:20,69.8
Kjevik,SN39040,09.08.2022 15:50,71.6
Kjevik,SN39040,09.08.2022 16:20,69.8
Kjevik,SN39040,09.08.2022 16:50,69.8
Kjevik,SN39040,09.08.2022 17:20,69.8
Kjevik,SN39040,09.08.2022 17:50,69.8
Kjevik,SN39040,09.08.2022 18:20,69.8
Kjevik,SN39040,09.08.2022 18:50,69.8
Kjevik,SN39040,09.08.2022 19:20,68.0
Kjevik,SN39040,09.08.2022 19:50,66.2
Kjevik,SN39040,09.08.2022 20:20,64.4
Kjevik,SN39040,09.08.2022 20:50,64.4
Kjevik,SN39040,09.08.2022 21:20,62.6
Kjevik,SN39040,09.08.2022 21:50,62.6
Kjevik,SN39040,09.08.2022 22:20,64.4
Kjevik,SN39040,09.08.2022 22:50,62.6
Kjevik,SN39040,09.08.2022 23:20,62.6
Kjevik,SN39040,09.08.2022 23:50,62.6
Kjevik,SN39040,10.08.2022 00:20,62.6
Kjevik,SN39040,10.08.2022 00:50,62.6
Kjevik,SN39040,10.08.2022 01:20,62.6
Kjevik,SN39040,10.08.2022 01:50,62.6
Kjevik,SN39040,10.08.2022 02:20,62.6
Kjevik,SN39040,10.08.2022 02:50,62.6
Kjevik,SN39040,10.08.2022 03:20,62.6
Kjevik,SN39040,10.08.2022 03:50,62.6
Kjevik,SN39040,10.08.2022 04:20,59.0
Kjevik,SN39040,10.08.2022 04:50,57.2
Kjevik,SN39040,10.08.2022 05:20,59.0
Kjevik,SN39040,10.08.2022 05:50,59.0
Kjevik,SN39040,10.08.2022 06:20,62.6
Kjevik,SN39040,10.08.2022 06:50,62.6
Kjevik,SN39040,10.08.2022 07:20,64.4
Kjevik,SN39040,10.08.2022 07:50,64.4
Kjevik,SN39040,10.08.2022 08:20,64.4
Kjevik,SN39040,10.08.2022 08:50,66.2
Kjevik,SN39040,10.08.2022 09:20,68.0
Kjevik,SN39040,10.08.2022 09:50,68.0
Kjevik,SN39040,10.08.2022 10:20,69.8
Kjevik,SN39040,10.08.2022 10:50,69.8
Kjevik,SN39040,10.08.2022 11:20,69.8
Kjevik,SN39040,10.08.2022 11:50,69.8
Kjevik,SN39040,10.08.2022 12:20,69.8
Kjevik,SN39040,10.08.2022 12:50,71.6
Kjevik,SN39040,10.08.2022 13:20,71.6
Kjevik,SN39040,10.08.2022 13:50,71.6
Kjevik,SN39040,10.08.2022 14:20,71.6
Kjevik,SN39040,10.08.2022 14:50,77.0
Kjevik,SN39040,10.08.2022 15:20,71.6
Kjevik,SN39040,10.08.2022 15:50,77.0
Kjevik,SN39040,10.08.2022 16:20,75.2
Kjevik,SN39040,10.08.2022 16:50,75.2
Kjevik,SN39040,10.08.2022 17:20,75.2
Kjevik,SN39040,10.08.2022 17:50,73.4
Kjevik,SN39040,10.08.2022 18:20,73.4
Kjevik,SN39040,10.08.2022 18:50,73.4
Kjevik,SN39040,10.08.2022 19:20,71.6
Kjevik,SN39040,10.08.2022 19:50,69.8
Kjevik,SN39040,10.08.2022 20:20,68.0
Kjevik,SN39040,10.08.2022 20:50,66.2
Kjevik,SN39040,10.08.2022 21:20,66.2
Kjevik,SN39040,10.08.2022 21:50,64.4
Kjevik,SN39040,10.08.2022 22:20,64.4
Kjevik,SN39040,10.08.2022 22:50,62.6
Kjevik,SN39040,10.08.2022 23:20,62.6
Kjevik,SN39040,10.08.2022 23:50,62.6
Kjevik,SN39040,11.08.2022 00:20,62.6
Kjevik,SN39040,11.08.2022 00:50,62.6
Kjevik,SN39040,11.08.2022 01:20,60.8
Kjevik,SN39040,11.08.2022 01:50,60.8
Kjevik,SN39040,11.08.2022 02:20,60.8
Kjevik,SN39040,11.08.2022 02:50,59.0
Kjevik,SN39040,11.08.2022 03:20,57.2
Kjevik,SN39040,11.08.2022 03:50,53.6
Kjevik,SN39040,11.08.2022 04:20,55.4
Kjevik,SN39040,11.08.2022 04:50,55.4
Kjevik,SN39040,11.08.2022 05:20,57.2
Kjevik,SN39040,11.08.2022 05:50,57.2
Kjevik,SN39040,11.08.2022 06:20,59.0
Kjevik,SN39040,11.08.2022 06:50,62.6
Kjevik,SN39040,11.08.2022 07:20,62.6
Kjevik,SN39040,11.08.2022 07:50,62.6
Kjevik,SN39040,11.08.2022 08:20,64.4
Kjevik,SN39040,11.08.2022 08:50,66.2
Kjevik,SN39040,11.08.2022 09:20,68.0
Kjevik,SN39040,11.08.2022 09:50,68.0
Kjevik,SN39040,11.08.2022 10:20,66.2
Kjevik,SN39040,11.08.2022 10:50,68.0
Kjevik,SN39040,11.08.2022 11:20,69.8
Kjevik,SN39040,11.08.2022 11:50,71.6
Kjevik,SN39040,11.08.2022 12:20,69.8
Kjevik,SN39040,11.08.2022 12:50,71.6
Kjevik,SN39040,11.08.2022 13:20,71.6
Kjevik,SN39040,11.08.2022 13:50,71.6
Kjevik,SN39040,11.08.2022 14:20,73.4
Kjevik,SN39040,11.08.2022 14:50,71.6
Kjevik,SN39040,11.08.2022 15:20,71.6
Kjevik,SN39040,11.08.2022 15:50,71.6
Kjevik,SN39040,11.08.2022 16:20,73.4
Kjevik,SN39040,11.08.2022 16:50,73.4
Kjevik,SN39040,11.08.2022 17:20,75.2
Kjevik,SN39040,11.08.2022 17:50,75.2
Kjevik,SN39040,11.08.2022 18:20,73.4
Kjevik,SN39040,11.08.2022 18:50,71.6
Kjevik,SN39040,11.08.2022 19:20,68.0
Kjevik,SN39040,11.08.2022 19:50,68.0
Kjevik,SN39040,11.08.2022 20:20,66.2
Kjevik,SN39040,11.08.2022 20:50,66.2
Kjevik,SN39040,11.08.2022 21:20,66.2
Kjevik,SN39040,11.08.2022 21:50,66.2
Kjevik,SN39040,11.08.2022 22:20,64.4
Kjevik,SN39040,11.08.2022 22:50,64.4
Kjevik,SN39040,11.08.2022 23:20,60.8
Kjevik,SN39040,11.08.2022 23:50,57.2
Kjevik,SN39040,12.08.2022 00:20,57.2
Kjevik,SN39040,12.08.2022 00:50,57.2
Kjevik,SN39040,12.08.2022 01:20,55.4
Kjevik,SN39040,12.08.2022 01:50,53.6
Kjevik,SN39040,12.08.2022 02:20,53.6
Kjevik,SN39040,12.08.2022 02:50,53.6
Kjevik,SN39040,12.08.2022 03:20,53.6
Kjevik,SN39040,12.08.2022 03:50,53.6
Kjevik,SN39040,12.08.2022 04:20,51.8
Kjevik,SN39040,12.08.2022 04:50,51.8
Kjevik,SN39040,12.08.2022 05:20,53.6
Kjevik,SN39040,12.08.2022 05:50,53.6
Kjevik,SN39040,12.08.2022 06:20,57.2
Kjevik,SN39040,12.08.2022 06:50,59.0
Kjevik,SN39040,12.08.2022 07:20,60.8
Kjevik,SN39040,12.08.2022 07:50,62.6
Kjevik,SN39040,12.08.2022 08:20,66.2
Kjevik,SN39040,12.08.2022 08:50,68.0
Kjevik,SN39040,12.08.2022 09:20,69.8
Kjevik,SN39040,12.08.2022 09:50,71.6
Kjevik,SN39040,12.08.2022 10:20,73.4
Kjevik,SN39040,12.08.2022 10:50,73.4
Kjevik,SN39040,12.08.2022 11:20,75.2
Kjevik,SN39040,12.08.2022 11:50,75.2
Kjevik,SN39040,12.08.2022 12:20,75.2
Kjevik,SN39040,12.08.2022 12:50,75.2
Kjevik,SN39040,12.08.2022 13:20,75.2
Kjevik,SN39040,12.08.2022 13:50,75.2
Kjevik,SN39040,12.08.2022 14:20,75.2
Kjevik,SN39040,12.08.2022 14:50,75.2
Kjevik,SN39040,12.08.2022 15:20,75.2
Kjevik,SN39040,12.08.2022 15:50,75.2
Kjevik,SN39040,12.08.2022 16:20,75.2
Kjevik,SN39040,12.08.2022 16:50,73.4
Kjevik,SN39040,12.08.2022 17:20,73.4
Kjevik,SN39040,12.08.2022 17:50,73.4
Kjevik,SN39040,12.08.2022 18:20,73.4
Kjevik,SN39040,12.08.2022 18:50,71.6
Kjevik,SN39040,12.08.2022 19:20,71.6
Kjevik,SN39040,12.08.2022 19:50,69.8
Kjevik,SN39040,12.08.2022 20:20,64.4
Kjevik,SN39040,12.08.2022 20:50,64.4
Kjevik,SN39040,12.08.2022 21:20,60.8
Kjevik,SN39040,12.08.2022 21:50,59.0
Kjevik,SN39040,12.08.2022 22:20,57.2
Kjevik,SN39040,12.08.2022 22:50,57.2
Kjevik,SN39040,12.08.2022 23:20,55.4
Kjevik,SN39040,12.08.2022 23:50,55.4
Kjevik,SN39040,13.08.2022 00:20,55.4
Kjevik,SN39040,13.08.2022 00:50,53.6
Kjevik,SN39040,13.08.2022 01:20,53.6
Kjevik,SN39040,13.08.2022 01:50,53.6
Kjevik,SN39040,13.08.2022 02:20,53.6
Kjevik,SN39040,13.08.2022 02:50,51.8
Kjevik,SN39040,13.08.2022 03:20,51.8
Kjevik,SN39040,13.08.2022 03:50,51.8
Kjevik,SN39040,13.08.2022 04:20,51.8
Kjevik,SN39040,13.08.2022 04:50,51.8
Kjevik,SN39040,13.08.2022 05:20,51.8
Kjevik,SN39040,13.08.2022 05:50,51.8
Kjevik,SN39040,13.08.2022 06:20,53.6
Kjevik,SN39040,13.08.2022 06:50,57.2
Kjevik,SN39040,13.08.2022 07:20,60.8
Kjevik,SN39040,13.08.2022 07:50,64.4
Kjevik,SN39040,13.08.2022 08:20,68.0
Kjevik,SN39040,13.08.2022 08:50,68.0
Kjevik,SN39040,13.08.2022 09:20,69.8
Kjevik,SN39040,13.08.2022 09:50,71.6
Kjevik,SN39040,13.08.2022 10:20,73.4
Kjevik,SN39040,13.08.2022 10:50,75.2
Kjevik,SN39040,13.08.2022 11:20,75.2
Kjevik,SN39040,13.08.2022 11:50,75.2
Kjevik,SN39040,13.08.2022 12:20,73.4
Kjevik,SN39040,13.08.2022 12:50,75.2
Kjevik,SN39040,13.08.2022 13:20,77.0
Kjevik,SN39040,13.08.2022 13:50,77.0
Kjevik,SN39040,13.08.2022 14:20,77.0
Kjevik,SN39040,13.08.2022 14:50,75.2
Kjevik,SN39040,13.08.2022 15:20,75.2
Kjevik,SN39040,13.08.2022 15:50,75.2
Kjevik,SN39040,13.08.2022 16:20,75.2
Kjevik,SN39040,13.08.2022 16:50,75.2
Kjevik,SN39040,13.08.2022 17:20,75.2
Kjevik,SN39040,13.08.2022 17:50,73.4
Kjevik,SN39040,13.08.2022 18:20,75.2
Kjevik,SN39040,13.08.2022 18:50,75.2
Kjevik,SN39040,13.08.2022 19:20,71.6
Kjevik,SN39040,13.08.2022 19:50,68.0
Kjevik,SN39040,13.08.2022 20:20,68.0
Kjevik,SN39040,13.08.2022 20:50,64.4
Kjevik,SN39040,13.08.2022 21:20,62.6
Kjevik,SN39040,13.08.2022 21:50,60.8
Kjevik,SN39040,13.08.2022 22:20,59.0
Kjevik,SN39040,13.08.2022 22:50,57.2
Kjevik,SN39040,13.08.2022 23:20,57.2
Kjevik,SN39040,13.08.2022 23:50,57.2
Kjevik,SN39040,14.08.2022 00:20,55.4
Kjevik,SN39040,14.08.2022 00:50,53.6
Kjevik,SN39040,14.08.2022 01:20,53.6
Kjevik,SN39040,14.08.2022 01:50,53.6
Kjevik,SN39040,14.08.2022 02:20,53.6
Kjevik,SN39040,14.08.2022 02:50,53.6
Kjevik,SN39040,14.08.2022 03:20,51.8
Kjevik,SN39040,14.08.2022 03:50,53.6
Kjevik,SN39040,14.08.2022 04:20,51.8
Kjevik,SN39040,14.08.2022 04:50,51.8
Kjevik,SN39040,14.08.2022 05:20,51.8
Kjevik,SN39040,14.08.2022 05:50,53.6
Kjevik,SN39040,14.08.2022 06:20,55.4
Kjevik,SN39040,14.08.2022 06:50,57.2
Kjevik,SN39040,14.08.2022 07:20,60.8
Kjevik,SN39040,14.08.2022 07:50,62.6
Kjevik,SN39040,14.08.2022 08:20,66.2
Kjevik,SN39040,14.08.2022 08:50,69.8
Kjevik,SN39040,14.08.2022 09:20,69.8
Kjevik,SN39040,14.08.2022 09:50,73.4
Kjevik,SN39040,14.08.2022 10:20,73.4
Kjevik,SN39040,14.08.2022 10:50,75.2
Kjevik,SN39040,14.08.2022 11:20,78.8
Kjevik,SN39040,14.08.2022 11:50,77.0
Kjevik,SN39040,14.08.2022 12:20,78.8
Kjevik,SN39040,14.08.2022 12:50,78.8
Kjevik,SN39040,14.08.2022 13:20,78.8
Kjevik,SN39040,14.08.2022 13:50,77.0
Kjevik,SN39040,14.08.2022 14:20,77.0
Kjevik,SN39040,14.08.2022 14:50,77.0
Kjevik,SN39040,14.08.2022 15:20,73.4
Kjevik,SN39040,14.08.2022 15:50,73.4
Kjevik,SN39040,14.08.2022 16:20,71.6
Kjevik,SN39040,14.08.2022 16:50,69.8
Kjevik,SN39040,14.08.2022 17:20,69.8
Kjevik,SN39040,14.08.2022 17:50,68.0
Kjevik,SN39040,14.08.2022 18:20,68.0
Kjevik,SN39040,14.08.2022 18:50,68.0
Kjevik,SN39040,14.08.2022 19:20,66.2
Kjevik,SN39040,14.08.2022 19:50,66.2
Kjevik,SN39040,14.08.2022 20:20,66.2
Kjevik,SN39040,14.08.2022 20:50,66.2
Kjevik,SN39040,14.08.2022 21:20,66.2
Kjevik,SN39040,14.08.2022 21:50,66.2
Kjevik,SN39040,14.08.2022 22:20,66.2
Kjevik,SN39040,14.08.2022 22:50,64.4
Kjevik,SN39040,14.08.2022 23:20,64.4
Kjevik,SN39040,14.08.2022 23:50,64.4
Kjevik,SN39040,15.08.2022 00:20,64.4
Kjevik,SN39040,15.08.2022 00:50,62.6
Kjevik,SN39040,15.08.2022 01:20,62.6
Kjevik,SN39040,15.08.2022 01:50,62.6
Kjevik,SN39040,15.08.2022 02:20,64.4
Kjevik,SN39040,15.08.2022 02:50,64.4
Kjevik,SN39040,15.08.2022 03:20,64.4
Kjevik,SN39040,15.08.2022 03:50,62.6
Kjevik,SN39040,15.08.2022 04:20,62.6
Kjevik,SN39040,15.08.2022 04:50,64.4
Kjevik,SN39040,15.08.2022 05:20,62.6
Kjevik,SN39040,15.08.2022 05:50,64.4
Kjevik,SN39040,15.08.2022 06:20,64.4
Kjevik,SN39040,15.08.2022 06:50,64.4
Kjevik,SN39040,15.08.2022 07:20,66.2
Kjevik,SN39040,15.08.2022 07:50,68.0
Kjevik,SN39040,15.08.2022 08:20,69.8
Kjevik,SN39040,15.08.2022 08:50,69.8
Kjevik,SN39040,15.08.2022 09:20,69.8
Kjevik,SN39040,15.08.2022 09:50,69.8
Kjevik,SN39040,15.08.2022 10:20,71.6
Kjevik,SN39040,15.08.2022 10:50,73.4
Kjevik,SN39040,15.08.2022 11:20,77.0
Kjevik,SN39040,15.08.2022 11:50,77.0
Kjevik,SN39040,15.08.2022 12:20,75.2
Kjevik,SN39040,15.08.2022 12:50,75.2
Kjevik,SN39040,15.08.2022 13:20,75.2
Kjevik,SN39040,15.08.2022 13:50,75.2
Kjevik,SN39040,15.08.2022 14:20,75.2
Kjevik,SN39040,15.08.2022 14:50,75.2
Kjevik,SN39040,15.08.2022 15:20,75.2
Kjevik,SN39040,15.08.2022 15:50,75.2
Kjevik,SN39040,15.08.2022 16:20,75.2
Kjevik,SN39040,15.08.2022 16:50,75.2
Kjevik,SN39040,15.08.2022 17:20,75.2
Kjevik,SN39040,15.08.2022 17:50,75.2
Kjevik,SN39040,15.08.2022 18:20,75.2
Kjevik,SN39040,15.08.2022 18:50,73.4
Kjevik,SN39040,15.08.2022 19:20,71.6
Kjevik,SN39040,15.08.2022 19:50,71.6
Kjevik,SN39040,15.08.2022 20:20,69.8
Kjevik,SN39040,15.08.2022 20:50,69.8
Kjevik,SN39040,15.08.2022 21:20,69.8
Kjevik,SN39040,15.08.2022 21:50,69.8
Kjevik,SN39040,15.08.2022 22:20,68.0
Kjevik,SN39040,15.08.2022 22:50,68.0
Kjevik,SN39040,15.08.2022 23:20,69.8
Kjevik,SN39040,15.08.2022 23:50,68.0
Kjevik,SN39040,16.08.2022 00:20,68.0
Kjevik,SN39040,16.08.2022 00:50,68.0
Kjevik,SN39040,16.08.2022 01:20,68.0
Kjevik,SN39040,16.08.2022 02:50,66.2
Kjevik,SN39040,16.08.2022 03:20,66.2
Kjevik,SN39040,16.08.2022 03:50,66.2
Kjevik,SN39040,16.08.2022 04:20,66.2
Kjevik,SN39040,16.08.2022 04:50,66.2
Kjevik,SN39040,16.08.2022 05:20,66.2
Kjevik,SN39040,16.08.2022 05:50,66.2
Kjevik,SN39040,16.08.2022 06:20,66.2
Kjevik,SN39040,16.08.2022 06:50,66.2
Kjevik,SN39040,16.08.2022 07:20,66.2
Kjevik,SN39040,16.08.2022 07:50,68.0
Kjevik,SN39040,16.08.2022 08:20,68.0
Kjevik,SN39040,16.08.2022 08:50,68.0
Kjevik,SN39040,16.08.2022 09:20,68.0
Kjevik,SN39040,16.08.2022 09:50,68.0
Kjevik,SN39040,16.08.2022 10:20,69.8
Kjevik,SN39040,16.08.2022 10:50,69.8
Kjevik,SN39040,16.08.2022 11:20,69.8
Kjevik,SN39040,16.08.2022 11:50,69.8
Kjevik,SN39040,16.08.2022 12:20,71.6
Kjevik,SN39040,16.08.2022 12:50,69.8
Kjevik,SN39040,16.08.2022 13:20,71.6
Kjevik,SN39040,16.08.2022 13:50,69.8
Kjevik,SN39040,16.08.2022 14:20,69.8
Kjevik,SN39040,16.08.2022 14:50,71.6
Kjevik,SN39040,16.08.2022 15:20,71.6
Kjevik,SN39040,16.08.2022 15:50,71.6
Kjevik,SN39040,16.08.2022 16:20,71.6
Kjevik,SN39040,16.08.2022 16:50,71.6
Kjevik,SN39040,16.08.2022 17:20,71.6
Kjevik,SN39040,16.08.2022 17:50,69.8
Kjevik,SN39040,16.08.2022 18:20,69.8
Kjevik,SN39040,16.08.2022 18:50,69.8
Kjevik,SN39040,16.08.2022 19:20,69.8
Kjevik,SN39040,16.08.2022 19:50,68.0
Kjevik,SN39040,16.08.2022 20:20,66.2
Kjevik,SN39040,16.08.2022 20:50,68.0
Kjevik,SN39040,16.08.2022 21:20,68.0
Kjevik,SN39040,16.08.2022 21:50,68.0
Kjevik,SN39040,16.08.2022 22:20,68.0
Kjevik,SN39040,16.08.2022 22:50,66.2
Kjevik,SN39040,16.08.2022 23:20,66.2
Kjevik,SN39040,16.08.2022 23:50,66.2
Kjevik,SN39040,17.08.2022 00:20,66.2
Kjevik,SN39040,17.08.2022 00:50,66.2
Kjevik,SN39040,17.08.2022 01:20,66.2
Kjevik,SN39040,17.08.2022 01:50,64.4
Kjevik,SN39040,17.08.2022 02:20,66.2
Kjevik,SN39040,17.08.2022 02:50,64.4
Kjevik,SN39040,17.08.2022 03:20,64.4
Kjevik,SN39040,17.08.2022 03:50,64.4
Kjevik,SN39040,17.08.2022 04:20,64.4
Kjevik,SN39040,17.08.2022 04:50,62.6
Kjevik,SN39040,17.08.2022 05:20,62.6
Kjevik,SN39040,17.08.2022 05:50,62.6
Kjevik,SN39040,17.08.2022 06:20,62.6
Kjevik,SN39040,17.08.2022 06:50,64.4
Kjevik,SN39040,17.08.2022 07:20,66.2
Kjevik,SN39040,17.08.2022 07:50,66.2
Kjevik,SN39040,17.08.2022 08:20,66.2
Kjevik,SN39040,17.08.2022 08:50,66.2
Kjevik,SN39040,17.08.2022 09:20,68.0
Kjevik,SN39040,17.08.2022 09:50,68.0
Kjevik,SN39040,17.08.2022 10:20,68.0
Kjevik,SN39040,17.08.2022 10:50,69.8
Kjevik,SN39040,17.08.2022 11:20,69.8
Kjevik,SN39040,17.08.2022 11:50,68.0
Kjevik,SN39040,17.08.2022 12:20,69.8
Kjevik,SN39040,17.08.2022 12:50,69.8
Kjevik,SN39040,17.08.2022 13:20,71.6
Kjevik,SN39040,17.08.2022 13:50,71.6
Kjevik,SN39040,17.08.2022 14:20,73.4
Kjevik,SN39040,17.08.2022 14:50,73.4
Kjevik,SN39040,17.08.2022 15:20,73.4
Kjevik,SN39040,17.08.2022 15:50,73.4
Kjevik,SN39040,17.08.2022 16:20,75.2
Kjevik,SN39040,17.08.2022 16:50,75.2
Kjevik,SN39040,17.08.2022 17:20,75.2
Kjevik,SN39040,17.08.2022 17:50,73.4
Kjevik,SN39040,17.08.2022 18:20,73.4
Kjevik,SN39040,17.08.2022 18:50,73.4
Kjevik,SN39040,17.08.2022 19:20,71.6
Kjevik,SN39040,17.08.2022 19:50,69.8
Kjevik,SN39040,17.08.2022 20:20,68.0
Kjevik,SN39040,17.08.2022 20:50,66.2
Kjevik,SN39040,17.08.2022 21:20,62.6
Kjevik,SN39040,17.08.2022 21:50,59.0
Kjevik,SN39040,17.08.2022 22:20,59.0
Kjevik,SN39040,17.08.2022 22:50,57.2
Kjevik,SN39040,17.08.2022 23:20,57.2
Kjevik,SN39040,17.08.2022 23:50,55.4
Kjevik,SN39040,18.08.2022 00:20,55.4
Kjevik,SN39040,18.08.2022 00:50,53.6
Kjevik,SN39040,18.08.2022 01:20,53.6
Kjevik,SN39040,18.08.2022 01:50,51.8
Kjevik,SN39040,18.08.2022 02:20,51.8
Kjevik,SN39040,18.08.2022 02:50,50.0
Kjevik,SN39040,18.08.2022 03:20,50.0
Kjevik,SN39040,18.08.2022 03:50,50.0
Kjevik,SN39040,18.08.2022 04:20,50.0
Kjevik,SN39040,18.08.2022 04:50,48.2
Kjevik,SN39040,18.08.2022 05:20,50.0
Kjevik,SN39040,18.08.2022 05:50,50.0
Kjevik,SN39040,18.08.2022 06:20,50.0
Kjevik,SN39040,18.08.2022 06:50,50.0
Kjevik,SN39040,18.08.2022 07:20,51.8
Kjevik,SN39040,18.08.2022 07:50,53.6
Kjevik,SN39040,18.08.2022 08:20,55.4
Kjevik,SN39040,18.08.2022 08:50,55.4
Kjevik,SN39040,18.08.2022 09:20,59.0
Kjevik,SN39040,18.08.2022 09:50,60.8
Kjevik,SN39040,18.08.2022 10:20,60.8
Kjevik,SN39040,18.08.2022 10:50,64.4
Kjevik,SN39040,18.08.2022 11:20,62.6
Kjevik,SN39040,18.08.2022 11:50,62.6
Kjevik,SN39040,18.08.2022 12:20,62.6
Kjevik,SN39040,18.08.2022 12:50,62.6
Kjevik,SN39040,18.08.2022 13:20,62.6
Kjevik,SN39040,18.08.2022 13:50,62.6
Kjevik,SN39040,18.08.2022 14:20,60.8
Kjevik,SN39040,18.08.2022 14:50,62.6
Kjevik,SN39040,18.08.2022 15:20,64.4
Kjevik,SN39040,18.08.2022 15:50,64.4
Kjevik,SN39040,18.08.2022 16:20,64.4
Kjevik,SN39040,18.08.2022 16:50,64.4
Kjevik,SN39040,18.08.2022 17:20,62.6
Kjevik,SN39040,18.08.2022 17:50,62.6
Kjevik,SN39040,18.08.2022 18:20,62.6
Kjevik,SN39040,18.08.2022 18:50,62.6
Kjevik,SN39040,18.08.2022 19:20,62.6
Kjevik,SN39040,18.08.2022 19:50,60.8
Kjevik,SN39040,18.08.2022 20:20,59.0
Kjevik,SN39040,18.08.2022 20:50,59.0
Kjevik,SN39040,18.08.2022 21:20,57.2
Kjevik,SN39040,18.08.2022 21:50,57.2
Kjevik,SN39040,18.08.2022 22:20,57.2
Kjevik,SN39040,18.08.2022 22:50,55.4
Kjevik,SN39040,18.08.2022 23:20,55.4
Kjevik,SN39040,18.08.2022 23:50,55.4
Kjevik,SN39040,19.08.2022 00:20,55.4
Kjevik,SN39040,19.08.2022 00:50,55.4
Kjevik,SN39040,19.08.2022 01:20,53.6
Kjevik,SN39040,19.08.2022 01:50,50.0
Kjevik,SN39040,19.08.2022 02:20,50.0
Kjevik,SN39040,19.08.2022 02:50,50.0
Kjevik,SN39040,19.08.2022 03:20,48.2
Kjevik,SN39040,19.08.2022 03:50,48.2
Kjevik,SN39040,19.08.2022 04:20,48.2
Kjevik,SN39040,19.08.2022 04:50,46.4
Kjevik,SN39040,19.08.2022 05:20,46.4
Kjevik,SN39040,19.08.2022 05:50,48.2
Kjevik,SN39040,19.08.2022 06:20,50.0
Kjevik,SN39040,19.08.2022 06:50,51.8
Kjevik,SN39040,19.08.2022 07:20,51.8
Kjevik,SN39040,19.08.2022 07:50,53.6
Kjevik,SN39040,19.08.2022 08:20,59.0
Kjevik,SN39040,19.08.2022 08:50,59.0
Kjevik,SN39040,19.08.2022 09:20,60.8
Kjevik,SN39040,19.08.2022 09:50,62.6
Kjevik,SN39040,19.08.2022 10:20,62.6
Kjevik,SN39040,19.08.2022 10:50,62.6
Kjevik,SN39040,19.08.2022 11:20,62.6
Kjevik,SN39040,19.08.2022 11:50,62.6
Kjevik,SN39040,19.08.2022 12:20,64.4
Kjevik,SN39040,19.08.2022 12:50,66.2
Kjevik,SN39040,19.08.2022 13:20,66.2
Kjevik,SN39040,19.08.2022 13:50,66.2
Kjevik,SN39040,19.08.2022 14:20,66.2
Kjevik,SN39040,19.08.2022 14:50,66.2
Kjevik,SN39040,19.08.2022 15:20,68.0
Kjevik,SN39040,19.08.2022 15:50,66.2
Kjevik,SN39040,19.08.2022 16:20,66.2
Kjevik,SN39040,19.08.2022 16:50,66.2
Kjevik,SN39040,19.08.2022 17:20,64.4
Kjevik,SN39040,19.08.2022 17:50,66.2
Kjevik,SN39040,19.08.2022 18:20,66.2
Kjevik,SN39040,19.08.2022 18:50,64.4
Kjevik,SN39040,19.08.2022 19:20,64.4
Kjevik,SN39040,19.08.2022 19:50,62.6
Kjevik,SN39040,19.08.2022 20:20,62.6
Kjevik,SN39040,19.08.2022 20:50,62.6
Kjevik,SN39040,19.08.2022 21:20,62.6
Kjevik,SN39040,19.08.2022 21:50,60.8
Kjevik,SN39040,19.08.2022 22:20,60.8
Kjevik,SN39040,19.08.2022 22:50,60.8
Kjevik,SN39040,19.08.2022 23:20,60.8
Kjevik,SN39040,19.08.2022 23:50,60.8
Kjevik,SN39040,20.08.2022 00:20,60.8
Kjevik,SN39040,20.08.2022 00:50,60.8
Kjevik,SN39040,20.08.2022 01:20,60.8
Kjevik,SN39040,20.08.2022 02:20,59.0
Kjevik,SN39040,20.08.2022 02:50,59.0
Kjevik,SN39040,20.08.2022 03:20,59.0
Kjevik,SN39040,20.08.2022 03:50,57.2
Kjevik,SN39040,20.08.2022 04:20,57.2
Kjevik,SN39040,20.08.2022 04:50,55.4
Kjevik,SN39040,20.08.2022 05:20,53.6
Kjevik,SN39040,20.08.2022 05:50,53.6
Kjevik,SN39040,20.08.2022 06:20,55.4
Kjevik,SN39040,20.08.2022 06:50,57.2
Kjevik,SN39040,20.08.2022 07:20,59.0
Kjevik,SN39040,20.08.2022 07:50,60.8
Kjevik,SN39040,20.08.2022 08:20,62.6
Kjevik,SN39040,20.08.2022 08:50,62.6
Kjevik,SN39040,20.08.2022 09:20,64.4
Kjevik,SN39040,20.08.2022 09:50,64.4
Kjevik,SN39040,20.08.2022 10:20,62.6
Kjevik,SN39040,20.08.2022 10:50,66.2
Kjevik,SN39040,20.08.2022 11:20,68.0
Kjevik,SN39040,20.08.2022 11:50,68.0
Kjevik,SN39040,20.08.2022 12:20,68.0
Kjevik,SN39040,20.08.2022 12:50,66.2
Kjevik,SN39040,20.08.2022 13:20,68.0
Kjevik,SN39040,20.08.2022 13:50,69.8
Kjevik,SN39040,20.08.2022 14:20,68.0
Kjevik,SN39040,20.08.2022 14:50,68.0
Kjevik,SN39040,20.08.2022 15:20,68.0
Kjevik,SN39040,20.08.2022 15:50,69.8
Kjevik,SN39040,20.08.2022 16:20,68.0
Kjevik,SN39040,20.08.2022 16:50,68.0
Kjevik,SN39040,20.08.2022 17:20,66.2
Kjevik,SN39040,20.08.2022 17:50,66.2
Kjevik,SN39040,20.08.2022 18:20,66.2
Kjevik,SN39040,20.08.2022 18:50,64.4
Kjevik,SN39040,20.08.2022 19:20,64.4
Kjevik,SN39040,20.08.2022 19:50,62.6
Kjevik,SN39040,20.08.2022 20:20,62.6
Kjevik,SN39040,20.08.2022 20:50,62.6
Kjevik,SN39040,20.08.2022 21:20,62.6
Kjevik,SN39040,20.08.2022 21:50,62.6
Kjevik,SN39040,20.08.2022 22:20,62.6
Kjevik,SN39040,20.08.2022 22:50,62.6
Kjevik,SN39040,20.08.2022 23:20,62.6
Kjevik,SN39040,20.08.2022 23:50,62.6
Kjevik,SN39040,21.08.2022 00:20,62.6
Kjevik,SN39040,21.08.2022 01:20,62.6
Kjevik,SN39040,21.08.2022 01:50,62.6
Kjevik,SN39040,21.08.2022 02:20,62.6
Kjevik,SN39040,21.08.2022 02:50,62.6
Kjevik,SN39040,21.08.2022 04:20,62.6
Kjevik,SN39040,21.08.2022 04:50,62.6
Kjevik,SN39040,21.08.2022 05:20,59.0
Kjevik,SN39040,21.08.2022 05:50,57.2
Kjevik,SN39040,21.08.2022 06:20,57.2
Kjevik,SN39040,21.08.2022 06:50,57.2
Kjevik,SN39040,21.08.2022 07:20,57.2
Kjevik,SN39040,21.08.2022 07:50,57.2
Kjevik,SN39040,21.08.2022 08:20,57.2
Kjevik,SN39040,21.08.2022 08:50,59.0
Kjevik,SN39040,21.08.2022 09:20,60.8
Kjevik,SN39040,21.08.2022 09:50,62.6
Kjevik,SN39040,21.08.2022 10:20,64.4
Kjevik,SN39040,21.08.2022 10:50,66.2
Kjevik,SN39040,21.08.2022 11:20,66.2
Kjevik,SN39040,21.08.2022 11:50,62.6
Kjevik,SN39040,21.08.2022 12:20,60.8
Kjevik,SN39040,21.08.2022 12:50,60.8
Kjevik,SN39040,21.08.2022 13:20,62.6
Kjevik,SN39040,21.08.2022 13:50,62.6
Kjevik,SN39040,21.08.2022 14:20,62.6
Kjevik,SN39040,21.08.2022 14:50,64.4
Kjevik,SN39040,21.08.2022 15:20,64.4
Kjevik,SN39040,21.08.2022 15:50,66.2
Kjevik,SN39040,21.08.2022 16:20,66.2
Kjevik,SN39040,21.08.2022 16:50,64.4
Kjevik,SN39040,21.08.2022 17:20,64.4
Kjevik,SN39040,21.08.2022 17:50,62.6
Kjevik,SN39040,21.08.2022 18:20,62.6
Kjevik,SN39040,21.08.2022 18:50,62.6
Kjevik,SN39040,21.08.2022 19:20,60.8
Kjevik,SN39040,21.08.2022 19:50,59.0
Kjevik,SN39040,21.08.2022 20:20,59.0
Kjevik,SN39040,21.08.2022 20:50,57.2
Kjevik,SN39040,21.08.2022 21:20,57.2
Kjevik,SN39040,21.08.2022 21:50,55.4
Kjevik,SN39040,21.08.2022 22:20,55.4
Kjevik,SN39040,21.08.2022 22:50,53.6
Kjevik,SN39040,21.08.2022 23:20,51.8
Kjevik,SN39040,21.08.2022 23:50,50.0
Kjevik,SN39040,22.08.2022 00:20,50.0
Kjevik,SN39040,22.08.2022 00:50,50.0
Kjevik,SN39040,22.08.2022 01:20,48.2
Kjevik,SN39040,22.08.2022 01:50,46.4
Kjevik,SN39040,22.08.2022 02:20,46.4
Kjevik,SN39040,22.08.2022 02:50,48.2
Kjevik,SN39040,22.08.2022 03:20,48.2
Kjevik,SN39040,22.08.2022 03:50,46.4
Kjevik,SN39040,22.08.2022 04:20,46.4
Kjevik,SN39040,22.08.2022 04:50,44.6
Kjevik,SN39040,22.08.2022 05:20,46.4
Kjevik,SN39040,22.08.2022 05:50,44.6
Kjevik,SN39040,22.08.2022 06:20,46.4
Kjevik,SN39040,22.08.2022 06:50,50.0
Kjevik,SN39040,22.08.2022 07:20,51.8
Kjevik,SN39040,22.08.2022 07:50,53.6
Kjevik,SN39040,22.08.2022 08:20,55.4
Kjevik,SN39040,22.08.2022 08:50,57.2
Kjevik,SN39040,22.08.2022 09:20,59.0
Kjevik,SN39040,22.08.2022 09:50,60.8
Kjevik,SN39040,22.08.2022 10:20,62.6
Kjevik,SN39040,22.08.2022 10:50,62.6
Kjevik,SN39040,22.08.2022 11:20,64.4
Kjevik,SN39040,22.08.2022 11:50,64.4
Kjevik,SN39040,22.08.2022 12:20,64.4
Kjevik,SN39040,22.08.2022 12:50,64.4
Kjevik,SN39040,22.08.2022 13:20,64.4
Kjevik,SN39040,22.08.2022 13:50,64.4
Kjevik,SN39040,22.08.2022 14:20,66.2
Kjevik,SN39040,22.08.2022 14:50,64.4
Kjevik,SN39040,22.08.2022 15:20,62.6
Kjevik,SN39040,22.08.2022 15:50,64.4
Kjevik,SN39040,22.08.2022 16:20,64.4
Kjevik,SN39040,22.08.2022 16:50,64.4
Kjevik,SN39040,22.08.2022 17:20,64.4
Kjevik,SN39040,22.08.2022 17:50,64.4
Kjevik,SN39040,22.08.2022 18:20,62.6
Kjevik,SN39040,22.08.2022 18:50,60.8
Kjevik,SN39040,22.08.2022 19:20,60.8
Kjevik,SN39040,22.08.2022 19:50,60.8
Kjevik,SN39040,22.08.2022 20:20,55.4
Kjevik,SN39040,22.08.2022 20:50,53.6
Kjevik,SN39040,22.08.2022 21:20,51.8
Kjevik,SN39040,22.08.2022 21:50,51.8
Kjevik,SN39040,22.08.2022 22:20,50.0
Kjevik,SN39040,22.08.2022 22:50,50.0
Kjevik,SN39040,22.08.2022 23:20,50.0
Kjevik,SN39040,22.08.2022 23:50,50.0
Kjevik,SN39040,23.08.2022 00:20,50.0
Kjevik,SN39040,23.08.2022 00:50,48.2
Kjevik,SN39040,23.08.2022 01:20,50.0
Kjevik,SN39040,23.08.2022 01:50,48.2
Kjevik,SN39040,23.08.2022 02:20,48.2
Kjevik,SN39040,23.08.2022 02:50,48.2
Kjevik,SN39040,23.08.2022 03:20,46.4
Kjevik,SN39040,23.08.2022 03:50,46.4
Kjevik,SN39040,23.08.2022 04:20,46.4
Kjevik,SN39040,23.08.2022 04:50,46.4
Kjevik,SN39040,23.08.2022 05:20,48.2
Kjevik,SN39040,23.08.2022 05:50,48.2
Kjevik,SN39040,23.08.2022 06:20,50.0
Kjevik,SN39040,23.08.2022 06:50,51.8
Kjevik,SN39040,23.08.2022 07:20,53.6
Kjevik,SN39040,23.08.2022 07:50,55.4
Kjevik,SN39040,23.08.2022 08:20,57.2
Kjevik,SN39040,23.08.2022 08:50,59.0
Kjevik,SN39040,23.08.2022 09:20,62.6
Kjevik,SN39040,23.08.2022 09:50,66.2
Kjevik,SN39040,23.08.2022 10:20,64.4
Kjevik,SN39040,23.08.2022 10:50,64.4
Kjevik,SN39040,23.08.2022 11:20,64.4
Kjevik,SN39040,23.08.2022 11:50,64.4
Kjevik,SN39040,23.08.2022 12:20,64.4
Kjevik,SN39040,23.08.2022 12:50,64.4
Kjevik,SN39040,23.08.2022 13:20,64.4
Kjevik,SN39040,23.08.2022 13:50,64.4
Kjevik,SN39040,23.08.2022 14:20,64.4
Kjevik,SN39040,23.08.2022 14:50,64.4
Kjevik,SN39040,23.08.2022 15:20,64.4
Kjevik,SN39040,23.08.2022 15:50,62.6
Kjevik,SN39040,23.08.2022 16:20,62.6
Kjevik,SN39040,23.08.2022 16:50,62.6
Kjevik,SN39040,23.08.2022 17:20,62.6
Kjevik,SN39040,23.08.2022 17:50,62.6
Kjevik,SN39040,23.08.2022 18:20,62.6
Kjevik,SN39040,23.08.2022 18:50,62.6
Kjevik,SN39040,23.08.2022 19:20,60.8
Kjevik,SN39040,23.08.2022 19:50,59.0
Kjevik,SN39040,23.08.2022 20:20,59.0
Kjevik,SN39040,23.08.2022 20:50,59.0
Kjevik,SN39040,23.08.2022 21:20,59.0
Kjevik,SN39040,23.08.2022 21:50,59.0
Kjevik,SN39040,23.08.2022 22:20,59.0
Kjevik,SN39040,23.08.2022 22:50,60.8
Kjevik,SN39040,24.08.2022 01:20,60.8
Kjevik,SN39040,24.08.2022 01:50,59.0
Kjevik,SN39040,24.08.2022 02:20,59.0
Kjevik,SN39040,24.08.2022 03:50,59.0
Kjevik,SN39040,24.08.2022 04:20,59.0
Kjevik,SN39040,24.08.2022 04:50,59.0
Kjevik,SN39040,24.08.2022 05:20,59.0
Kjevik,SN39040,24.08.2022 05:50,59.0
Kjevik,SN39040,24.08.2022 06:20,59.0
Kjevik,SN39040,24.08.2022 06:50,59.0
Kjevik,SN39040,24.08.2022 07:20,59.0
Kjevik,SN39040,24.08.2022 07:50,60.8
Kjevik,SN39040,24.08.2022 08:20,60.8
Kjevik,SN39040,24.08.2022 08:50,60.8
Kjevik,SN39040,24.08.2022 09:20,60.8
Kjevik,SN39040,24.08.2022 09:50,62.6
Kjevik,SN39040,24.08.2022 10:20,62.6
Kjevik,SN39040,24.08.2022 10:50,64.4
Kjevik,SN39040,24.08.2022 11:20,64.4
Kjevik,SN39040,24.08.2022 11:50,66.2
Kjevik,SN39040,24.08.2022 12:20,66.2
Kjevik,SN39040,24.08.2022 12:50,66.2
Kjevik,SN39040,24.08.2022 13:20,66.2
Kjevik,SN39040,24.08.2022 13:50,66.2
Kjevik,SN39040,24.08.2022 14:20,68.0
Kjevik,SN39040,24.08.2022 14:50,68.0
Kjevik,SN39040,24.08.2022 15:20,69.8
Kjevik,SN39040,24.08.2022 15:50,68.0
Kjevik,SN39040,24.08.2022 16:20,68.0
Kjevik,SN39040,24.08.2022 16:50,68.0
Kjevik,SN39040,24.08.2022 17:20,68.0
Kjevik,SN39040,24.08.2022 17:50,68.0
Kjevik,SN39040,24.08.2022 18:20,68.0
Kjevik,SN39040,24.08.2022 18:50,66.2
Kjevik,SN39040,24.08.2022 19:20,66.2
Kjevik,SN39040,24.08.2022 19:50,64.4
Kjevik,SN39040,24.08.2022 20:20,64.4
Kjevik,SN39040,24.08.2022 20:50,64.4
Kjevik,SN39040,24.08.2022 21:20,64.4
Kjevik,SN39040,24.08.2022 21:50,64.4
Kjevik,SN39040,24.08.2022 22:20,64.4
Kjevik,SN39040,24.08.2022 22:50,64.4
Kjevik,SN39040,24.08.2022 23:20,62.6
Kjevik,SN39040,24.08.2022 23:50,62.6
Kjevik,SN39040,25.08.2022 00:20,64.4
Kjevik,SN39040,25.08.2022 00:50,62.6
Kjevik,SN39040,25.08.2022 01:20,62.6
Kjevik,SN39040,25.08.2022 01:50,64.4
Kjevik,SN39040,25.08.2022 03:20,62.6
Kjevik,SN39040,25.08.2022 03:50,62.6
Kjevik,SN39040,25.08.2022 04:20,62.6
Kjevik,SN39040,25.08.2022 04:50,60.8
Kjevik,SN39040,25.08.2022 05:20,60.8
Kjevik,SN39040,25.08.2022 05:50,60.8
Kjevik,SN39040,25.08.2022 06:20,60.8
Kjevik,SN39040,25.08.2022 06:50,60.8
Kjevik,SN39040,25.08.2022 07:20,62.6
Kjevik,SN39040,25.08.2022 07:50,64.4
Kjevik,SN39040,25.08.2022 08:20,64.4
Kjevik,SN39040,25.08.2022 08:50,66.2
Kjevik,SN39040,25.08.2022 09:20,68.0
Kjevik,SN39040,25.08.2022 09:50,68.0
Kjevik,SN39040,25.08.2022 10:20,69.8
Kjevik,SN39040,25.08.2022 10:50,71.6
Kjevik,SN39040,25.08.2022 11:20,71.6
Kjevik,SN39040,25.08.2022 11:50,71.6
Kjevik,SN39040,25.08.2022 12:20,73.4
Kjevik,SN39040,25.08.2022 12:50,71.6
Kjevik,SN39040,25.08.2022 13:20,71.6
Kjevik,SN39040,25.08.2022 13:50,71.6
Kjevik,SN39040,25.08.2022 14:20,73.4
Kjevik,SN39040,25.08.2022 14:50,73.4
Kjevik,SN39040,25.08.2022 15:20,73.4
Kjevik,SN39040,25.08.2022 15:50,73.4
Kjevik,SN39040,25.08.2022 16:20,73.4
Kjevik,SN39040,25.08.2022 16:50,71.6
Kjevik,SN39040,25.08.2022 17:20,71.6
Kjevik,SN39040,25.08.2022 17:50,69.8
Kjevik,SN39040,25.08.2022 18:20,69.8
Kjevik,SN39040,25.08.2022 18:50,68.0
Kjevik,SN39040,25.08.2022 19:20,66.2
Kjevik,SN39040,25.08.2022 19:50,64.4
Kjevik,SN39040,25.08.2022 20:20,64.4
Kjevik,SN39040,25.08.2022 20:50,62.6
Kjevik,SN39040,25.08.2022 21:20,62.6
Kjevik,SN39040,25.08.2022 21:50,62.6
Kjevik,SN39040,25.08.2022 22:20,60.8
Kjevik,SN39040,25.08.2022 22:50,60.8
Kjevik,SN39040,25.08.2022 23:20,60.8
Kjevik,SN39040,25.08.2022 23:50,60.8
Kjevik,SN39040,26.08.2022 00:20,62.6
Kjevik,SN39040,26.08.2022 00:50,62.6
Kjevik,SN39040,26.08.2022 01:20,62.6
Kjevik,SN39040,26.08.2022 01:50,62.6
Kjevik,SN39040,26.08.2022 02:20,62.6
Kjevik,SN39040,26.08.2022 03:50,60.8
Kjevik,SN39040,26.08.2022 04:20,62.6
Kjevik,SN39040,26.08.2022 04:50,62.6
Kjevik,SN39040,26.08.2022 05:20,62.6
Kjevik,SN39040,26.08.2022 05:50,62.6
Kjevik,SN39040,26.08.2022 06:20,62.6
Kjevik,SN39040,26.08.2022 06:50,62.6
Kjevik,SN39040,26.08.2022 07:20,64.4
Kjevik,SN39040,26.08.2022 07:50,64.4
Kjevik,SN39040,26.08.2022 08:20,66.2
Kjevik,SN39040,26.08.2022 08:50,66.2
Kjevik,SN39040,26.08.2022 09:20,66.2
Kjevik,SN39040,26.08.2022 09:50,68.0
Kjevik,SN39040,26.08.2022 10:20,68.0
Kjevik,SN39040,26.08.2022 10:50,68.0
Kjevik,SN39040,26.08.2022 11:20,68.0
Kjevik,SN39040,26.08.2022 11:50,68.0
Kjevik,SN39040,26.08.2022 12:20,68.0
Kjevik,SN39040,26.08.2022 12:50,68.0
Kjevik,SN39040,26.08.2022 13:20,68.0
Kjevik,SN39040,26.08.2022 13:50,66.2
Kjevik,SN39040,26.08.2022 14:20,66.2
Kjevik,SN39040,26.08.2022 14:50,60.8
Kjevik,SN39040,26.08.2022 15:20,60.8
Kjevik,SN39040,26.08.2022 15:50,60.8
Kjevik,SN39040,26.08.2022 16:20,62.6
Kjevik,SN39040,26.08.2022 16:50,62.6
Kjevik,SN39040,26.08.2022 17:20,62.6
Kjevik,SN39040,26.08.2022 17:50,62.6
Kjevik,SN39040,26.08.2022 18:20,62.6
Kjevik,SN39040,26.08.2022 18:50,62.6
Kjevik,SN39040,26.08.2022 19:20,62.6
Kjevik,SN39040,26.08.2022 19:50,62.6
Kjevik,SN39040,26.08.2022 20:20,62.6
Kjevik,SN39040,26.08.2022 20:50,62.6
Kjevik,SN39040,26.08.2022 21:20,62.6
Kjevik,SN39040,26.08.2022 21:50,62.6
Kjevik,SN39040,26.08.2022 22:20,62.6
Kjevik,SN39040,26.08.2022 22:50,62.6
Kjevik,SN39040,26.08.2022 23:50,62.6
Kjevik,SN39040,27.08.2022 00:20,62.6
Kjevik,SN39040,27.08.2022 00:50,62.6
Kjevik,SN39040,27.08.2022 01:20,62.6
Kjevik,SN39040,27.08.2022 01:50,62.6
Kjevik,SN39040,27.08.2022 02:20,62.6
Kjevik,SN39040,27.08.2022 02:50,62.6
Kjevik,SN39040,27.08.2022 03:20,62.6
Kjevik,SN39040,27.08.2022 03:50,62.6
Kjevik,SN39040,27.08.2022 04:20,62.6
Kjevik,SN39040,27.08.2022 04:50,62.6
Kjevik,SN39040,27.08.2022 05:20,62.6
Kjevik,SN39040,27.08.2022 05:50,62.6
Kjevik,SN39040,27.08.2022 06:20,62.6
Kjevik,SN39040,27.08.2022 06:50,62.6
Kjevik,SN39040,27.08.2022 07:20,62.6
Kjevik,SN39040,27.08.2022 07:50,64.4
Kjevik,SN39040,27.08.2022 08:20,66.2
Kjevik,SN39040,27.08.2022 08:50,64.4
Kjevik,SN39040,27.08.2022 09:20,66.2
Kjevik,SN39040,27.08.2022 09:50,69.8
Kjevik,SN39040,27.08.2022 10:20,69.8
Kjevik,SN39040,27.08.2022 10:50,69.8
Kjevik,SN39040,27.08.2022 11:20,71.6
Kjevik,SN39040,27.08.2022 11:50,73.4
Kjevik,SN39040,27.08.2022 12:20,71.6
Kjevik,SN39040,27.08.2022 12:50,71.6
Kjevik,SN39040,27.08.2022 13:20,71.6
Kjevik,SN39040,27.08.2022 13:50,69.8
Kjevik,SN39040,27.08.2022 14:20,68.0
Kjevik,SN39040,27.08.2022 14:50,69.8
Kjevik,SN39040,27.08.2022 15:20,69.8
Kjevik,SN39040,27.08.2022 15:50,69.8
Kjevik,SN39040,27.08.2022 16:20,71.6
Kjevik,SN39040,27.08.2022 16:50,69.8
Kjevik,SN39040,27.08.2022 17:20,69.8
Kjevik,SN39040,27.08.2022 17:50,69.8
Kjevik,SN39040,27.08.2022 18:20,68.0
Kjevik,SN39040,27.08.2022 18:50,68.0
Kjevik,SN39040,27.08.2022 19:20,66.2
Kjevik,SN39040,27.08.2022 19:50,64.4
Kjevik,SN39040,27.08.2022 20:20,62.6
Kjevik,SN39040,27.08.2022 20:50,60.8
Kjevik,SN39040,27.08.2022 21:20,60.8
Kjevik,SN39040,27.08.2022 21:50,59.0
Kjevik,SN39040,27.08.2022 22:20,57.2
Kjevik,SN39040,27.08.2022 22:50,57.2
Kjevik,SN39040,27.08.2022 23:20,57.2
Kjevik,SN39040,27.08.2022 23:50,57.2
Kjevik,SN39040,28.08.2022 00:20,55.4
Kjevik,SN39040,28.08.2022 00:50,57.2
Kjevik,SN39040,28.08.2022 01:20,57.2
Kjevik,SN39040,28.08.2022 01:50,55.4
Kjevik,SN39040,28.08.2022 02:20,55.4
Kjevik,SN39040,28.08.2022 02:50,55.4
Kjevik,SN39040,28.08.2022 03:20,55.4
Kjevik,SN39040,28.08.2022 04:20,55.4
Kjevik,SN39040,28.08.2022 04:50,53.6
Kjevik,SN39040,28.08.2022 05:20,55.4
Kjevik,SN39040,28.08.2022 05:50,55.4
Kjevik,SN39040,28.08.2022 06:20,55.4
Kjevik,SN39040,28.08.2022 06:50,57.2
Kjevik,SN39040,28.08.2022 07:20,59.0
Kjevik,SN39040,28.08.2022 07:50,60.8
Kjevik,SN39040,28.08.2022 08:20,60.8
Kjevik,SN39040,28.08.2022 08:50,66.2
Kjevik,SN39040,28.08.2022 09:20,66.2
Kjevik,SN39040,28.08.2022 09:50,68.0
Kjevik,SN39040,28.08.2022 10:20,68.0
Kjevik,SN39040,28.08.2022 10:50,69.8
Kjevik,SN39040,28.08.2022 11:20,69.8
Kjevik,SN39040,28.08.2022 11:50,68.0
Kjevik,SN39040,28.08.2022 12:20,69.8
Kjevik,SN39040,28.08.2022 12:50,68.0
Kjevik,SN39040,28.08.2022 13:20,71.6
Kjevik,SN39040,28.08.2022 13:50,69.8
Kjevik,SN39040,28.08.2022 14:20,71.6
Kjevik,SN39040,28.08.2022 14:50,68.0
Kjevik,SN39040,28.08.2022 15:20,68.0
Kjevik,SN39040,28.08.2022 15:50,66.2
Kjevik,SN39040,28.08.2022 16:20,66.2
Kjevik,SN39040,28.08.2022 16:50,66.2
Kjevik,SN39040,28.08.2022 17:20,66.2
Kjevik,SN39040,28.08.2022 17:50,66.2
Kjevik,SN39040,28.08.2022 18:20,66.2
Kjevik,SN39040,28.08.2022 18:50,66.2
Kjevik,SN39040,28.08.2022 19:20,64.4
Kjevik,SN39040,28.08.2022 19:50,64.4
Kjevik,SN39040,28.08.2022 20:20,62.6
Kjevik,SN39040,28.08.2022 20:50,62.6
Kjevik,SN39040,28.08.2022 21:20,62.6
Kjevik,SN39040,28.08.2022 21:50,62.6
Kjevik,SN39040,28.08.2022 22:20,60.8
Kjevik,SN39040,28.08.2022 22:50,60.8
Kjevik,SN39040,28.08.2022 23:20,60.8
Kjevik,SN39040,28.08.2022 23:50,60.8
Kjevik,SN39040,29.08.2022 00:20,60.8
Kjevik,SN39040,29.08.2022 00:50,60.8
Kjevik,SN39040,29.08.2022 01:20,59.0
Kjevik,SN39040,29.08.2022 01:50,59.0
Kjevik,SN39040,29.08.2022 02:20,59.0
Kjevik,SN39040,29.08.2022 02:50,59.0
Kjevik,SN39040,29.08.2022 03:20,59.0
Kjevik,SN39040,29.08.2022 03:50,59.0
Kjevik,SN39040,29.08.2022 04:20,57.2
Kjevik,SN39040,29.08.2022 04:50,57.2
Kjevik,SN39040,29.08.2022 05:20,55.4
Kjevik,SN39040,29.08.2022 05:50,55.4
Kjevik,SN39040,29.08.2022 06:20,55.4
Kjevik,SN39040,29.08.2022 06:50,57.2
Kjevik,SN39040,29.08.2022 07:20,59.0
Kjevik,SN39040,29.08.2022 07:50,60.8
Kjevik,SN39040,29.08.2022 08:20,62.6
Kjevik,SN39040,29.08.2022 08:50,60.8
Kjevik,SN39040,29.08.2022 09:20,62.6
Kjevik,SN39040,29.08.2022 09:50,62.6
Kjevik,SN39040,29.08.2022 10:20,64.4
Kjevik,SN39040,29.08.2022 10:50,62.6
Kjevik,SN39040,29.08.2022 11:20,64.4
Kjevik,SN39040,29.08.2022 11:50,64.4
Kjevik,SN39040,29.08.2022 12:20,64.4
Kjevik,SN39040,29.08.2022 12:50,64.4
Kjevik,SN39040,29.08.2022 13:20,66.2
Kjevik,SN39040,29.08.2022 13:50,66.2
Kjevik,SN39040,29.08.2022 14:20,66.2
Kjevik,SN39040,29.08.2022 14:50,66.2
Kjevik,SN39040,29.08.2022 15:20,64.4
Kjevik,SN39040,29.08.2022 15:50,64.4
Kjevik,SN39040,29.08.2022 16:20,64.4
Kjevik,SN39040,29.08.2022 16:50,64.4
Kjevik,SN39040,29.08.2022 17:20,64.4
Kjevik,SN39040,29.08.2022 17:50,62.6
Kjevik,SN39040,29.08.2022 18:20,64.4
Kjevik,SN39040,29.08.2022 18:50,62.6
Kjevik,SN39040,29.08.2022 19:20,62.6
Kjevik,SN39040,29.08.2022 19:50,60.8
Kjevik,SN39040,29.08.2022 20:20,60.8
Kjevik,SN39040,29.08.2022 20:50,59.0
Kjevik,SN39040,29.08.2022 21:20,59.0
Kjevik,SN39040,29.08.2022 21:50,55.4
Kjevik,SN39040,29.08.2022 22:20,53.6
Kjevik,SN39040,29.08.2022 22:50,55.4
Kjevik,SN39040,29.08.2022 23:20,53.6
Kjevik,SN39040,29.08.2022 23:50,53.6
Kjevik,SN39040,30.08.2022 00:20,53.6
Kjevik,SN39040,30.08.2022 00:50,53.6
Kjevik,SN39040,30.08.2022 01:20,51.8
Kjevik,SN39040,30.08.2022 01:50,51.8
Kjevik,SN39040,30.08.2022 02:20,51.8
Kjevik,SN39040,30.08.2022 02:50,51.8
Kjevik,SN39040,30.08.2022 03:20,51.8
Kjevik,SN39040,30.08.2022 03:50,53.6
Kjevik,SN39040,30.08.2022 04:20,53.6
Kjevik,SN39040,30.08.2022 04:50,51.8
Kjevik,SN39040,30.08.2022 05:20,51.8
Kjevik,SN39040,30.08.2022 05:50,53.6
Kjevik,SN39040,30.08.2022 06:20,53.6
Kjevik,SN39040,30.08.2022 06:50,55.4
Kjevik,SN39040,30.08.2022 07:20,57.2
Kjevik,SN39040,30.08.2022 07:50,59.0
Kjevik,SN39040,30.08.2022 08:20,60.8
Kjevik,SN39040,30.08.2022 08:50,62.6
Kjevik,SN39040,30.08.2022 09:20,64.4
Kjevik,SN39040,30.08.2022 09:50,64.4
Kjevik,SN39040,30.08.2022 10:20,64.4
Kjevik,SN39040,30.08.2022 10:50,64.4
Kjevik,SN39040,30.08.2022 11:20,62.6
Kjevik,SN39040,30.08.2022 11:50,62.6
Kjevik,SN39040,30.08.2022 12:20,62.6
Kjevik,SN39040,30.08.2022 12:50,64.4
Kjevik,SN39040,30.08.2022 13:20,64.4
Kjevik,SN39040,30.08.2022 13:50,64.4
Kjevik,SN39040,30.08.2022 14:20,68.0
Kjevik,SN39040,30.08.2022 14:50,66.2
Kjevik,SN39040,30.08.2022 15:20,66.2
Kjevik,SN39040,30.08.2022 15:50,64.4
Kjevik,SN39040,30.08.2022 16:20,66.2
Kjevik,SN39040,30.08.2022 16:50,64.4
Kjevik,SN39040,30.08.2022 17:20,64.4
Kjevik,SN39040,30.08.2022 17:50,62.6
Kjevik,SN39040,30.08.2022 18:20,62.6
Kjevik,SN39040,30.08.2022 18:50,62.6
Kjevik,SN39040,30.08.2022 19:20,60.8
Kjevik,SN39040,30.08.2022 19:50,60.8
Kjevik,SN39040,30.08.2022 20:20,59.0
Kjevik,SN39040,30.08.2022 20:50,57.2
Kjevik,SN39040,30.08.2022 21:20,57.2
Kjevik,SN39040,30.08.2022 21:50,57.2
Kjevik,SN39040,30.08.2022 22:20,55.4
Kjevik,SN39040,30.08.2022 22:50,55.4
Kjevik,SN39040,30.08.2022 23:20,55.4
Kjevik,SN39040,30.08.2022 23:50,55.4
Kjevik,SN39040,31.08.2022 00:20,55.4
Kjevik,SN39040,31.08.2022 00:50,55.4
Kjevik,SN39040,31.08.2022 01:20,55.4
Kjevik,SN39040,31.08.2022 01:50,55.4
Kjevik,SN39040,31.08.2022 02:20,55.4
Kjevik,SN39040,31.08.2022 02:50,55.4
Kjevik,SN39040,31.08.2022 03:20,55.4
Kjevik,SN39040,31.08.2022 03:50,53.6
Kjevik,SN39040,31.08.2022 04:20,51.8
Kjevik,SN39040,31.08.2022 04:50,51.8
Kjevik,SN39040,31.08.2022 05:20,50.0
Kjevik,SN39040,31.08.2022 05:50,50.0
Kjevik,SN39040,31.08.2022 06:20,50.0
Kjevik,SN39040,31.08.2022 06:50,51.8
Kjevik,SN39040,31.08.2022 07:20,53.6
Kjevik,SN39040,31.08.2022 07:50,55.4
Kjevik,SN39040,31.08.2022 08:20,57.2
Kjevik,SN39040,31.08.2022 08:50,59.0
Kjevik,SN39040,31.08.2022 09:20,60.8
Kjevik,SN39040,31.08.2022 09:50,62.6
Kjevik,SN39040,31.08.2022 10:20,62.6
Kjevik,SN39040,31.08.2022 10:50,64.4
Kjevik,SN39040,31.08.2022 11:20,66.2
Kjevik,SN39040,31.08.2022 11:50,66.2
Kjevik,SN39040,31.08.2022 12:20,66.2
Kjevik,SN39040,31.08.2022 12:50,66.2
Kjevik,SN39040,31.08.2022 13:20,66.2
Kjevik,SN39040,31.08.2022 13:50,66.2
Kjevik,SN39040,31.08.2022 14:20,64.4
Kjevik,SN39040,31.08.2022 14:50,64.4
Kjevik,SN39040,31.08.2022 15:20,64.4
Kjevik,SN39040,31.08.2022 15:50,64.4
Kjevik,SN39040,31.08.2022 16:20,64.4
Kjevik,SN39040,31.08.2022 16:50,64.4
Kjevik,SN39040,31.08.2022 17:20,64.4
Kjevik,SN39040,31.08.2022 17:50,64.4
Kjevik,SN39040,31.08.2022 18:20,64.4
Kjevik,SN39040,31.08.2022 18:50,62.6
Kjevik,SN39040,31.08.2022 19:20,62.6
Kjevik,SN39040,31.08.2022 19:50,60.8
Kjevik,SN39040,31.08.2022 20:20,55.4
Kjevik,SN39040,31.08.2022 20:50,53.6
Kjevik,SN39040,31.08.2022 21:20,53.6
Kjevik,SN39040,31.08.2022 21:50,51.8
Kjevik,SN39040,31.08.2022 22:20,51.8
Kjevik,SN39040,31.08.2022 22:50,51.8
Kjevik,SN39040,31.08.2022 23:20,50.0
Kjevik,SN39040,31.08.2022 23:50,50.0
Kjevik,SN39040,01.09.2022 00:20,50.0
Kjevik,SN39040,01.09.2022 00:50,48.2
Kjevik,SN39040,01.09.2022 01:20,48.2
Kjevik,SN39040,01.09.2022 01:50,48.2
Kjevik,SN39040,01.09.2022 02:20,48.2
Kjevik,SN39040,01.09.2022 02:50,48.2
Kjevik,SN39040,01.09.2022 03:20,48.2
Kjevik,SN39040,01.09.2022 03:50,48.2
Kjevik,SN39040,01.09.2022 04:20,46.4
Kjevik,SN39040,01.09.2022 04:50,48.2
Kjevik,SN39040,01.09.2022 05:20,48.2
Kjevik,SN39040,01.09.2022 05:50,46.4
Kjevik,SN39040,01.09.2022 06:20,48.2
Kjevik,SN39040,01.09.2022 06:50,50.0
Kjevik,SN39040,01.09.2022 07:20,51.8
Kjevik,SN39040,01.09.2022 07:50,55.4
Kjevik,SN39040,01.09.2022 08:20,57.2
Kjevik,SN39040,01.09.2022 08:50,59.0
Kjevik,SN39040,01.09.2022 09:20,62.6
Kjevik,SN39040,01.09.2022 09:50,64.4
Kjevik,SN39040,01.09.2022 10:20,64.4
Kjevik,SN39040,01.09.2022 10:50,66.2
Kjevik,SN39040,01.09.2022 11:20,64.4
Kjevik,SN39040,01.09.2022 11:50,66.2
Kjevik,SN39040,01.09.2022 12:20,68.0
Kjevik,SN39040,01.09.2022 12:50,68.0
Kjevik,SN39040,01.09.2022 13:20,68.0
Kjevik,SN39040,01.09.2022 13:50,66.2
Kjevik,SN39040,01.09.2022 14:20,66.2
Kjevik,SN39040,01.09.2022 14:50,66.2
Kjevik,SN39040,01.09.2022 15:20,66.2
Kjevik,SN39040,01.09.2022 15:50,66.2
Kjevik,SN39040,01.09.2022 16:20,66.2
Kjevik,SN39040,01.09.2022 16:50,66.2
Kjevik,SN39040,01.09.2022 17:20,66.2
Kjevik,SN39040,01.09.2022 17:50,64.4
Kjevik,SN39040,01.09.2022 18:20,64.4
Kjevik,SN39040,01.09.2022 18:50,64.4
Kjevik,SN39040,01.09.2022 19:20,62.6
Kjevik,SN39040,01.09.2022 19:50,60.8
Kjevik,SN39040,01.09.2022 20:20,60.8
Kjevik,SN39040,01.09.2022 20:50,60.8
Kjevik,SN39040,01.09.2022 21:20,60.8
Kjevik,SN39040,01.09.2022 21:50,57.2
Kjevik,SN39040,01.09.2022 22:20,57.2
Kjevik,SN39040,01.09.2022 22:50,53.6
Kjevik,SN39040,01.09.2022 23:20,51.8
Kjevik,SN39040,01.09.2022 23:50,53.6
Kjevik,SN39040,02.09.2022 00:20,51.8
Kjevik,SN39040,02.09.2022 00:50,50.0
Kjevik,SN39040,02.09.2022 01:20,50.0
Kjevik,SN39040,02.09.2022 01:50,50.0
Kjevik,SN39040,02.09.2022 02:20,50.0
Kjevik,SN39040,02.09.2022 02:50,48.2
Kjevik,SN39040,02.09.2022 03:20,50.0
Kjevik,SN39040,02.09.2022 03:50,48.2
Kjevik,SN39040,02.09.2022 04:20,48.2
Kjevik,SN39040,02.09.2022 04:50,48.2
Kjevik,SN39040,02.09.2022 05:20,48.2
Kjevik,SN39040,02.09.2022 05:50,48.2
Kjevik,SN39040,02.09.2022 06:20,50.0
Kjevik,SN39040,02.09.2022 06:50,50.0
Kjevik,SN39040,02.09.2022 07:20,51.8
Kjevik,SN39040,02.09.2022 07:50,55.4
Kjevik,SN39040,02.09.2022 08:20,57.2
Kjevik,SN39040,02.09.2022 08:50,60.8
Kjevik,SN39040,02.09.2022 09:20,62.6
Kjevik,SN39040,02.09.2022 09:50,62.6
Kjevik,SN39040,02.09.2022 10:20,64.4
Kjevik,SN39040,02.09.2022 10:50,64.4
Kjevik,SN39040,02.09.2022 11:20,66.2
Kjevik,SN39040,02.09.2022 11:50,68.0
Kjevik,SN39040,02.09.2022 12:20,68.0
Kjevik,SN39040,02.09.2022 12:50,68.0
Kjevik,SN39040,02.09.2022 13:20,68.0
Kjevik,SN39040,02.09.2022 13:50,68.0
Kjevik,SN39040,02.09.2022 14:20,66.2
Kjevik,SN39040,02.09.2022 14:50,66.2
Kjevik,SN39040,02.09.2022 15:20,66.2
Kjevik,SN39040,02.09.2022 15:50,66.2
Kjevik,SN39040,02.09.2022 16:20,66.2
Kjevik,SN39040,02.09.2022 16:50,66.2
Kjevik,SN39040,02.09.2022 17:20,66.2
Kjevik,SN39040,02.09.2022 17:50,64.4
Kjevik,SN39040,02.09.2022 18:20,64.4
Kjevik,SN39040,02.09.2022 18:50,62.6
Kjevik,SN39040,02.09.2022 19:20,60.8
Kjevik,SN39040,02.09.2022 19:50,60.8
Kjevik,SN39040,02.09.2022 20:20,57.2
Kjevik,SN39040,02.09.2022 20:50,57.2
Kjevik,SN39040,02.09.2022 21:20,53.6
Kjevik,SN39040,02.09.2022 21:50,55.4
Kjevik,SN39040,02.09.2022 22:20,53.6
Kjevik,SN39040,02.09.2022 22:50,51.8
Kjevik,SN39040,02.09.2022 23:20,51.8
Kjevik,SN39040,02.09.2022 23:50,51.8
Kjevik,SN39040,03.09.2022 00:20,51.8
Kjevik,SN39040,03.09.2022 00:50,51.8
Kjevik,SN39040,03.09.2022 01:20,51.8
Kjevik,SN39040,03.09.2022 01:50,51.8
Kjevik,SN39040,03.09.2022 02:20,51.8
Kjevik,SN39040,03.09.2022 03:20,51.8
Kjevik,SN39040,03.09.2022 03:50,51.8
Kjevik,SN39040,03.09.2022 04:20,51.8
Kjevik,SN39040,03.09.2022 04:50,51.8
Kjevik,SN39040,03.09.2022 05:20,51.8
Kjevik,SN39040,03.09.2022 05:50,51.8
Kjevik,SN39040,03.09.2022 06:20,51.8
Kjevik,SN39040,03.09.2022 06:50,53.6
Kjevik,SN39040,03.09.2022 07:20,55.4
Kjevik,SN39040,03.09.2022 07:50,55.4
Kjevik,SN39040,03.09.2022 08:20,57.2
Kjevik,SN39040,03.09.2022 08:50,60.8
Kjevik,SN39040,03.09.2022 09:20,64.4
Kjevik,SN39040,03.09.2022 09:50,64.4
Kjevik,SN39040,03.09.2022 10:20,64.4
Kjevik,SN39040,03.09.2022 10:50,64.4
Kjevik,SN39040,03.09.2022 11:20,66.2
Kjevik,SN39040,03.09.2022 11:50,66.2
Kjevik,SN39040,03.09.2022 12:20,66.2
Kjevik,SN39040,03.09.2022 12:50,68.0
Kjevik,SN39040,03.09.2022 13:20,68.0
Kjevik,SN39040,03.09.2022 13:50,66.2
Kjevik,SN39040,03.09.2022 14:20,68.0
Kjevik,SN39040,03.09.2022 14:50,66.2
Kjevik,SN39040,03.09.2022 15:20,66.2
Kjevik,SN39040,03.09.2022 15:50,66.2
Kjevik,SN39040,03.09.2022 16:20,66.2
Kjevik,SN39040,03.09.2022 16:50,64.4
Kjevik,SN39040,03.09.2022 17:20,64.4
Kjevik,SN39040,03.09.2022 17:50,64.4
Kjevik,SN39040,03.09.2022 18:20,62.6
Kjevik,SN39040,03.09.2022 18:50,62.6
Kjevik,SN39040,03.09.2022 19:20,60.8
Kjevik,SN39040,03.09.2022 19:50,59.0
Kjevik,SN39040,03.09.2022 20:20,57.2
Kjevik,SN39040,03.09.2022 20:50,57.2
Kjevik,SN39040,03.09.2022 21:20,55.4
Kjevik,SN39040,03.09.2022 21:50,55.4
Kjevik,SN39040,03.09.2022 22:20,55.4
Kjevik,SN39040,03.09.2022 22:50,55.4
Kjevik,SN39040,03.09.2022 23:20,55.4
Kjevik,SN39040,03.09.2022 23:50,53.6
Kjevik,SN39040,04.09.2022 00:20,53.6
Kjevik,SN39040,04.09.2022 00:50,53.6
Kjevik,SN39040,04.09.2022 01:20,51.8
Kjevik,SN39040,04.09.2022 01:50,53.6
Kjevik,SN39040,04.09.2022 02:20,53.6
Kjevik,SN39040,04.09.2022 02:50,53.6
Kjevik,SN39040,04.09.2022 03:20,53.6
Kjevik,SN39040,04.09.2022 03:50,53.6
Kjevik,SN39040,04.09.2022 04:20,53.6
Kjevik,SN39040,04.09.2022 04:50,53.6
Kjevik,SN39040,04.09.2022 05:20,55.4
Kjevik,SN39040,04.09.2022 05:50,55.4
Kjevik,SN39040,04.09.2022 06:20,55.4
Kjevik,SN39040,04.09.2022 06:50,55.4
Kjevik,SN39040,04.09.2022 07:20,55.4
Kjevik,SN39040,04.09.2022 07:50,57.2
Kjevik,SN39040,04.09.2022 08:20,57.2
Kjevik,SN39040,04.09.2022 08:50,59.0
Kjevik,SN39040,04.09.2022 09:20,60.8
Kjevik,SN39040,04.09.2022 09:50,62.6
Kjevik,SN39040,04.09.2022 10:20,62.6
Kjevik,SN39040,04.09.2022 10:50,64.4
Kjevik,SN39040,04.09.2022 11:20,62.6
Kjevik,SN39040,04.09.2022 11:50,64.4
Kjevik,SN39040,04.09.2022 12:20,64.4
Kjevik,SN39040,04.09.2022 12:50,64.4
Kjevik,SN39040,04.09.2022 13:20,62.6
Kjevik,SN39040,04.09.2022 13:50,62.6
Kjevik,SN39040,04.09.2022 14:20,62.6
Kjevik,SN39040,04.09.2022 14:50,62.6
Kjevik,SN39040,04.09.2022 15:20,64.4
Kjevik,SN39040,04.09.2022 15:50,64.4
Kjevik,SN39040,04.09.2022 16:20,62.6
Kjevik,SN39040,04.09.2022 16:50,62.6
Kjevik,SN39040,04.09.2022 17:20,62.6
Kjevik,SN39040,04.09.2022 17:50,62.6
Kjevik,SN39040,04.09.2022 18:20,60.8
Kjevik,SN39040,04.09.2022 18:50,60.8
Kjevik,SN39040,04.09.2022 19:20,57.2
Kjevik,SN39040,04.09.2022 19:50,57.2
Kjevik,SN39040,04.09.2022 20:20,55.4
Kjevik,SN39040,04.09.2022 20:50,55.4
Kjevik,SN39040,04.09.2022 21:20,55.4
Kjevik,SN39040,04.09.2022 21:50,55.4
Kjevik,SN39040,04.09.2022 22:20,55.4
Kjevik,SN39040,04.09.2022 22:50,55.4
Kjevik,SN39040,04.09.2022 23:20,55.4
Kjevik,SN39040,05.09.2022 00:20,55.4
Kjevik,SN39040,05.09.2022 01:50,57.2
Kjevik,SN39040,05.09.2022 02:50,57.2
Kjevik,SN39040,05.09.2022 03:20,57.2
Kjevik,SN39040,05.09.2022 03:50,57.2
Kjevik,SN39040,05.09.2022 04:20,57.2
Kjevik,SN39040,05.09.2022 04:50,57.2
Kjevik,SN39040,05.09.2022 05:20,59.0
Kjevik,SN39040,05.09.2022 05:50,59.0
Kjevik,SN39040,05.09.2022 06:20,59.0
Kjevik,SN39040,05.09.2022 06:50,59.0
Kjevik,SN39040,05.09.2022 07:20,59.0
Kjevik,SN39040,05.09.2022 07:50,59.0
Kjevik,SN39040,05.09.2022 08:20,59.0
Kjevik,SN39040,05.09.2022 08:50,60.8
Kjevik,SN39040,05.09.2022 09:20,60.8
Kjevik,SN39040,05.09.2022 09:50,62.6
Kjevik,SN39040,05.09.2022 10:20,62.6
Kjevik,SN39040,05.09.2022 10:50,62.6
Kjevik,SN39040,05.09.2022 11:20,64.4
Kjevik,SN39040,05.09.2022 11:50,64.4
Kjevik,SN39040,05.09.2022 12:20,64.4
Kjevik,SN39040,05.09.2022 12:50,62.6
Kjevik,SN39040,05.09.2022 13:20,64.4
Kjevik,SN39040,05.09.2022 13:50,64.4
Kjevik,SN39040,05.09.2022 14:20,64.4
Kjevik,SN39040,05.09.2022 14:50,64.4
Kjevik,SN39040,05.09.2022 15:20,64.4
Kjevik,SN39040,05.09.2022 15:50,64.4
Kjevik,SN39040,05.09.2022 16:20,64.4
Kjevik,SN39040,05.09.2022 16:50,64.4
Kjevik,SN39040,05.09.2022 17:20,62.6
Kjevik,SN39040,05.09.2022 17:50,62.6
Kjevik,SN39040,05.09.2022 18:20,60.8
Kjevik,SN39040,05.09.2022 18:50,60.8
Kjevik,SN39040,05.09.2022 19:20,59.0
Kjevik,SN39040,05.09.2022 19:50,59.0
Kjevik,SN39040,05.09.2022 20:20,57.2
Kjevik,SN39040,05.09.2022 20:50,57.2
Kjevik,SN39040,05.09.2022 21:20,57.2
Kjevik,SN39040,05.09.2022 21:50,57.2
Kjevik,SN39040,05.09.2022 22:20,57.2
Kjevik,SN39040,05.09.2022 22:50,55.4
Kjevik,SN39040,05.09.2022 23:20,55.4
Kjevik,SN39040,05.09.2022 23:50,57.2
Kjevik,SN39040,06.09.2022 00:20,57.2
Kjevik,SN39040,06.09.2022 00:50,57.2
Kjevik,SN39040,06.09.2022 01:20,57.2
Kjevik,SN39040,06.09.2022 02:20,55.4
Kjevik,SN39040,06.09.2022 02:50,55.4
Kjevik,SN39040,06.09.2022 03:20,55.4
Kjevik,SN39040,06.09.2022 03:50,53.6
Kjevik,SN39040,06.09.2022 04:20,53.6
Kjevik,SN39040,06.09.2022 04:50,53.6
Kjevik,SN39040,06.09.2022 05:20,53.6
Kjevik,SN39040,06.09.2022 05:50,53.6
Kjevik,SN39040,06.09.2022 06:20,53.6
Kjevik,SN39040,06.09.2022 06:50,53.6
Kjevik,SN39040,06.09.2022 07:20,55.4
Kjevik,SN39040,06.09.2022 07:50,55.4
Kjevik,SN39040,06.09.2022 08:20,57.2
Kjevik,SN39040,06.09.2022 08:50,60.8
Kjevik,SN39040,06.09.2022 09:20,60.8
Kjevik,SN39040,06.09.2022 09:50,64.4
Kjevik,SN39040,06.09.2022 10:20,64.4
Kjevik,SN39040,06.09.2022 10:50,64.4
Kjevik,SN39040,06.09.2022 11:20,64.4
Kjevik,SN39040,06.09.2022 11:50,64.4
Kjevik,SN39040,06.09.2022 12:20,64.4
Kjevik,SN39040,06.09.2022 12:50,64.4
Kjevik,SN39040,06.09.2022 13:20,64.4
Kjevik,SN39040,06.09.2022 13:50,66.2
Kjevik,SN39040,06.09.2022 14:20,66.2
Kjevik,SN39040,06.09.2022 14:50,64.4
Kjevik,SN39040,06.09.2022 15:20,64.4
Kjevik,SN39040,06.09.2022 15:50,64.4
Kjevik,SN39040,06.09.2022 16:20,64.4
Kjevik,SN39040,06.09.2022 16:50,62.6
Kjevik,SN39040,06.09.2022 17:20,62.6
Kjevik,SN39040,06.09.2022 17:50,60.8
Kjevik,SN39040,06.09.2022 18:20,59.0
Kjevik,SN39040,06.09.2022 18:50,57.2
Kjevik,SN39040,06.09.2022 19:20,55.4
Kjevik,SN39040,06.09.2022 19:50,53.6
Kjevik,SN39040,06.09.2022 20:20,51.8
Kjevik,SN39040,06.09.2022 20:50,51.8
Kjevik,SN39040,06.09.2022 21:20,51.8
Kjevik,SN39040,06.09.2022 21:50,50.0
Kjevik,SN39040,06.09.2022 22:20,50.0
Kjevik,SN39040,06.09.2022 22:50,48.2
Kjevik,SN39040,06.09.2022 23:20,50.0
Kjevik,SN39040,06.09.2022 23:50,50.0
Kjevik,SN39040,07.09.2022 00:20,51.8
Kjevik,SN39040,07.09.2022 00:50,51.8
Kjevik,SN39040,07.09.2022 01:20,51.8
Kjevik,SN39040,07.09.2022 01:50,51.8
Kjevik,SN39040,07.09.2022 02:20,50.0
Kjevik,SN39040,07.09.2022 02:50,50.0
Kjevik,SN39040,07.09.2022 03:20,50.0
Kjevik,SN39040,07.09.2022 03:50,51.8
Kjevik,SN39040,07.09.2022 04:20,51.8
Kjevik,SN39040,07.09.2022 04:50,51.8
Kjevik,SN39040,07.09.2022 05:20,51.8
Kjevik,SN39040,07.09.2022 05:50,50.0
Kjevik,SN39040,07.09.2022 06:20,50.0
Kjevik,SN39040,07.09.2022 06:50,51.8
Kjevik,SN39040,07.09.2022 07:20,51.8
Kjevik,SN39040,07.09.2022 07:50,53.6
Kjevik,SN39040,07.09.2022 08:20,55.4
Kjevik,SN39040,07.09.2022 08:50,57.2
Kjevik,SN39040,07.09.2022 09:20,59.0
Kjevik,SN39040,07.09.2022 09:50,60.8
Kjevik,SN39040,07.09.2022 10:20,62.6
Kjevik,SN39040,07.09.2022 10:50,62.6
Kjevik,SN39040,07.09.2022 11:20,62.6
Kjevik,SN39040,07.09.2022 11:50,62.6
Kjevik,SN39040,07.09.2022 12:20,62.6
Kjevik,SN39040,07.09.2022 12:50,62.6
Kjevik,SN39040,07.09.2022 13:20,62.6
Kjevik,SN39040,07.09.2022 13:50,62.6
Kjevik,SN39040,07.09.2022 14:20,62.6
Kjevik,SN39040,07.09.2022 14:50,60.8
Kjevik,SN39040,07.09.2022 15:20,60.8
Kjevik,SN39040,07.09.2022 15:50,60.8
Kjevik,SN39040,07.09.2022 16:20,60.8
Kjevik,SN39040,07.09.2022 16:50,60.8
Kjevik,SN39040,07.09.2022 17:20,60.8
Kjevik,SN39040,07.09.2022 17:50,60.8
Kjevik,SN39040,07.09.2022 18:20,59.0
Kjevik,SN39040,07.09.2022 18:50,57.2
Kjevik,SN39040,07.09.2022 19:20,57.2
Kjevik,SN39040,07.09.2022 19:50,55.4
Kjevik,SN39040,07.09.2022 20:20,55.4
Kjevik,SN39040,07.09.2022 20:50,55.4
Kjevik,SN39040,07.09.2022 21:20,55.4
Kjevik,SN39040,07.09.2022 21:50,55.4
Kjevik,SN39040,07.09.2022 22:20,55.4
Kjevik,SN39040,07.09.2022 22:50,55.4
Kjevik,SN39040,07.09.2022 23:20,55.4
Kjevik,SN39040,07.09.2022 23:50,55.4
Kjevik,SN39040,08.09.2022 00:20,57.2
Kjevik,SN39040,08.09.2022 00:50,57.2
Kjevik,SN39040,08.09.2022 01:20,57.2
Kjevik,SN39040,08.09.2022 03:20,60.8
Kjevik,SN39040,08.09.2022 03:50,60.8
Kjevik,SN39040,08.09.2022 04:20,60.8
Kjevik,SN39040,08.09.2022 04:50,60.8
Kjevik,SN39040,08.09.2022 05:20,60.8
Kjevik,SN39040,08.09.2022 05:50,59.0
Kjevik,SN39040,08.09.2022 06:20,59.0
Kjevik,SN39040,08.09.2022 06:50,59.0
Kjevik,SN39040,08.09.2022 07:20,59.0
Kjevik,SN39040,08.09.2022 07:50,59.0
Kjevik,SN39040,08.09.2022 08:20,60.8
Kjevik,SN39040,08.09.2022 08:50,59.0
Kjevik,SN39040,08.09.2022 09:20,59.0
Kjevik,SN39040,08.09.2022 09:50,59.0
Kjevik,SN39040,08.09.2022 10:20,59.0
Kjevik,SN39040,08.09.2022 10:50,59.0
Kjevik,SN39040,08.09.2022 11:20,60.8
Kjevik,SN39040,08.09.2022 11:50,60.8
Kjevik,SN39040,08.09.2022 12:20,60.8
Kjevik,SN39040,08.09.2022 12:50,62.6
Kjevik,SN39040,08.09.2022 13:20,62.6
Kjevik,SN39040,08.09.2022 13:50,60.8
Kjevik,SN39040,08.09.2022 14:20,62.6
Kjevik,SN39040,08.09.2022 14:50,62.6
Kjevik,SN39040,08.09.2022 15:20,62.6
Kjevik,SN39040,08.09.2022 15:50,60.8
Kjevik,SN39040,08.09.2022 16:20,60.8
Kjevik,SN39040,08.09.2022 16:50,60.8
Kjevik,SN39040,08.09.2022 17:20,59.0
Kjevik,SN39040,08.09.2022 17:50,59.0
Kjevik,SN39040,08.09.2022 18:20,59.0
Kjevik,SN39040,08.09.2022 18:50,57.2
Kjevik,SN39040,08.09.2022 19:20,59.0
Kjevik,SN39040,08.09.2022 19:50,57.2
Kjevik,SN39040,08.09.2022 20:20,57.2
Kjevik,SN39040,08.09.2022 20:50,57.2
Kjevik,SN39040,08.09.2022 21:20,57.2
Kjevik,SN39040,08.09.2022 21:50,57.2
Kjevik,SN39040,08.09.2022 22:20,59.0
Kjevik,SN39040,08.09.2022 22:50,59.0
Kjevik,SN39040,08.09.2022 23:20,59.0
Kjevik,SN39040,08.09.2022 23:50,59.0
Kjevik,SN39040,09.09.2022 00:50,59.0
Kjevik,SN39040,09.09.2022 01:20,59.0
Kjevik,SN39040,09.09.2022 01:50,57.2
Kjevik,SN39040,09.09.2022 04:20,57.2
Kjevik,SN39040,09.09.2022 04:50,57.2
Kjevik,SN39040,09.09.2022 05:20,57.2
Kjevik,SN39040,09.09.2022 05:50,57.2
Kjevik,SN39040,09.09.2022 06:20,57.2
Kjevik,SN39040,09.09.2022 06:50,57.2
Kjevik,SN39040,09.09.2022 07:20,55.4
Kjevik,SN39040,09.09.2022 07:50,57.2
Kjevik,SN39040,09.09.2022 08:20,57.2
Kjevik,SN39040,09.09.2022 08:50,57.2
Kjevik,SN39040,09.09.2022 09:20,57.2
Kjevik,SN39040,09.09.2022 09:50,57.2
Kjevik,SN39040,09.09.2022 10:20,57.2
Kjevik,SN39040,09.09.2022 10:50,55.4
Kjevik,SN39040,09.09.2022 11:20,55.4
Kjevik,SN39040,09.09.2022 11:50,55.4
Kjevik,SN39040,09.09.2022 12:20,57.2
Kjevik,SN39040,09.09.2022 12:50,57.2
Kjevik,SN39040,09.09.2022 13:20,57.2
Kjevik,SN39040,09.09.2022 13:50,57.2
Kjevik,SN39040,09.09.2022 14:20,57.2
Kjevik,SN39040,09.09.2022 14:50,55.4
Kjevik,SN39040,09.09.2022 15:20,55.4
Kjevik,SN39040,09.09.2022 15:50,55.4
Kjevik,SN39040,09.09.2022 16:20,55.4
Kjevik,SN39040,09.09.2022 16:50,53.6
Kjevik,SN39040,09.09.2022 17:20,53.6
Kjevik,SN39040,09.09.2022 17:50,53.6
Kjevik,SN39040,09.09.2022 18:20,53.6
Kjevik,SN39040,09.09.2022 18:50,53.6
Kjevik,SN39040,09.09.2022 19:20,53.6
Kjevik,SN39040,09.09.2022 19:50,53.6
Kjevik,SN39040,09.09.2022 20:20,53.6
Kjevik,SN39040,09.09.2022 20:50,55.4
Kjevik,SN39040,09.09.2022 21:20,55.4
Kjevik,SN39040,09.09.2022 21:50,53.6
Kjevik,SN39040,09.09.2022 22:20,53.6
Kjevik,SN39040,09.09.2022 22:50,53.6
Kjevik,SN39040,09.09.2022 23:20,53.6
Kjevik,SN39040,09.09.2022 23:50,53.6
Kjevik,SN39040,10.09.2022 00:20,53.6
Kjevik,SN39040,10.09.2022 00:50,53.6
Kjevik,SN39040,10.09.2022 02:20,53.6
Kjevik,SN39040,10.09.2022 02:50,53.6
Kjevik,SN39040,10.09.2022 03:20,53.6
Kjevik,SN39040,10.09.2022 03:50,53.6
Kjevik,SN39040,10.09.2022 04:20,53.6
Kjevik,SN39040,10.09.2022 04:50,53.6
Kjevik,SN39040,10.09.2022 05:20,53.6
Kjevik,SN39040,10.09.2022 05:50,53.6
Kjevik,SN39040,10.09.2022 06:20,53.6
Kjevik,SN39040,10.09.2022 06:50,55.4
Kjevik,SN39040,10.09.2022 07:20,55.4
Kjevik,SN39040,10.09.2022 07:50,55.4
Kjevik,SN39040,10.09.2022 08:20,55.4
Kjevik,SN39040,10.09.2022 08:50,55.4
Kjevik,SN39040,10.09.2022 09:20,57.2
Kjevik,SN39040,10.09.2022 09:50,57.2
Kjevik,SN39040,10.09.2022 10:20,57.2
Kjevik,SN39040,10.09.2022 10:50,59.0
Kjevik,SN39040,10.09.2022 11:20,59.0
Kjevik,SN39040,10.09.2022 11:50,59.0
Kjevik,SN39040,10.09.2022 12:20,59.0
Kjevik,SN39040,10.09.2022 12:50,59.0
Kjevik,SN39040,10.09.2022 13:20,59.0
Kjevik,SN39040,10.09.2022 13:50,59.0
Kjevik,SN39040,10.09.2022 14:20,59.0
Kjevik,SN39040,10.09.2022 14:50,59.0
Kjevik,SN39040,10.09.2022 15:20,59.0
Kjevik,SN39040,10.09.2022 15:50,59.0
Kjevik,SN39040,10.09.2022 16:20,59.0
Kjevik,SN39040,10.09.2022 16:50,59.0
Kjevik,SN39040,10.09.2022 17:20,59.0
Kjevik,SN39040,10.09.2022 17:50,59.0
Kjevik,SN39040,10.09.2022 18:20,57.2
Kjevik,SN39040,10.09.2022 18:50,57.2
Kjevik,SN39040,10.09.2022 19:20,59.0
Kjevik,SN39040,10.09.2022 19:50,57.2
Kjevik,SN39040,10.09.2022 20:20,55.4
Kjevik,SN39040,10.09.2022 20:50,55.4
Kjevik,SN39040,10.09.2022 21:20,53.6
Kjevik,SN39040,10.09.2022 21:50,53.6
Kjevik,SN39040,10.09.2022 22:20,51.8
Kjevik,SN39040,10.09.2022 22:50,51.8
Kjevik,SN39040,10.09.2022 23:20,51.8
Kjevik,SN39040,10.09.2022 23:50,50.0
Kjevik,SN39040,11.09.2022 00:20,50.0
Kjevik,SN39040,11.09.2022 00:50,50.0
Kjevik,SN39040,11.09.2022 01:20,50.0
Kjevik,SN39040,11.09.2022 01:50,50.0
Kjevik,SN39040,11.09.2022 02:20,50.0
Kjevik,SN39040,11.09.2022 02:50,50.0
Kjevik,SN39040,11.09.2022 03:20,51.8
Kjevik,SN39040,11.09.2022 03:50,51.8
Kjevik,SN39040,11.09.2022 04:20,51.8
Kjevik,SN39040,11.09.2022 04:50,51.8
Kjevik,SN39040,11.09.2022 05:20,51.8
Kjevik,SN39040,11.09.2022 05:50,51.8
Kjevik,SN39040,11.09.2022 06:20,51.8
Kjevik,SN39040,11.09.2022 06:50,51.8
Kjevik,SN39040,11.09.2022 07:20,53.6
Kjevik,SN39040,11.09.2022 07:50,55.4
Kjevik,SN39040,11.09.2022 08:20,57.2
Kjevik,SN39040,11.09.2022 08:50,59.0
Kjevik,SN39040,11.09.2022 09:20,59.0
Kjevik,SN39040,11.09.2022 09:50,60.8
Kjevik,SN39040,11.09.2022 10:20,62.6
Kjevik,SN39040,11.09.2022 10:50,62.6
Kjevik,SN39040,11.09.2022 11:20,64.4
Kjevik,SN39040,11.09.2022 11:50,66.2
Kjevik,SN39040,11.09.2022 12:20,64.4
Kjevik,SN39040,11.09.2022 12:50,64.4
Kjevik,SN39040,11.09.2022 13:20,64.4
Kjevik,SN39040,11.09.2022 13:50,66.2
Kjevik,SN39040,11.09.2022 14:20,66.2
Kjevik,SN39040,11.09.2022 14:50,66.2
Kjevik,SN39040,11.09.2022 15:20,66.2
Kjevik,SN39040,11.09.2022 15:50,66.2
Kjevik,SN39040,11.09.2022 16:20,66.2
Kjevik,SN39040,11.09.2022 16:50,68.0
Kjevik,SN39040,11.09.2022 17:20,66.2
Kjevik,SN39040,11.09.2022 17:50,66.2
Kjevik,SN39040,11.09.2022 18:20,64.4
Kjevik,SN39040,11.09.2022 18:50,62.6
Kjevik,SN39040,11.09.2022 19:20,60.8
Kjevik,SN39040,11.09.2022 19:50,57.2
Kjevik,SN39040,11.09.2022 20:20,53.6
Kjevik,SN39040,11.09.2022 20:50,53.6
Kjevik,SN39040,11.09.2022 21:20,51.8
Kjevik,SN39040,11.09.2022 21:50,51.8
Kjevik,SN39040,11.09.2022 22:20,51.8
Kjevik,SN39040,11.09.2022 22:50,51.8
Kjevik,SN39040,11.09.2022 23:20,50.0
Kjevik,SN39040,11.09.2022 23:50,50.0
Kjevik,SN39040,12.09.2022 00:20,50.0
Kjevik,SN39040,12.09.2022 00:50,50.0
Kjevik,SN39040,12.09.2022 01:20,48.2
Kjevik,SN39040,12.09.2022 01:50,50.0
Kjevik,SN39040,12.09.2022 02:20,50.0
Kjevik,SN39040,12.09.2022 02:50,48.2
Kjevik,SN39040,12.09.2022 03:20,48.2
Kjevik,SN39040,12.09.2022 03:50,48.2
Kjevik,SN39040,12.09.2022 04:20,48.2
Kjevik,SN39040,12.09.2022 04:50,48.2
Kjevik,SN39040,12.09.2022 05:20,48.2
Kjevik,SN39040,12.09.2022 05:50,50.0
Kjevik,SN39040,12.09.2022 06:20,50.0
Kjevik,SN39040,12.09.2022 06:50,50.0
Kjevik,SN39040,12.09.2022 07:20,50.0
Kjevik,SN39040,12.09.2022 07:50,51.8
Kjevik,SN39040,12.09.2022 08:20,51.8
Kjevik,SN39040,12.09.2022 08:50,53.6
Kjevik,SN39040,12.09.2022 09:20,57.2
Kjevik,SN39040,12.09.2022 09:50,59.0
Kjevik,SN39040,12.09.2022 10:20,59.0
Kjevik,SN39040,12.09.2022 10:50,59.0
Kjevik,SN39040,12.09.2022 11:20,60.8
Kjevik,SN39040,12.09.2022 11:50,60.8
Kjevik,SN39040,12.09.2022 12:20,60.8
Kjevik,SN39040,12.09.2022 12:50,60.8
Kjevik,SN39040,12.09.2022 13:20,60.8
Kjevik,SN39040,12.09.2022 13:50,60.8
Kjevik,SN39040,12.09.2022 14:20,60.8
Kjevik,SN39040,12.09.2022 14:50,60.8
Kjevik,SN39040,12.09.2022 15:20,60.8
Kjevik,SN39040,12.09.2022 15:50,60.8
Kjevik,SN39040,12.09.2022 16:20,60.8
Kjevik,SN39040,12.09.2022 16:50,60.8
Kjevik,SN39040,12.09.2022 17:20,60.8
Kjevik,SN39040,12.09.2022 17:50,60.8
Kjevik,SN39040,12.09.2022 18:20,60.8
Kjevik,SN39040,12.09.2022 18:50,60.8
Kjevik,SN39040,12.09.2022 19:20,60.8
Kjevik,SN39040,12.09.2022 19:50,60.8
Kjevik,SN39040,12.09.2022 20:20,60.8
Kjevik,SN39040,12.09.2022 20:50,60.8
Kjevik,SN39040,12.09.2022 21:20,60.8
Kjevik,SN39040,12.09.2022 21:50,60.8
Kjevik,SN39040,12.09.2022 22:20,59.0
Kjevik,SN39040,12.09.2022 22:50,59.0
Kjevik,SN39040,13.09.2022 01:50,55.4
Kjevik,SN39040,13.09.2022 02:20,55.4
Kjevik,SN39040,13.09.2022 02:50,53.6
Kjevik,SN39040,13.09.2022 03:20,53.6
Kjevik,SN39040,13.09.2022 03:50,53.6
Kjevik,SN39040,13.09.2022 04:20,53.6
Kjevik,SN39040,13.09.2022 04:50,53.6
Kjevik,SN39040,13.09.2022 05:20,51.8
Kjevik,SN39040,13.09.2022 05:50,51.8
Kjevik,SN39040,13.09.2022 06:20,51.8
Kjevik,SN39040,13.09.2022 06:50,51.8
Kjevik,SN39040,13.09.2022 07:20,51.8
Kjevik,SN39040,13.09.2022 07:50,53.6
Kjevik,SN39040,13.09.2022 08:20,53.6
Kjevik,SN39040,13.09.2022 08:50,55.4
Kjevik,SN39040,13.09.2022 09:20,57.2
Kjevik,SN39040,13.09.2022 09:50,57.2
Kjevik,SN39040,13.09.2022 10:20,57.2
Kjevik,SN39040,13.09.2022 10:50,60.8
Kjevik,SN39040,13.09.2022 11:20,60.8
Kjevik,SN39040,13.09.2022 11:50,60.8
Kjevik,SN39040,13.09.2022 12:20,62.6
Kjevik,SN39040,13.09.2022 12:50,64.4
Kjevik,SN39040,13.09.2022 13:20,62.6
Kjevik,SN39040,13.09.2022 13:50,64.4
Kjevik,SN39040,13.09.2022 14:20,64.4
Kjevik,SN39040,13.09.2022 14:50,64.4
Kjevik,SN39040,13.09.2022 15:20,62.6
Kjevik,SN39040,13.09.2022 15:50,62.6
Kjevik,SN39040,13.09.2022 16:20,62.6
Kjevik,SN39040,13.09.2022 16:50,64.4
Kjevik,SN39040,13.09.2022 17:20,64.4
Kjevik,SN39040,13.09.2022 17:50,62.6
Kjevik,SN39040,13.09.2022 18:20,62.6
Kjevik,SN39040,13.09.2022 18:50,62.6
Kjevik,SN39040,13.09.2022 19:20,60.8
Kjevik,SN39040,13.09.2022 19:50,60.8
Kjevik,SN39040,13.09.2022 20:20,59.0
Kjevik,SN39040,13.09.2022 20:50,59.0
Kjevik,SN39040,13.09.2022 21:20,57.2
Kjevik,SN39040,13.09.2022 21:50,57.2
Kjevik,SN39040,13.09.2022 22:20,57.2
Kjevik,SN39040,13.09.2022 22:50,55.4
Kjevik,SN39040,13.09.2022 23:20,55.4
Kjevik,SN39040,13.09.2022 23:50,55.4
Kjevik,SN39040,14.09.2022 00:20,55.4
Kjevik,SN39040,14.09.2022 00:50,55.4
Kjevik,SN39040,14.09.2022 01:20,57.2
Kjevik,SN39040,14.09.2022 01:50,57.2
Kjevik,SN39040,14.09.2022 02:20,55.4
Kjevik,SN39040,14.09.2022 02:50,55.4
Kjevik,SN39040,14.09.2022 03:20,55.4
Kjevik,SN39040,14.09.2022 03:50,55.4
Kjevik,SN39040,14.09.2022 04:20,55.4
Kjevik,SN39040,14.09.2022 04:50,55.4
Kjevik,SN39040,14.09.2022 05:20,55.4
Kjevik,SN39040,14.09.2022 05:50,55.4
Kjevik,SN39040,14.09.2022 06:20,55.4
Kjevik,SN39040,14.09.2022 06:50,55.4
Kjevik,SN39040,14.09.2022 07:20,57.2
Kjevik,SN39040,14.09.2022 07:50,57.2
Kjevik,SN39040,14.09.2022 08:20,59.0
Kjevik,SN39040,14.09.2022 08:50,59.0
Kjevik,SN39040,14.09.2022 09:20,60.8
Kjevik,SN39040,14.09.2022 09:50,60.8
Kjevik,SN39040,14.09.2022 10:20,60.8
Kjevik,SN39040,14.09.2022 10:50,60.8
Kjevik,SN39040,14.09.2022 11:20,62.6
Kjevik,SN39040,14.09.2022 11:50,64.4
Kjevik,SN39040,14.09.2022 12:20,60.8
Kjevik,SN39040,14.09.2022 12:50,62.6
Kjevik,SN39040,14.09.2022 13:20,62.6
Kjevik,SN39040,14.09.2022 13:50,62.6
Kjevik,SN39040,14.09.2022 14:20,62.6
Kjevik,SN39040,14.09.2022 14:50,62.6
Kjevik,SN39040,14.09.2022 15:20,62.6
Kjevik,SN39040,14.09.2022 15:50,62.6
Kjevik,SN39040,14.09.2022 16:20,62.6
Kjevik,SN39040,14.09.2022 16:50,60.8
Kjevik,SN39040,14.09.2022 17:20,60.8
Kjevik,SN39040,14.09.2022 17:50,60.8
Kjevik,SN39040,14.09.2022 18:20,59.0
Kjevik,SN39040,14.09.2022 18:50,57.2
Kjevik,SN39040,14.09.2022 19:20,55.4
Kjevik,SN39040,14.09.2022 19:50,55.4
Kjevik,SN39040,14.09.2022 20:20,53.6
Kjevik,SN39040,14.09.2022 20:50,53.6
Kjevik,SN39040,14.09.2022 21:20,51.8
Kjevik,SN39040,14.09.2022 21:50,51.8
Kjevik,SN39040,14.09.2022 22:20,53.6
Kjevik,SN39040,14.09.2022 22:50,53.6
Kjevik,SN39040,14.09.2022 23:20,51.8
Kjevik,SN39040,14.09.2022 23:50,51.8
Kjevik,SN39040,15.09.2022 00:20,51.8
Kjevik,SN39040,15.09.2022 00:50,51.8
Kjevik,SN39040,15.09.2022 01:20,51.8
Kjevik,SN39040,15.09.2022 01:50,51.8
Kjevik,SN39040,15.09.2022 02:20,51.8
Kjevik,SN39040,15.09.2022 02:50,51.8
Kjevik,SN39040,15.09.2022 03:20,51.8
Kjevik,SN39040,15.09.2022 03:50,51.8
Kjevik,SN39040,15.09.2022 04:20,51.8
Kjevik,SN39040,15.09.2022 04:50,51.8
Kjevik,SN39040,15.09.2022 05:20,51.8
Kjevik,SN39040,15.09.2022 05:50,51.8
Kjevik,SN39040,15.09.2022 06:20,51.8
Kjevik,SN39040,15.09.2022 06:50,51.8
Kjevik,SN39040,15.09.2022 07:20,53.6
Kjevik,SN39040,15.09.2022 07:50,53.6
Kjevik,SN39040,15.09.2022 08:20,55.4
Kjevik,SN39040,15.09.2022 08:50,55.4
Kjevik,SN39040,15.09.2022 09:20,59.0
Kjevik,SN39040,15.09.2022 09:50,59.0
Kjevik,SN39040,15.09.2022 10:20,59.0
Kjevik,SN39040,15.09.2022 10:50,59.0
Kjevik,SN39040,15.09.2022 11:20,60.8
Kjevik,SN39040,15.09.2022 11:50,60.8
Kjevik,SN39040,15.09.2022 12:20,62.6
Kjevik,SN39040,15.09.2022 12:50,60.8
Kjevik,SN39040,15.09.2022 13:20,60.8
Kjevik,SN39040,15.09.2022 13:50,60.8
Kjevik,SN39040,15.09.2022 14:20,62.6
Kjevik,SN39040,15.09.2022 14:50,60.8
Kjevik,SN39040,15.09.2022 15:20,60.8
Kjevik,SN39040,15.09.2022 15:50,60.8
Kjevik,SN39040,15.09.2022 16:20,59.0
Kjevik,SN39040,15.09.2022 16:50,59.0
Kjevik,SN39040,15.09.2022 17:20,57.2
Kjevik,SN39040,15.09.2022 17:50,55.4
Kjevik,SN39040,15.09.2022 18:20,55.4
Kjevik,SN39040,15.09.2022 18:50,53.6
Kjevik,SN39040,15.09.2022 19:20,53.6
Kjevik,SN39040,15.09.2022 19:50,51.8
Kjevik,SN39040,15.09.2022 20:20,53.6
Kjevik,SN39040,15.09.2022 20:50,53.6
Kjevik,SN39040,15.09.2022 21:20,53.6
Kjevik,SN39040,15.09.2022 21:50,51.8
Kjevik,SN39040,15.09.2022 22:20,51.8
Kjevik,SN39040,15.09.2022 22:50,51.8
Kjevik,SN39040,15.09.2022 23:20,51.8
Kjevik,SN39040,15.09.2022 23:50,51.8
Kjevik,SN39040,16.09.2022 00:20,51.8
Kjevik,SN39040,16.09.2022 00:50,51.8
Kjevik,SN39040,16.09.2022 01:20,51.8
Kjevik,SN39040,16.09.2022 01:50,46.4
Kjevik,SN39040,16.09.2022 02:20,46.4
Kjevik,SN39040,16.09.2022 02:50,46.4
Kjevik,SN39040,16.09.2022 03:20,46.4
Kjevik,SN39040,16.09.2022 03:50,44.6
Kjevik,SN39040,16.09.2022 04:20,42.8
Kjevik,SN39040,16.09.2022 04:50,42.8
Kjevik,SN39040,16.09.2022 05:20,42.8
Kjevik,SN39040,16.09.2022 05:50,42.8
Kjevik,SN39040,16.09.2022 06:20,42.8
Kjevik,SN39040,16.09.2022 06:50,44.6
Kjevik,SN39040,16.09.2022 07:20,48.2
Kjevik,SN39040,16.09.2022 07:50,51.8
Kjevik,SN39040,16.09.2022 08:20,53.6
Kjevik,SN39040,16.09.2022 08:50,55.4
Kjevik,SN39040,16.09.2022 09:20,55.4
Kjevik,SN39040,16.09.2022 09:50,57.2
Kjevik,SN39040,16.09.2022 10:20,59.0
Kjevik,SN39040,16.09.2022 10:50,60.8
Kjevik,SN39040,16.09.2022 11:20,62.6
Kjevik,SN39040,16.09.2022 11:50,62.6
Kjevik,SN39040,16.09.2022 12:20,64.4
Kjevik,SN39040,16.09.2022 12:50,64.4
Kjevik,SN39040,16.09.2022 13:20,64.4
Kjevik,SN39040,16.09.2022 13:50,60.8
Kjevik,SN39040,16.09.2022 14:20,64.4
Kjevik,SN39040,16.09.2022 14:50,60.8
Kjevik,SN39040,16.09.2022 15:20,64.4
Kjevik,SN39040,16.09.2022 15:50,62.6
Kjevik,SN39040,16.09.2022 16:20,62.6
Kjevik,SN39040,16.09.2022 16:50,57.2
Kjevik,SN39040,16.09.2022 17:20,59.0
Kjevik,SN39040,16.09.2022 17:50,57.2
Kjevik,SN39040,16.09.2022 18:20,55.4
Kjevik,SN39040,16.09.2022 18:50,55.4
Kjevik,SN39040,16.09.2022 19:20,51.8
Kjevik,SN39040,16.09.2022 19:50,50.0
Kjevik,SN39040,16.09.2022 20:20,50.0
Kjevik,SN39040,16.09.2022 20:50,57.2
Kjevik,SN39040,16.09.2022 21:20,55.4
Kjevik,SN39040,16.09.2022 21:50,55.4
Kjevik,SN39040,16.09.2022 22:20,55.4
Kjevik,SN39040,16.09.2022 22:50,55.4
Kjevik,SN39040,16.09.2022 23:20,55.4
Kjevik,SN39040,16.09.2022 23:50,53.6
Kjevik,SN39040,17.09.2022 00:20,53.6
Kjevik,SN39040,17.09.2022 00:50,51.8
Kjevik,SN39040,17.09.2022 01:20,51.8
Kjevik,SN39040,17.09.2022 01:50,51.8
Kjevik,SN39040,17.09.2022 02:20,50.0
Kjevik,SN39040,17.09.2022 02:50,50.0
Kjevik,SN39040,17.09.2022 03:20,48.2
Kjevik,SN39040,17.09.2022 03:50,50.0
Kjevik,SN39040,17.09.2022 04:20,50.0
Kjevik,SN39040,17.09.2022 04:50,48.2
Kjevik,SN39040,17.09.2022 05:20,46.4
Kjevik,SN39040,17.09.2022 05:50,48.2
Kjevik,SN39040,17.09.2022 06:20,50.0
Kjevik,SN39040,17.09.2022 06:50,53.6
Kjevik,SN39040,17.09.2022 07:20,55.4
Kjevik,SN39040,17.09.2022 07:50,55.4
Kjevik,SN39040,17.09.2022 08:20,57.2
Kjevik,SN39040,17.09.2022 08:50,57.2
Kjevik,SN39040,17.09.2022 09:20,57.2
Kjevik,SN39040,17.09.2022 09:50,59.0
Kjevik,SN39040,17.09.2022 10:20,59.0
Kjevik,SN39040,17.09.2022 10:50,59.0
Kjevik,SN39040,17.09.2022 11:20,60.8
Kjevik,SN39040,17.09.2022 11:50,60.8
Kjevik,SN39040,17.09.2022 12:20,60.8
Kjevik,SN39040,17.09.2022 12:50,62.6
Kjevik,SN39040,17.09.2022 13:20,64.4
Kjevik,SN39040,17.09.2022 13:50,64.4
Kjevik,SN39040,17.09.2022 14:20,64.4
Kjevik,SN39040,17.09.2022 14:50,66.2
Kjevik,SN39040,17.09.2022 15:20,66.2
Kjevik,SN39040,17.09.2022 15:50,66.2
Kjevik,SN39040,17.09.2022 16:20,66.2
Kjevik,SN39040,17.09.2022 16:50,60.8
Kjevik,SN39040,17.09.2022 17:20,60.8
Kjevik,SN39040,17.09.2022 17:50,62.6
Kjevik,SN39040,17.09.2022 18:20,60.8
Kjevik,SN39040,17.09.2022 18:50,59.0
Kjevik,SN39040,17.09.2022 19:20,59.0
Kjevik,SN39040,17.09.2022 19:50,57.2
Kjevik,SN39040,17.09.2022 20:20,57.2
Kjevik,SN39040,17.09.2022 20:50,55.4
Kjevik,SN39040,17.09.2022 21:20,55.4
Kjevik,SN39040,17.09.2022 21:50,55.4
Kjevik,SN39040,17.09.2022 22:20,53.6
Kjevik,SN39040,17.09.2022 22:50,53.6
Kjevik,SN39040,17.09.2022 23:20,53.6
Kjevik,SN39040,17.09.2022 23:50,53.6
Kjevik,SN39040,18.09.2022 00:20,53.6
Kjevik,SN39040,18.09.2022 00:50,53.6
Kjevik,SN39040,18.09.2022 01:20,53.6
Kjevik,SN39040,18.09.2022 01:50,53.6
Kjevik,SN39040,18.09.2022 02:20,53.6
Kjevik,SN39040,18.09.2022 02:50,53.6
Kjevik,SN39040,18.09.2022 03:20,53.6
Kjevik,SN39040,18.09.2022 03:50,51.8
Kjevik,SN39040,18.09.2022 04:20,51.8
Kjevik,SN39040,18.09.2022 04:50,51.8
Kjevik,SN39040,18.09.2022 05:20,51.8
Kjevik,SN39040,18.09.2022 05:50,50.0
Kjevik,SN39040,18.09.2022 06:20,50.0
Kjevik,SN39040,18.09.2022 06:50,48.2
Kjevik,SN39040,18.09.2022 07:20,50.0
Kjevik,SN39040,18.09.2022 07:50,50.0
Kjevik,SN39040,18.09.2022 08:20,51.8
Kjevik,SN39040,18.09.2022 08:50,53.6
Kjevik,SN39040,18.09.2022 09:20,57.2
Kjevik,SN39040,18.09.2022 09:50,57.2
Kjevik,SN39040,18.09.2022 10:20,59.0
Kjevik,SN39040,18.09.2022 10:50,59.0
Kjevik,SN39040,18.09.2022 11:20,60.8
Kjevik,SN39040,18.09.2022 11:50,62.6
Kjevik,SN39040,18.09.2022 12:20,60.8
Kjevik,SN39040,18.09.2022 12:50,62.6
Kjevik,SN39040,18.09.2022 13:20,62.6
Kjevik,SN39040,18.09.2022 13:50,64.4
Kjevik,SN39040,18.09.2022 14:20,64.4
Kjevik,SN39040,18.09.2022 14:50,62.6
Kjevik,SN39040,18.09.2022 15:20,60.8
Kjevik,SN39040,18.09.2022 15:50,60.8
Kjevik,SN39040,18.09.2022 16:20,59.0
Kjevik,SN39040,18.09.2022 16:50,60.8
Kjevik,SN39040,18.09.2022 17:20,59.0
Kjevik,SN39040,18.09.2022 17:50,55.4
Kjevik,SN39040,18.09.2022 18:20,53.6
Kjevik,SN39040,18.09.2022 18:50,51.8
Kjevik,SN39040,18.09.2022 19:20,50.0
Kjevik,SN39040,18.09.2022 19:50,50.0
Kjevik,SN39040,18.09.2022 20:20,50.0
Kjevik,SN39040,18.09.2022 20:50,50.0
Kjevik,SN39040,18.09.2022 21:20,48.2
Kjevik,SN39040,18.09.2022 21:50,46.4
Kjevik,SN39040,18.09.2022 22:20,46.4
Kjevik,SN39040,18.09.2022 22:50,46.4
Kjevik,SN39040,18.09.2022 23:20,44.6
Kjevik,SN39040,18.09.2022 23:50,44.6
Kjevik,SN39040,19.09.2022 00:20,44.6
Kjevik,SN39040,19.09.2022 00:50,42.8
Kjevik,SN39040,19.09.2022 01:20,44.6
Kjevik,SN39040,19.09.2022 01:50,44.6
Kjevik,SN39040,19.09.2022 02:20,42.8
Kjevik,SN39040,19.09.2022 02:50,41.0
Kjevik,SN39040,19.09.2022 03:20,42.8
Kjevik,SN39040,19.09.2022 03:50,44.6
Kjevik,SN39040,19.09.2022 04:20,42.8
Kjevik,SN39040,19.09.2022 04:50,42.8
Kjevik,SN39040,19.09.2022 05:20,42.8
Kjevik,SN39040,19.09.2022 05:50,42.8
Kjevik,SN39040,19.09.2022 06:20,42.8
Kjevik,SN39040,19.09.2022 06:50,44.6
Kjevik,SN39040,19.09.2022 07:20,46.4
Kjevik,SN39040,19.09.2022 07:50,48.2
Kjevik,SN39040,19.09.2022 08:20,51.8
Kjevik,SN39040,19.09.2022 08:50,53.6
Kjevik,SN39040,19.09.2022 09:20,57.2
Kjevik,SN39040,19.09.2022 09:50,57.2
Kjevik,SN39040,19.09.2022 10:20,57.2
Kjevik,SN39040,19.09.2022 10:50,59.0
Kjevik,SN39040,19.09.2022 11:20,59.0
Kjevik,SN39040,19.09.2022 11:50,60.8
Kjevik,SN39040,19.09.2022 12:20,60.8
Kjevik,SN39040,19.09.2022 12:50,59.0
Kjevik,SN39040,19.09.2022 13:20,60.8
Kjevik,SN39040,19.09.2022 13:50,60.8
Kjevik,SN39040,19.09.2022 14:20,59.0
Kjevik,SN39040,19.09.2022 14:50,53.6
Kjevik,SN39040,19.09.2022 15:20,59.0
Kjevik,SN39040,19.09.2022 15:50,57.2
Kjevik,SN39040,19.09.2022 16:20,59.0
Kjevik,SN39040,19.09.2022 16:50,57.2
Kjevik,SN39040,19.09.2022 17:20,57.2
Kjevik,SN39040,19.09.2022 17:50,57.2
Kjevik,SN39040,19.09.2022 18:20,53.6
Kjevik,SN39040,19.09.2022 18:50,50.0
Kjevik,SN39040,19.09.2022 19:20,51.8
Kjevik,SN39040,19.09.2022 19:50,48.2
Kjevik,SN39040,19.09.2022 20:20,46.4
Kjevik,SN39040,19.09.2022 20:50,44.6
Kjevik,SN39040,19.09.2022 21:20,44.6
Kjevik,SN39040,19.09.2022 21:50,44.6
Kjevik,SN39040,19.09.2022 22:20,44.6
Kjevik,SN39040,19.09.2022 22:50,44.6
Kjevik,SN39040,19.09.2022 23:20,41.0
Kjevik,SN39040,19.09.2022 23:50,42.8
Kjevik,SN39040,20.09.2022 00:20,42.8
Kjevik,SN39040,20.09.2022 00:50,42.8
Kjevik,SN39040,20.09.2022 01:20,42.8
Kjevik,SN39040,20.09.2022 01:50,41.0
Kjevik,SN39040,20.09.2022 02:20,42.8
Kjevik,SN39040,20.09.2022 02:50,39.2
Kjevik,SN39040,20.09.2022 03:20,41.0
Kjevik,SN39040,20.09.2022 03:50,39.2
Kjevik,SN39040,20.09.2022 04:20,37.4
Kjevik,SN39040,20.09.2022 04:50,39.2
Kjevik,SN39040,20.09.2022 05:20,39.2
Kjevik,SN39040,20.09.2022 05:50,39.2
Kjevik,SN39040,20.09.2022 06:20,37.4
Kjevik,SN39040,20.09.2022 06:50,39.2
Kjevik,SN39040,20.09.2022 07:20,41.0
Kjevik,SN39040,20.09.2022 07:50,42.8
Kjevik,SN39040,20.09.2022 08:20,46.4
Kjevik,SN39040,20.09.2022 08:50,48.2
Kjevik,SN39040,20.09.2022 09:20,51.8
Kjevik,SN39040,20.09.2022 09:50,53.6
Kjevik,SN39040,20.09.2022 10:20,55.4
Kjevik,SN39040,20.09.2022 10:50,55.4
Kjevik,SN39040,20.09.2022 11:20,57.2
Kjevik,SN39040,20.09.2022 11:50,57.2
Kjevik,SN39040,20.09.2022 12:20,59.0
Kjevik,SN39040,20.09.2022 12:50,59.0
Kjevik,SN39040,20.09.2022 13:20,59.0
Kjevik,SN39040,20.09.2022 13:50,59.0
Kjevik,SN39040,20.09.2022 14:20,57.2
Kjevik,SN39040,20.09.2022 14:50,57.2
Kjevik,SN39040,20.09.2022 15:20,57.2
Kjevik,SN39040,20.09.2022 15:50,57.2
Kjevik,SN39040,20.09.2022 16:20,57.2
Kjevik,SN39040,20.09.2022 16:50,57.2
Kjevik,SN39040,20.09.2022 17:20,55.4
Kjevik,SN39040,20.09.2022 17:50,57.2
Kjevik,SN39040,20.09.2022 18:20,55.4
Kjevik,SN39040,20.09.2022 18:50,53.6
Kjevik,SN39040,20.09.2022 19:20,53.6
Kjevik,SN39040,20.09.2022 19:50,53.6
Kjevik,SN39040,20.09.2022 20:20,48.2
Kjevik,SN39040,20.09.2022 20:50,46.4
Kjevik,SN39040,20.09.2022 21:20,44.6
Kjevik,SN39040,20.09.2022 21:50,44.6
Kjevik,SN39040,20.09.2022 22:20,44.6
Kjevik,SN39040,20.09.2022 22:50,42.8
Kjevik,SN39040,20.09.2022 23:20,42.8
Kjevik,SN39040,20.09.2022 23:50,41.0
Kjevik,SN39040,21.09.2022 00:20,41.0
Kjevik,SN39040,21.09.2022 00:50,42.8
Kjevik,SN39040,21.09.2022 01:20,41.0
Kjevik,SN39040,21.09.2022 01:50,41.0
Kjevik,SN39040,21.09.2022 02:20,41.0
Kjevik,SN39040,21.09.2022 02:50,39.2
Kjevik,SN39040,21.09.2022 03:20,37.4
Kjevik,SN39040,21.09.2022 03:50,39.2
Kjevik,SN39040,21.09.2022 04:20,37.4
Kjevik,SN39040,21.09.2022 04:50,37.4
Kjevik,SN39040,21.09.2022 05:20,37.4
Kjevik,SN39040,21.09.2022 05:50,37.4
Kjevik,SN39040,21.09.2022 06:20,35.6
Kjevik,SN39040,21.09.2022 06:50,37.4
Kjevik,SN39040,21.09.2022 07:20,37.4
Kjevik,SN39040,21.09.2022 07:50,39.2
Kjevik,SN39040,21.09.2022 08:20,44.6
Kjevik,SN39040,21.09.2022 08:50,46.4
Kjevik,SN39040,21.09.2022 09:20,48.2
Kjevik,SN39040,21.09.2022 09:50,50.0
Kjevik,SN39040,21.09.2022 10:20,51.8
Kjevik,SN39040,21.09.2022 10:50,53.6
Kjevik,SN39040,21.09.2022 11:20,53.6
Kjevik,SN39040,21.09.2022 11:50,57.2
Kjevik,SN39040,21.09.2022 12:20,59.0
Kjevik,SN39040,21.09.2022 12:50,59.0
Kjevik,SN39040,21.09.2022 13:20,59.0
Kjevik,SN39040,21.09.2022 13:50,60.8
Kjevik,SN39040,21.09.2022 14:20,60.8
Kjevik,SN39040,21.09.2022 14:50,60.8
Kjevik,SN39040,21.09.2022 15:20,60.8
Kjevik,SN39040,21.09.2022 15:50,60.8
Kjevik,SN39040,21.09.2022 16:20,60.8
Kjevik,SN39040,21.09.2022 16:50,59.0
Kjevik,SN39040,21.09.2022 17:20,59.0
Kjevik,SN39040,21.09.2022 17:50,57.2
Kjevik,SN39040,21.09.2022 18:20,55.4
Kjevik,SN39040,21.09.2022 18:50,51.8
Kjevik,SN39040,21.09.2022 19:20,50.0
Kjevik,SN39040,21.09.2022 19:50,50.0
Kjevik,SN39040,21.09.2022 20:20,48.2
Kjevik,SN39040,21.09.2022 20:50,48.2
Kjevik,SN39040,21.09.2022 21:20,46.4
Kjevik,SN39040,21.09.2022 21:50,44.6
Kjevik,SN39040,21.09.2022 22:20,46.4
Kjevik,SN39040,21.09.2022 22:50,44.6
Kjevik,SN39040,21.09.2022 23:20,44.6
Kjevik,SN39040,21.09.2022 23:50,44.6
Kjevik,SN39040,22.09.2022 00:20,42.8
Kjevik,SN39040,22.09.2022 00:50,42.8
Kjevik,SN39040,22.09.2022 01:20,44.6
Kjevik,SN39040,22.09.2022 01:50,44.6
Kjevik,SN39040,22.09.2022 02:20,44.6
Kjevik,SN39040,22.09.2022 02:50,46.4
Kjevik,SN39040,22.09.2022 03:20,46.4
Kjevik,SN39040,22.09.2022 03:50,46.4
Kjevik,SN39040,22.09.2022 04:20,46.4
Kjevik,SN39040,22.09.2022 04:50,46.4
Kjevik,SN39040,22.09.2022 05:20,46.4
Kjevik,SN39040,22.09.2022 05:50,46.4
Kjevik,SN39040,22.09.2022 06:20,48.2
Kjevik,SN39040,22.09.2022 06:50,48.2
Kjevik,SN39040,22.09.2022 07:20,48.2
Kjevik,SN39040,22.09.2022 07:50,48.2
Kjevik,SN39040,22.09.2022 08:20,50.0
Kjevik,SN39040,22.09.2022 08:50,50.0
Kjevik,SN39040,22.09.2022 09:20,51.8
Kjevik,SN39040,22.09.2022 09:50,51.8
Kjevik,SN39040,22.09.2022 10:20,51.8
Kjevik,SN39040,22.09.2022 10:50,53.6
Kjevik,SN39040,22.09.2022 11:20,57.2
Kjevik,SN39040,22.09.2022 11:50,59.0
Kjevik,SN39040,22.09.2022 12:20,59.0
Kjevik,SN39040,22.09.2022 12:50,59.0
Kjevik,SN39040,22.09.2022 13:20,59.0
Kjevik,SN39040,22.09.2022 13:50,59.0
Kjevik,SN39040,22.09.2022 14:20,59.0
Kjevik,SN39040,22.09.2022 14:50,59.0
Kjevik,SN39040,22.09.2022 15:20,59.0
Kjevik,SN39040,22.09.2022 15:50,59.0
Kjevik,SN39040,22.09.2022 16:20,59.0
Kjevik,SN39040,22.09.2022 16:50,59.0
Kjevik,SN39040,22.09.2022 17:20,59.0
Kjevik,SN39040,22.09.2022 17:50,59.0
Kjevik,SN39040,22.09.2022 18:20,57.2
Kjevik,SN39040,22.09.2022 18:50,57.2
Kjevik,SN39040,22.09.2022 19:20,59.0
Kjevik,SN39040,22.09.2022 19:50,57.2
Kjevik,SN39040,22.09.2022 20:20,57.2
Kjevik,SN39040,22.09.2022 20:50,57.2
Kjevik,SN39040,22.09.2022 21:20,57.2
Kjevik,SN39040,22.09.2022 21:50,57.2
Kjevik,SN39040,22.09.2022 22:20,57.2
Kjevik,SN39040,22.09.2022 22:50,59.0
Kjevik,SN39040,22.09.2022 23:20,57.2
Kjevik,SN39040,22.09.2022 23:50,57.2
Kjevik,SN39040,23.09.2022 00:20,57.2
Kjevik,SN39040,23.09.2022 00:50,59.0
Kjevik,SN39040,23.09.2022 01:20,57.2
Kjevik,SN39040,23.09.2022 02:50,57.2
Kjevik,SN39040,23.09.2022 03:20,57.2
Kjevik,SN39040,23.09.2022 03:50,57.2
Kjevik,SN39040,23.09.2022 04:20,57.2
Kjevik,SN39040,23.09.2022 04:50,57.2
Kjevik,SN39040,23.09.2022 05:20,57.2
Kjevik,SN39040,23.09.2022 05:50,57.2
Kjevik,SN39040,23.09.2022 06:20,57.2
Kjevik,SN39040,23.09.2022 06:50,57.2
Kjevik,SN39040,23.09.2022 07:20,57.2
Kjevik,SN39040,23.09.2022 07:50,57.2
Kjevik,SN39040,23.09.2022 08:20,57.2
Kjevik,SN39040,23.09.2022 08:50,57.2
Kjevik,SN39040,23.09.2022 09:20,57.2
Kjevik,SN39040,23.09.2022 09:50,57.2
Kjevik,SN39040,23.09.2022 10:20,57.2
Kjevik,SN39040,23.09.2022 10:50,57.2
Kjevik,SN39040,23.09.2022 11:20,57.2
Kjevik,SN39040,23.09.2022 11:50,55.4
Kjevik,SN39040,23.09.2022 12:20,57.2
Kjevik,SN39040,23.09.2022 12:50,57.2
Kjevik,SN39040,23.09.2022 13:20,59.0
Kjevik,SN39040,23.09.2022 13:50,59.0
Kjevik,SN39040,23.09.2022 14:20,59.0
Kjevik,SN39040,23.09.2022 14:50,57.2
Kjevik,SN39040,23.09.2022 15:20,59.0
Kjevik,SN39040,23.09.2022 15:50,59.0
Kjevik,SN39040,23.09.2022 16:20,60.8
Kjevik,SN39040,23.09.2022 16:50,59.0
Kjevik,SN39040,23.09.2022 17:20,59.0
Kjevik,SN39040,23.09.2022 17:50,59.0
Kjevik,SN39040,23.09.2022 18:20,57.2
Kjevik,SN39040,23.09.2022 18:50,53.6
Kjevik,SN39040,23.09.2022 19:20,51.8
Kjevik,SN39040,23.09.2022 19:50,50.0
Kjevik,SN39040,23.09.2022 20:20,48.2
Kjevik,SN39040,23.09.2022 20:50,48.2
Kjevik,SN39040,23.09.2022 21:20,48.2
Kjevik,SN39040,23.09.2022 21:50,46.4
Kjevik,SN39040,23.09.2022 22:20,46.4
Kjevik,SN39040,23.09.2022 22:50,48.2
Kjevik,SN39040,23.09.2022 23:20,46.4
Kjevik,SN39040,23.09.2022 23:50,46.4
Kjevik,SN39040,24.09.2022 00:20,44.6
Kjevik,SN39040,24.09.2022 00:50,44.6
Kjevik,SN39040,24.09.2022 01:20,42.8
Kjevik,SN39040,24.09.2022 01:50,42.8
Kjevik,SN39040,24.09.2022 02:20,42.8
Kjevik,SN39040,24.09.2022 02:50,42.8
Kjevik,SN39040,24.09.2022 03:20,41.0
Kjevik,SN39040,24.09.2022 03:50,41.0
Kjevik,SN39040,24.09.2022 04:20,41.0
Kjevik,SN39040,24.09.2022 04:50,41.0
Kjevik,SN39040,24.09.2022 05:20,39.2
Kjevik,SN39040,24.09.2022 05:50,41.0
Kjevik,SN39040,24.09.2022 06:20,39.2
Kjevik,SN39040,24.09.2022 06:50,39.2
Kjevik,SN39040,24.09.2022 07:20,41.0
Kjevik,SN39040,24.09.2022 07:50,44.6
Kjevik,SN39040,24.09.2022 08:20,48.2
Kjevik,SN39040,24.09.2022 08:50,50.0
Kjevik,SN39040,24.09.2022 09:20,53.6
Kjevik,SN39040,24.09.2022 09:50,55.4
Kjevik,SN39040,24.09.2022 10:20,57.2
Kjevik,SN39040,24.09.2022 10:50,59.0
Kjevik,SN39040,24.09.2022 11:20,59.0
Kjevik,SN39040,24.09.2022 11:50,60.8
Kjevik,SN39040,24.09.2022 12:20,59.0
Kjevik,SN39040,24.09.2022 12:50,60.8
Kjevik,SN39040,24.09.2022 13:20,59.0
Kjevik,SN39040,24.09.2022 13:50,59.0
Kjevik,SN39040,24.09.2022 14:20,60.8
Kjevik,SN39040,24.09.2022 14:50,62.6
Kjevik,SN39040,24.09.2022 15:20,60.8
Kjevik,SN39040,24.09.2022 15:50,60.8
Kjevik,SN39040,24.09.2022 16:20,57.2
Kjevik,SN39040,24.09.2022 16:50,57.2
Kjevik,SN39040,24.09.2022 17:20,55.4
Kjevik,SN39040,24.09.2022 17:50,55.4
Kjevik,SN39040,24.09.2022 18:20,55.4
Kjevik,SN39040,24.09.2022 18:50,51.8
Kjevik,SN39040,24.09.2022 19:20,50.0
Kjevik,SN39040,24.09.2022 19:50,50.0
Kjevik,SN39040,24.09.2022 20:20,48.2
Kjevik,SN39040,24.09.2022 20:50,46.4
Kjevik,SN39040,24.09.2022 21:20,46.4
Kjevik,SN39040,24.09.2022 21:50,46.4
Kjevik,SN39040,24.09.2022 22:20,46.4
Kjevik,SN39040,24.09.2022 22:50,46.4
Kjevik,SN39040,24.09.2022 23:20,44.6
Kjevik,SN39040,24.09.2022 23:50,44.6
Kjevik,SN39040,25.09.2022 00:20,46.4
Kjevik,SN39040,25.09.2022 00:50,46.4
Kjevik,SN39040,25.09.2022 01:20,46.4
Kjevik,SN39040,25.09.2022 01:50,46.4
Kjevik,SN39040,25.09.2022 02:20,44.6
Kjevik,SN39040,25.09.2022 02:50,46.4
Kjevik,SN39040,25.09.2022 03:20,46.4
Kjevik,SN39040,25.09.2022 03:50,44.6
Kjevik,SN39040,25.09.2022 04:20,44.6
Kjevik,SN39040,25.09.2022 04:50,42.8
Kjevik,SN39040,25.09.2022 05:20,42.8
Kjevik,SN39040,25.09.2022 05:50,42.8
Kjevik,SN39040,25.09.2022 06:20,42.8
Kjevik,SN39040,25.09.2022 06:50,42.8
Kjevik,SN39040,25.09.2022 07:20,42.8
Kjevik,SN39040,25.09.2022 07:50,46.4
Kjevik,SN39040,25.09.2022 08:20,46.4
Kjevik,SN39040,25.09.2022 08:50,48.2
Kjevik,SN39040,25.09.2022 09:20,53.6
Kjevik,SN39040,25.09.2022 09:50,53.6
Kjevik,SN39040,25.09.2022 10:20,53.6
Kjevik,SN39040,25.09.2022 10:50,57.2
Kjevik,SN39040,25.09.2022 11:20,57.2
Kjevik,SN39040,25.09.2022 11:50,57.2
Kjevik,SN39040,25.09.2022 12:20,57.2
Kjevik,SN39040,25.09.2022 12:50,57.2
Kjevik,SN39040,25.09.2022 13:20,57.2
Kjevik,SN39040,25.09.2022 13:50,57.2
Kjevik,SN39040,25.09.2022 14:20,55.4
Kjevik,SN39040,25.09.2022 14:50,57.2
Kjevik,SN39040,25.09.2022 15:20,57.2
Kjevik,SN39040,25.09.2022 15:50,55.4
Kjevik,SN39040,25.09.2022 16:20,55.4
Kjevik,SN39040,25.09.2022 16:50,53.6
Kjevik,SN39040,25.09.2022 17:20,53.6
Kjevik,SN39040,25.09.2022 17:50,53.6
Kjevik,SN39040,25.09.2022 18:20,53.6
Kjevik,SN39040,25.09.2022 18:50,51.8
Kjevik,SN39040,25.09.2022 19:20,51.8
Kjevik,SN39040,25.09.2022 19:50,50.0
Kjevik,SN39040,25.09.2022 20:20,50.0
Kjevik,SN39040,25.09.2022 20:50,50.0
Kjevik,SN39040,25.09.2022 21:20,50.0
Kjevik,SN39040,25.09.2022 21:50,50.0
Kjevik,SN39040,25.09.2022 22:20,50.0
Kjevik,SN39040,25.09.2022 22:50,51.8
Kjevik,SN39040,26.09.2022 00:20,51.8
Kjevik,SN39040,26.09.2022 01:20,50.0
Kjevik,SN39040,26.09.2022 01:50,48.2
Kjevik,SN39040,26.09.2022 04:20,51.8
Kjevik,SN39040,26.09.2022 04:50,51.8
Kjevik,SN39040,26.09.2022 05:20,53.6
Kjevik,SN39040,26.09.2022 05:50,53.6
Kjevik,SN39040,26.09.2022 06:20,53.6
Kjevik,SN39040,26.09.2022 06:50,55.4
Kjevik,SN39040,26.09.2022 07:20,55.4
Kjevik,SN39040,26.09.2022 07:50,55.4
Kjevik,SN39040,26.09.2022 08:20,55.4
Kjevik,SN39040,26.09.2022 08:50,55.4
Kjevik,SN39040,26.09.2022 09:20,55.4
Kjevik,SN39040,26.09.2022 09:50,53.6
Kjevik,SN39040,26.09.2022 10:20,57.2
Kjevik,SN39040,26.09.2022 10:50,57.2
Kjevik,SN39040,26.09.2022 11:20,57.2
Kjevik,SN39040,26.09.2022 11:50,57.2
Kjevik,SN39040,26.09.2022 12:20,59.0
Kjevik,SN39040,26.09.2022 12:50,60.8
Kjevik,SN39040,26.09.2022 13:20,57.2
Kjevik,SN39040,26.09.2022 13:50,59.0
Kjevik,SN39040,26.09.2022 14:20,57.2
Kjevik,SN39040,26.09.2022 14:50,60.8
Kjevik,SN39040,26.09.2022 15:20,57.2
Kjevik,SN39040,26.09.2022 15:50,59.0
Kjevik,SN39040,26.09.2022 16:20,59.0
Kjevik,SN39040,26.09.2022 16:50,57.2
Kjevik,SN39040,26.09.2022 17:20,57.2
Kjevik,SN39040,26.09.2022 17:50,55.4
Kjevik,SN39040,26.09.2022 18:20,55.4
Kjevik,SN39040,26.09.2022 18:50,53.6
Kjevik,SN39040,26.09.2022 19:20,53.6
Kjevik,SN39040,26.09.2022 19:50,53.6
Kjevik,SN39040,26.09.2022 20:20,51.8
Kjevik,SN39040,26.09.2022 20:50,50.0
Kjevik,SN39040,26.09.2022 21:20,50.0
Kjevik,SN39040,26.09.2022 21:50,51.8
Kjevik,SN39040,26.09.2022 22:20,50.0
Kjevik,SN39040,26.09.2022 22:50,50.0
Kjevik,SN39040,26.09.2022 23:20,48.2
Kjevik,SN39040,26.09.2022 23:50,48.2
Kjevik,SN39040,27.09.2022 00:20,48.2
Kjevik,SN39040,27.09.2022 00:50,48.2
Kjevik,SN39040,27.09.2022 01:20,46.4
Kjevik,SN39040,27.09.2022 01:50,46.4
Kjevik,SN39040,27.09.2022 02:20,46.4
Kjevik,SN39040,27.09.2022 02:50,46.4
Kjevik,SN39040,27.09.2022 03:20,46.4
Kjevik,SN39040,27.09.2022 03:50,46.4
Kjevik,SN39040,27.09.2022 04:20,46.4
Kjevik,SN39040,27.09.2022 04:50,46.4
Kjevik,SN39040,27.09.2022 05:20,44.6
Kjevik,SN39040,27.09.2022 05:50,44.6
Kjevik,SN39040,27.09.2022 06:20,46.4
Kjevik,SN39040,27.09.2022 06:50,46.4
Kjevik,SN39040,27.09.2022 07:20,46.4
Kjevik,SN39040,27.09.2022 07:50,46.4
Kjevik,SN39040,27.09.2022 08:20,46.4
Kjevik,SN39040,27.09.2022 08:50,46.4
Kjevik,SN39040,27.09.2022 09:20,48.2
Kjevik,SN39040,27.09.2022 09:50,48.2
Kjevik,SN39040,27.09.2022 10:20,50.0
Kjevik,SN39040,27.09.2022 10:50,50.0
Kjevik,SN39040,27.09.2022 11:20,50.0
Kjevik,SN39040,27.09.2022 11:50,51.8
Kjevik,SN39040,27.09.2022 12:20,51.8
Kjevik,SN39040,27.09.2022 12:50,51.8
Kjevik,SN39040,27.09.2022 13:20,51.8
Kjevik,SN39040,27.09.2022 13:50,51.8
Kjevik,SN39040,27.09.2022 14:20,51.8
Kjevik,SN39040,27.09.2022 14:50,51.8
Kjevik,SN39040,27.09.2022 15:20,51.8
Kjevik,SN39040,27.09.2022 15:50,51.8
Kjevik,SN39040,27.09.2022 16:20,51.8
Kjevik,SN39040,27.09.2022 16:50,51.8
Kjevik,SN39040,27.09.2022 17:20,51.8
Kjevik,SN39040,27.09.2022 17:50,51.8
Kjevik,SN39040,27.09.2022 18:20,51.8
Kjevik,SN39040,27.09.2022 18:50,51.8
Kjevik,SN39040,27.09.2022 19:20,51.8
Kjevik,SN39040,27.09.2022 19:50,51.8
Kjevik,SN39040,27.09.2022 20:20,53.6
Kjevik,SN39040,27.09.2022 20:50,53.6
Kjevik,SN39040,27.09.2022 21:20,53.6
Kjevik,SN39040,27.09.2022 21:50,53.6
Kjevik,SN39040,27.09.2022 22:20,53.6
Kjevik,SN39040,27.09.2022 22:50,53.6
Kjevik,SN39040,28.09.2022 00:50,53.6
Kjevik,SN39040,28.09.2022 02:50,55.4
Kjevik,SN39040,28.09.2022 03:20,55.4
Kjevik,SN39040,28.09.2022 03:50,53.6
Kjevik,SN39040,28.09.2022 04:20,55.4
Kjevik,SN39040,28.09.2022 04:50,55.4
Kjevik,SN39040,28.09.2022 05:20,55.4
Kjevik,SN39040,28.09.2022 05:50,55.4
Kjevik,SN39040,28.09.2022 06:20,55.4
Kjevik,SN39040,28.09.2022 06:50,55.4
Kjevik,SN39040,28.09.2022 07:20,55.4
Kjevik,SN39040,28.09.2022 07:50,55.4
Kjevik,SN39040,28.09.2022 08:20,55.4
Kjevik,SN39040,28.09.2022 08:50,55.4
Kjevik,SN39040,28.09.2022 09:20,57.2
Kjevik,SN39040,28.09.2022 09:50,57.2
Kjevik,SN39040,28.09.2022 10:20,57.2
Kjevik,SN39040,28.09.2022 10:50,55.4
Kjevik,SN39040,28.09.2022 11:20,55.4
Kjevik,SN39040,28.09.2022 11:50,55.4
Kjevik,SN39040,28.09.2022 12:20,55.4
Kjevik,SN39040,28.09.2022 12:50,55.4
Kjevik,SN39040,28.09.2022 13:20,57.2
Kjevik,SN39040,28.09.2022 13:50,57.2
Kjevik,SN39040,28.09.2022 14:20,57.2
Kjevik,SN39040,28.09.2022 14:50,57.2
Kjevik,SN39040,28.09.2022 15:20,57.2
Kjevik,SN39040,28.09.2022 15:50,57.2
Kjevik,SN39040,28.09.2022 16:20,55.4
Kjevik,SN39040,28.09.2022 16:50,57.2
Kjevik,SN39040,28.09.2022 17:20,55.4
Kjevik,SN39040,28.09.2022 17:50,55.4
Kjevik,SN39040,28.09.2022 18:20,55.4
Kjevik,SN39040,28.09.2022 18:50,55.4
Kjevik,SN39040,28.09.2022 19:20,55.4
Kjevik,SN39040,28.09.2022 19:50,55.4
Kjevik,SN39040,28.09.2022 20:20,55.4
Kjevik,SN39040,28.09.2022 20:50,55.4
Kjevik,SN39040,28.09.2022 21:20,55.4
Kjevik,SN39040,28.09.2022 21:50,53.6
Kjevik,SN39040,28.09.2022 22:20,55.4
Kjevik,SN39040,28.09.2022 22:50,53.6
Kjevik,SN39040,28.09.2022 23:20,55.4
Kjevik,SN39040,28.09.2022 23:50,53.6
Kjevik,SN39040,29.09.2022 00:50,53.6
Kjevik,SN39040,29.09.2022 02:20,50.0
Kjevik,SN39040,29.09.2022 02:50,50.0
Kjevik,SN39040,29.09.2022 03:20,48.2
Kjevik,SN39040,29.09.2022 03:50,50.0
Kjevik,SN39040,29.09.2022 04:20,50.0
Kjevik,SN39040,29.09.2022 04:50,50.0
Kjevik,SN39040,29.09.2022 05:20,48.2
Kjevik,SN39040,29.09.2022 05:50,50.0
Kjevik,SN39040,29.09.2022 06:20,50.0
Kjevik,SN39040,29.09.2022 06:50,50.0
Kjevik,SN39040,29.09.2022 07:20,50.0
Kjevik,SN39040,29.09.2022 07:50,50.0
Kjevik,SN39040,29.09.2022 08:20,50.0
Kjevik,SN39040,29.09.2022 08:50,51.8
Kjevik,SN39040,29.09.2022 09:20,51.8
Kjevik,SN39040,29.09.2022 09:50,53.6
Kjevik,SN39040,29.09.2022 10:20,53.6
Kjevik,SN39040,29.09.2022 10:50,55.4
Kjevik,SN39040,29.09.2022 11:20,55.4
Kjevik,SN39040,29.09.2022 11:50,57.2
Kjevik,SN39040,29.09.2022 12:20,55.4
Kjevik,SN39040,29.09.2022 12:50,55.4
Kjevik,SN39040,29.09.2022 13:20,53.6
Kjevik,SN39040,29.09.2022 13:50,57.2
Kjevik,SN39040,29.09.2022 14:20,55.4
Kjevik,SN39040,29.09.2022 14:50,55.4
Kjevik,SN39040,29.09.2022 15:20,53.6
Kjevik,SN39040,29.09.2022 15:50,55.4
Kjevik,SN39040,29.09.2022 16:20,55.4
Kjevik,SN39040,29.09.2022 16:50,53.6
Kjevik,SN39040,29.09.2022 17:20,53.6
Kjevik,SN39040,29.09.2022 17:50,53.6
Kjevik,SN39040,29.09.2022 18:20,51.8
Kjevik,SN39040,29.09.2022 18:50,46.4
Kjevik,SN39040,29.09.2022 19:20,46.4
Kjevik,SN39040,29.09.2022 19:50,44.6
Kjevik,SN39040,29.09.2022 20:20,42.8
Kjevik,SN39040,29.09.2022 20:50,42.8
Kjevik,SN39040,29.09.2022 21:20,42.8
Kjevik,SN39040,29.09.2022 21:50,41.0
Kjevik,SN39040,29.09.2022 22:20,41.0
Kjevik,SN39040,29.09.2022 22:50,39.2
Kjevik,SN39040,29.09.2022 23:20,39.2
Kjevik,SN39040,29.09.2022 23:50,41.0
Kjevik,SN39040,30.09.2022 00:20,39.2
Kjevik,SN39040,30.09.2022 00:50,41.0
Kjevik,SN39040,30.09.2022 01:20,39.2
Kjevik,SN39040,30.09.2022 01:50,39.2
Kjevik,SN39040,30.09.2022 02:20,41.0
Kjevik,SN39040,30.09.2022 02:50,39.2
Kjevik,SN39040,30.09.2022 03:20,37.4
Kjevik,SN39040,30.09.2022 03:50,37.4
Kjevik,SN39040,30.09.2022 04:20,39.2
Kjevik,SN39040,30.09.2022 04:50,39.2
Kjevik,SN39040,30.09.2022 05:20,39.2
Kjevik,SN39040,30.09.2022 05:50,39.2
Kjevik,SN39040,30.09.2022 06:20,39.2
Kjevik,SN39040,30.09.2022 06:50,39.2
Kjevik,SN39040,30.09.2022 07:20,41.0
Kjevik,SN39040,30.09.2022 07:50,42.8
Kjevik,SN39040,30.09.2022 08:20,44.6
Kjevik,SN39040,30.09.2022 08:50,46.4
Kjevik,SN39040,30.09.2022 09:20,48.2
Kjevik,SN39040,30.09.2022 09:50,50.0
Kjevik,SN39040,30.09.2022 10:20,51.8
Kjevik,SN39040,30.09.2022 10:50,53.6
Kjevik,SN39040,30.09.2022 11:20,53.6
Kjevik,SN39040,30.09.2022 11:50,55.4
Kjevik,SN39040,30.09.2022 12:20,53.6
Kjevik,SN39040,30.09.2022 12:50,55.4
Kjevik,SN39040,30.09.2022 13:20,55.4
Kjevik,SN39040,30.09.2022 13:50,55.4
Kjevik,SN39040,30.09.2022 14:20,53.6
Kjevik,SN39040,30.09.2022 14:50,53.6
Kjevik,SN39040,30.09.2022 15:20,55.4
Kjevik,SN39040,30.09.2022 15:50,53.6
Kjevik,SN39040,30.09.2022 16:20,53.6
Kjevik,SN39040,30.09.2022 16:50,53.6
Kjevik,SN39040,30.09.2022 17:20,53.6
Kjevik,SN39040,30.09.2022 17:50,53.6
Kjevik,SN39040,30.09.2022 18:20,53.6
Kjevik,SN39040,30.09.2022 18:50,53.6
Kjevik,SN39040,30.09.2022 19:20,53.6
Kjevik,SN39040,30.09.2022 19:50,53.6
Kjevik,SN39040,30.09.2022 20:20,53.6
Kjevik,SN39040,30.09.2022 20:50,53.6
Kjevik,SN39040,30.09.2022 21:20,53.6
Kjevik,SN39040,30.09.2022 21:50,53.6
Kjevik,SN39040,30.09.2022 22:20,53.6
Kjevik,SN39040,30.09.2022 22:50,53.6
Kjevik,SN39040,30.09.2022 23:50,55.4
Kjevik,SN39040,01.10.2022 00:20,55.4
Kjevik,SN39040,01.10.2022 00:50,55.4
Kjevik,SN39040,01.10.2022 01:20,53.6
Kjevik,SN39040,01.10.2022 04:20,53.6
Kjevik,SN39040,01.10.2022 04:50,53.6
Kjevik,SN39040,01.10.2022 05:20,53.6
Kjevik,SN39040,01.10.2022 05:50,53.6
Kjevik,SN39040,01.10.2022 06:20,53.6
Kjevik,SN39040,01.10.2022 06:50,53.6
Kjevik,SN39040,01.10.2022 07:20,53.6
Kjevik,SN39040,01.10.2022 07:50,53.6
Kjevik,SN39040,01.10.2022 08:20,53.6
Kjevik,SN39040,01.10.2022 08:50,53.6
Kjevik,SN39040,01.10.2022 09:20,53.6
Kjevik,SN39040,01.10.2022 09:50,53.6
Kjevik,SN39040,01.10.2022 10:20,53.6
Kjevik,SN39040,01.10.2022 10:50,53.6
Kjevik,SN39040,01.10.2022 11:20,53.6
Kjevik,SN39040,01.10.2022 11:50,55.4
Kjevik,SN39040,01.10.2022 12:20,55.4
Kjevik,SN39040,01.10.2022 12:50,55.4
Kjevik,SN39040,01.10.2022 13:20,57.2
Kjevik,SN39040,01.10.2022 13:50,59.0
Kjevik,SN39040,01.10.2022 14:20,57.2
Kjevik,SN39040,01.10.2022 14:50,60.8
Kjevik,SN39040,01.10.2022 15:20,59.0
Kjevik,SN39040,01.10.2022 15:50,59.0
Kjevik,SN39040,01.10.2022 16:20,59.0
Kjevik,SN39040,01.10.2022 16:50,57.2
Kjevik,SN39040,01.10.2022 17:20,57.2
Kjevik,SN39040,01.10.2022 17:50,55.4
Kjevik,SN39040,01.10.2022 18:20,53.6
Kjevik,SN39040,01.10.2022 18:50,53.6
Kjevik,SN39040,01.10.2022 19:20,53.6
Kjevik,SN39040,01.10.2022 19:50,53.6
Kjevik,SN39040,01.10.2022 20:20,53.6
Kjevik,SN39040,01.10.2022 20:50,51.8
Kjevik,SN39040,01.10.2022 21:20,51.8
Kjevik,SN39040,01.10.2022 21:50,51.8
Kjevik,SN39040,01.10.2022 22:20,50.0
Kjevik,SN39040,01.10.2022 22:50,48.2
Kjevik,SN39040,01.10.2022 23:20,46.4
Kjevik,SN39040,01.10.2022 23:50,46.4
Kjevik,SN39040,02.10.2022 00:20,48.2
Kjevik,SN39040,02.10.2022 00:50,48.2
Kjevik,SN39040,02.10.2022 01:20,50.0
Kjevik,SN39040,02.10.2022 01:50,48.2
Kjevik,SN39040,02.10.2022 02:20,48.2
Kjevik,SN39040,02.10.2022 02:50,48.2
Kjevik,SN39040,02.10.2022 03:20,48.2
Kjevik,SN39040,02.10.2022 03:50,48.2
Kjevik,SN39040,02.10.2022 04:20,48.2
Kjevik,SN39040,02.10.2022 04:50,48.2
Kjevik,SN39040,02.10.2022 05:20,46.4
Kjevik,SN39040,02.10.2022 05:50,48.2
Kjevik,SN39040,02.10.2022 06:20,42.8
Kjevik,SN39040,02.10.2022 06:50,42.8
Kjevik,SN39040,02.10.2022 07:20,42.8
Kjevik,SN39040,02.10.2022 07:50,44.6
Kjevik,SN39040,02.10.2022 08:20,50.0
Kjevik,SN39040,02.10.2022 08:50,51.8
Kjevik,SN39040,02.10.2022 09:20,53.6
Kjevik,SN39040,02.10.2022 09:50,55.4
Kjevik,SN39040,02.10.2022 10:20,57.2
Kjevik,SN39040,02.10.2022 10:50,57.2
Kjevik,SN39040,02.10.2022 11:20,59.0
Kjevik,SN39040,02.10.2022 11:50,59.0
Kjevik,SN39040,02.10.2022 12:20,60.8
Kjevik,SN39040,02.10.2022 12:50,60.8
Kjevik,SN39040,02.10.2022 13:20,60.8
Kjevik,SN39040,02.10.2022 13:50,62.6
Kjevik,SN39040,02.10.2022 14:20,62.6
Kjevik,SN39040,02.10.2022 14:50,62.6
Kjevik,SN39040,02.10.2022 15:20,60.8
Kjevik,SN39040,02.10.2022 15:50,60.8
Kjevik,SN39040,02.10.2022 16:20,60.8
Kjevik,SN39040,02.10.2022 16:50,60.8
Kjevik,SN39040,02.10.2022 17:20,59.0
Kjevik,SN39040,02.10.2022 17:50,57.2
Kjevik,SN39040,02.10.2022 18:20,57.2
Kjevik,SN39040,02.10.2022 18:50,55.4
Kjevik,SN39040,02.10.2022 19:20,55.4
Kjevik,SN39040,02.10.2022 19:50,53.6
Kjevik,SN39040,02.10.2022 20:20,53.6
Kjevik,SN39040,02.10.2022 20:50,53.6
Kjevik,SN39040,02.10.2022 21:20,51.8
Kjevik,SN39040,02.10.2022 21:50,50.0
Kjevik,SN39040,02.10.2022 22:20,48.2
Kjevik,SN39040,02.10.2022 22:50,50.0
Kjevik,SN39040,02.10.2022 23:20,48.2
Kjevik,SN39040,02.10.2022 23:50,51.8
Kjevik,SN39040,03.10.2022 00:20,50.0
Kjevik,SN39040,03.10.2022 00:50,46.4
Kjevik,SN39040,03.10.2022 01:20,48.2
Kjevik,SN39040,03.10.2022 01:50,50.0
Kjevik,SN39040,03.10.2022 02:20,50.0
Kjevik,SN39040,03.10.2022 02:50,48.2
Kjevik,SN39040,03.10.2022 03:20,50.0
Kjevik,SN39040,03.10.2022 03:50,50.0
Kjevik,SN39040,03.10.2022 04:20,48.2
Kjevik,SN39040,03.10.2022 04:50,46.4
Kjevik,SN39040,03.10.2022 05:20,48.2
Kjevik,SN39040,03.10.2022 05:50,46.4
Kjevik,SN39040,03.10.2022 06:20,46.4
Kjevik,SN39040,03.10.2022 06:50,46.4
Kjevik,SN39040,03.10.2022 07:20,46.4
Kjevik,SN39040,03.10.2022 07:50,48.2
Kjevik,SN39040,03.10.2022 08:20,48.2
Kjevik,SN39040,03.10.2022 08:50,51.8
Kjevik,SN39040,03.10.2022 09:20,53.6
Kjevik,SN39040,03.10.2022 09:50,53.6
Kjevik,SN39040,03.10.2022 10:20,55.4
Kjevik,SN39040,03.10.2022 10:50,57.2
Kjevik,SN39040,03.10.2022 11:20,60.8
Kjevik,SN39040,03.10.2022 11:50,62.6
Kjevik,SN39040,03.10.2022 12:20,60.8
Kjevik,SN39040,03.10.2022 12:50,59.0
Kjevik,SN39040,03.10.2022 13:20,62.6
Kjevik,SN39040,03.10.2022 13:50,62.6
Kjevik,SN39040,03.10.2022 14:20,62.6
Kjevik,SN39040,03.10.2022 14:50,62.6
Kjevik,SN39040,03.10.2022 15:20,62.6
Kjevik,SN39040,03.10.2022 15:50,64.4
Kjevik,SN39040,03.10.2022 16:20,62.6
Kjevik,SN39040,03.10.2022 16:50,60.8
Kjevik,SN39040,03.10.2022 17:20,59.0
Kjevik,SN39040,03.10.2022 17:50,57.2
Kjevik,SN39040,03.10.2022 18:20,55.4
Kjevik,SN39040,03.10.2022 18:50,55.4
Kjevik,SN39040,03.10.2022 19:20,57.2
Kjevik,SN39040,03.10.2022 19:50,55.4
Kjevik,SN39040,03.10.2022 20:20,51.8
Kjevik,SN39040,03.10.2022 20:50,50.0
Kjevik,SN39040,03.10.2022 21:20,50.0
Kjevik,SN39040,03.10.2022 21:50,48.2
Kjevik,SN39040,03.10.2022 22:20,50.0
Kjevik,SN39040,03.10.2022 22:50,46.4
Kjevik,SN39040,03.10.2022 23:20,48.2
Kjevik,SN39040,03.10.2022 23:50,46.4
Kjevik,SN39040,04.10.2022 00:20,46.4
Kjevik,SN39040,04.10.2022 00:50,44.6
Kjevik,SN39040,04.10.2022 01:20,42.8
Kjevik,SN39040,04.10.2022 01:50,44.6
Kjevik,SN39040,04.10.2022 02:20,46.4
Kjevik,SN39040,04.10.2022 02:50,42.8
Kjevik,SN39040,04.10.2022 03:20,42.8
Kjevik,SN39040,04.10.2022 03:50,42.8
Kjevik,SN39040,04.10.2022 04:20,44.6
Kjevik,SN39040,04.10.2022 04:50,44.6
Kjevik,SN39040,04.10.2022 05:20,44.6
Kjevik,SN39040,04.10.2022 05:50,44.6
Kjevik,SN39040,04.10.2022 06:20,44.6
Kjevik,SN39040,04.10.2022 06:50,46.4
Kjevik,SN39040,04.10.2022 07:20,46.4
Kjevik,SN39040,04.10.2022 07:50,46.4
Kjevik,SN39040,04.10.2022 08:20,48.2
Kjevik,SN39040,04.10.2022 08:50,48.2
Kjevik,SN39040,04.10.2022 09:20,50.0
Kjevik,SN39040,04.10.2022 09:50,51.8
Kjevik,SN39040,04.10.2022 10:20,53.6
Kjevik,SN39040,04.10.2022 10:50,55.4
Kjevik,SN39040,04.10.2022 11:20,57.2
Kjevik,SN39040,04.10.2022 11:50,57.2
Kjevik,SN39040,04.10.2022 12:20,57.2
Kjevik,SN39040,04.10.2022 12:50,57.2
Kjevik,SN39040,04.10.2022 13:20,57.2
Kjevik,SN39040,04.10.2022 13:50,57.2
Kjevik,SN39040,04.10.2022 14:20,57.2
Kjevik,SN39040,04.10.2022 14:50,57.2
Kjevik,SN39040,04.10.2022 15:20,57.2
Kjevik,SN39040,04.10.2022 15:50,57.2
Kjevik,SN39040,04.10.2022 16:20,57.2
Kjevik,SN39040,04.10.2022 16:50,57.2
Kjevik,SN39040,04.10.2022 17:20,57.2
Kjevik,SN39040,04.10.2022 17:50,57.2
Kjevik,SN39040,04.10.2022 18:20,57.2
Kjevik,SN39040,04.10.2022 18:50,57.2
Kjevik,SN39040,04.10.2022 19:20,57.2
Kjevik,SN39040,04.10.2022 19:50,57.2
Kjevik,SN39040,04.10.2022 20:20,57.2
Kjevik,SN39040,04.10.2022 20:50,57.2
Kjevik,SN39040,04.10.2022 21:20,57.2
Kjevik,SN39040,04.10.2022 21:50,57.2
Kjevik,SN39040,04.10.2022 22:20,57.2
Kjevik,SN39040,04.10.2022 22:50,57.2
Kjevik,SN39040,04.10.2022 23:20,57.2
Kjevik,SN39040,04.10.2022 23:50,57.2
Kjevik,SN39040,05.10.2022 00:20,57.2
Kjevik,SN39040,05.10.2022 00:50,57.2
Kjevik,SN39040,05.10.2022 01:20,57.2
Kjevik,SN39040,05.10.2022 01:50,57.2
Kjevik,SN39040,05.10.2022 02:20,57.2
Kjevik,SN39040,05.10.2022 03:50,57.2
Kjevik,SN39040,05.10.2022 04:20,57.2
Kjevik,SN39040,05.10.2022 04:50,57.2
Kjevik,SN39040,05.10.2022 05:20,57.2
Kjevik,SN39040,05.10.2022 05:50,57.2
Kjevik,SN39040,05.10.2022 06:20,57.2
Kjevik,SN39040,05.10.2022 06:50,57.2
Kjevik,SN39040,05.10.2022 07:20,57.2
Kjevik,SN39040,05.10.2022 07:50,57.2
Kjevik,SN39040,05.10.2022 08:20,57.2
Kjevik,SN39040,05.10.2022 08:50,57.2
Kjevik,SN39040,05.10.2022 09:20,57.2
Kjevik,SN39040,05.10.2022 09:50,57.2
Kjevik,SN39040,05.10.2022 10:20,57.2
Kjevik,SN39040,05.10.2022 10:50,59.0
Kjevik,SN39040,05.10.2022 11:20,59.0
Kjevik,SN39040,05.10.2022 11:50,59.0
Kjevik,SN39040,05.10.2022 12:20,59.0
Kjevik,SN39040,05.10.2022 12:50,59.0
Kjevik,SN39040,05.10.2022 13:20,59.0
Kjevik,SN39040,05.10.2022 13:50,57.2
Kjevik,SN39040,05.10.2022 14:20,59.0
Kjevik,SN39040,05.10.2022 14:50,57.2
Kjevik,SN39040,05.10.2022 15:20,57.2
Kjevik,SN39040,05.10.2022 15:50,57.2
Kjevik,SN39040,05.10.2022 16:20,57.2
Kjevik,SN39040,05.10.2022 16:50,57.2
Kjevik,SN39040,05.10.2022 17:20,59.0
Kjevik,SN39040,05.10.2022 17:50,57.2
Kjevik,SN39040,05.10.2022 18:20,57.2
Kjevik,SN39040,05.10.2022 18:50,55.4
Kjevik,SN39040,05.10.2022 19:20,55.4
Kjevik,SN39040,05.10.2022 19:50,55.4
Kjevik,SN39040,05.10.2022 20:20,53.6
Kjevik,SN39040,05.10.2022 20:50,53.6
Kjevik,SN39040,05.10.2022 21:20,53.6
Kjevik,SN39040,05.10.2022 21:50,53.6
Kjevik,SN39040,05.10.2022 22:20,53.6
Kjevik,SN39040,05.10.2022 22:50,53.6
Kjevik,SN39040,05.10.2022 23:20,51.8
Kjevik,SN39040,05.10.2022 23:50,51.8
Kjevik,SN39040,06.10.2022 00:20,50.0
Kjevik,SN39040,06.10.2022 00:50,50.0
Kjevik,SN39040,06.10.2022 02:20,51.8
Kjevik,SN39040,06.10.2022 02:50,50.0
Kjevik,SN39040,06.10.2022 03:50,50.0
Kjevik,SN39040,06.10.2022 04:50,50.0
Kjevik,SN39040,06.10.2022 05:20,50.0
Kjevik,SN39040,06.10.2022 05:50,50.0
Kjevik,SN39040,06.10.2022 06:20,50.0
Kjevik,SN39040,06.10.2022 06:50,50.0
Kjevik,SN39040,06.10.2022 07:20,51.8
Kjevik,SN39040,06.10.2022 07:50,51.8
Kjevik,SN39040,06.10.2022 08:20,51.8
Kjevik,SN39040,06.10.2022 08:50,53.6
Kjevik,SN39040,06.10.2022 09:20,53.6
Kjevik,SN39040,06.10.2022 09:50,55.4
Kjevik,SN39040,06.10.2022 10:20,55.4
Kjevik,SN39040,06.10.2022 10:50,55.4
Kjevik,SN39040,06.10.2022 11:20,55.4
Kjevik,SN39040,06.10.2022 11:50,57.2
Kjevik,SN39040,06.10.2022 12:20,55.4
Kjevik,SN39040,06.10.2022 12:50,55.4
Kjevik,SN39040,06.10.2022 13:20,55.4
Kjevik,SN39040,06.10.2022 13:50,57.2
Kjevik,SN39040,06.10.2022 14:20,57.2
Kjevik,SN39040,06.10.2022 14:50,57.2
Kjevik,SN39040,06.10.2022 15:20,57.2
Kjevik,SN39040,06.10.2022 15:50,57.2
Kjevik,SN39040,06.10.2022 16:20,57.2
Kjevik,SN39040,06.10.2022 16:50,55.4
Kjevik,SN39040,06.10.2022 17:20,55.4
Kjevik,SN39040,06.10.2022 17:50,55.4
Kjevik,SN39040,06.10.2022 18:20,55.4
Kjevik,SN39040,06.10.2022 18:50,55.4
Kjevik,SN39040,06.10.2022 19:20,55.4
Kjevik,SN39040,06.10.2022 19:50,55.4
Kjevik,SN39040,06.10.2022 20:20,55.4
Kjevik,SN39040,06.10.2022 20:50,53.6
Kjevik,SN39040,06.10.2022 21:20,53.6
Kjevik,SN39040,06.10.2022 21:50,53.6
Kjevik,SN39040,06.10.2022 22:20,55.4
Kjevik,SN39040,06.10.2022 22:50,55.4
Kjevik,SN39040,06.10.2022 23:20,55.4
Kjevik,SN39040,06.10.2022 23:50,55.4
Kjevik,SN39040,07.10.2022 00:20,55.4
Kjevik,SN39040,07.10.2022 00:50,55.4
Kjevik,SN39040,07.10.2022 02:20,57.2
Kjevik,SN39040,07.10.2022 03:20,57.2
Kjevik,SN39040,07.10.2022 03:50,57.2
Kjevik,SN39040,07.10.2022 04:20,57.2
Kjevik,SN39040,07.10.2022 04:50,57.2
Kjevik,SN39040,07.10.2022 05:20,57.2
Kjevik,SN39040,07.10.2022 05:50,57.2
Kjevik,SN39040,07.10.2022 06:20,57.2
Kjevik,SN39040,07.10.2022 06:50,57.2
Kjevik,SN39040,07.10.2022 07:20,57.2
Kjevik,SN39040,07.10.2022 07:50,57.2
Kjevik,SN39040,07.10.2022 08:20,57.2
Kjevik,SN39040,07.10.2022 08:50,57.2
Kjevik,SN39040,07.10.2022 09:20,57.2
Kjevik,SN39040,07.10.2022 09:50,57.2
Kjevik,SN39040,07.10.2022 10:20,57.2
Kjevik,SN39040,07.10.2022 10:50,57.2
Kjevik,SN39040,07.10.2022 11:20,57.2
Kjevik,SN39040,07.10.2022 11:50,57.2
Kjevik,SN39040,07.10.2022 12:20,57.2
Kjevik,SN39040,07.10.2022 12:50,57.2
Kjevik,SN39040,07.10.2022 13:20,57.2
Kjevik,SN39040,07.10.2022 13:50,57.2
Kjevik,SN39040,07.10.2022 14:20,55.4
Kjevik,SN39040,07.10.2022 14:50,53.6
Kjevik,SN39040,07.10.2022 15:20,53.6
Kjevik,SN39040,07.10.2022 15:50,53.6
Kjevik,SN39040,07.10.2022 16:20,55.4
Kjevik,SN39040,07.10.2022 16:50,55.4
Kjevik,SN39040,07.10.2022 17:20,53.6
Kjevik,SN39040,07.10.2022 17:50,53.6
Kjevik,SN39040,07.10.2022 18:20,53.6
Kjevik,SN39040,07.10.2022 18:50,53.6
Kjevik,SN39040,07.10.2022 19:20,53.6
Kjevik,SN39040,07.10.2022 19:50,51.8
Kjevik,SN39040,07.10.2022 20:20,51.8
Kjevik,SN39040,07.10.2022 20:50,51.8
Kjevik,SN39040,07.10.2022 21:20,50.0
Kjevik,SN39040,07.10.2022 21:50,50.0
Kjevik,SN39040,07.10.2022 22:20,50.0
Kjevik,SN39040,07.10.2022 22:50,48.2
Kjevik,SN39040,07.10.2022 23:20,44.6
Kjevik,SN39040,07.10.2022 23:50,44.6
Kjevik,SN39040,08.10.2022 00:20,42.8
Kjevik,SN39040,08.10.2022 00:50,42.8
Kjevik,SN39040,08.10.2022 01:20,42.8
Kjevik,SN39040,08.10.2022 01:50,41.0
Kjevik,SN39040,08.10.2022 02:20,42.8
Kjevik,SN39040,08.10.2022 02:50,42.8
Kjevik,SN39040,08.10.2022 03:20,41.0
Kjevik,SN39040,08.10.2022 03:50,41.0
Kjevik,SN39040,08.10.2022 04:20,41.0
Kjevik,SN39040,08.10.2022 04:50,41.0
Kjevik,SN39040,08.10.2022 05:20,37.4
Kjevik,SN39040,08.10.2022 05:50,42.8
Kjevik,SN39040,08.10.2022 06:20,41.0
Kjevik,SN39040,08.10.2022 06:50,39.2
Kjevik,SN39040,08.10.2022 07:20,41.0
Kjevik,SN39040,08.10.2022 07:50,41.0
Kjevik,SN39040,08.10.2022 08:20,44.6
Kjevik,SN39040,08.10.2022 08:50,46.4
Kjevik,SN39040,08.10.2022 09:20,48.2
Kjevik,SN39040,08.10.2022 09:50,50.0
Kjevik,SN39040,08.10.2022 10:20,51.8
Kjevik,SN39040,08.10.2022 10:50,53.6
Kjevik,SN39040,08.10.2022 11:20,53.6
Kjevik,SN39040,08.10.2022 11:50,55.4
Kjevik,SN39040,08.10.2022 12:20,55.4
Kjevik,SN39040,08.10.2022 12:50,55.4
Kjevik,SN39040,08.10.2022 13:20,55.4
Kjevik,SN39040,08.10.2022 13:50,57.2
Kjevik,SN39040,08.10.2022 14:20,55.4
Kjevik,SN39040,08.10.2022 14:50,55.4
Kjevik,SN39040,08.10.2022 15:20,55.4
Kjevik,SN39040,08.10.2022 15:50,55.4
Kjevik,SN39040,08.10.2022 16:20,55.4
Kjevik,SN39040,08.10.2022 16:50,55.4
Kjevik,SN39040,08.10.2022 17:20,53.6
Kjevik,SN39040,08.10.2022 17:50,50.0
Kjevik,SN39040,08.10.2022 18:20,50.0
Kjevik,SN39040,08.10.2022 18:50,48.2
Kjevik,SN39040,08.10.2022 19:20,48.2
Kjevik,SN39040,08.10.2022 19:50,46.4
Kjevik,SN39040,08.10.2022 20:20,44.6
Kjevik,SN39040,08.10.2022 20:50,42.8
Kjevik,SN39040,08.10.2022 21:20,44.6
Kjevik,SN39040,08.10.2022 21:50,44.6
Kjevik,SN39040,08.10.2022 22:20,44.6
Kjevik,SN39040,08.10.2022 22:50,42.8
Kjevik,SN39040,08.10.2022 23:20,39.2
Kjevik,SN39040,08.10.2022 23:50,41.0
Kjevik,SN39040,09.10.2022 00:20,39.2
Kjevik,SN39040,09.10.2022 00:50,39.2
Kjevik,SN39040,09.10.2022 01:20,37.4
Kjevik,SN39040,09.10.2022 01:50,41.0
Kjevik,SN39040,09.10.2022 02:20,41.0
Kjevik,SN39040,09.10.2022 02:50,41.0
Kjevik,SN39040,09.10.2022 03:20,39.2
Kjevik,SN39040,09.10.2022 03:50,39.2
Kjevik,SN39040,09.10.2022 04:20,39.2
Kjevik,SN39040,09.10.2022 04:50,37.4
Kjevik,SN39040,09.10.2022 05:20,37.4
Kjevik,SN39040,09.10.2022 05:50,37.4
Kjevik,SN39040,09.10.2022 06:20,37.4
Kjevik,SN39040,09.10.2022 06:50,37.4
Kjevik,SN39040,09.10.2022 07:20,37.4
Kjevik,SN39040,09.10.2022 07:50,37.4
Kjevik,SN39040,09.10.2022 08:20,41.0
Kjevik,SN39040,09.10.2022 08:50,44.6
Kjevik,SN39040,09.10.2022 09:20,44.6
Kjevik,SN39040,09.10.2022 09:50,48.2
Kjevik,SN39040,09.10.2022 10:20,48.2
Kjevik,SN39040,09.10.2022 10:50,51.8
Kjevik,SN39040,09.10.2022 11:20,53.6
Kjevik,SN39040,09.10.2022 11:50,57.2
Kjevik,SN39040,09.10.2022 12:20,55.4
Kjevik,SN39040,09.10.2022 12:50,57.2
Kjevik,SN39040,09.10.2022 13:20,57.2
Kjevik,SN39040,09.10.2022 13:50,57.2
Kjevik,SN39040,09.10.2022 14:20,57.2
Kjevik,SN39040,09.10.2022 14:50,57.2
Kjevik,SN39040,09.10.2022 15:20,57.2
Kjevik,SN39040,09.10.2022 15:50,55.4
Kjevik,SN39040,09.10.2022 16:20,53.6
Kjevik,SN39040,09.10.2022 16:50,53.6
Kjevik,SN39040,09.10.2022 17:20,55.4
Kjevik,SN39040,09.10.2022 17:50,55.4
Kjevik,SN39040,09.10.2022 18:20,53.6
Kjevik,SN39040,09.10.2022 18:50,53.6
Kjevik,SN39040,09.10.2022 19:20,55.4
Kjevik,SN39040,09.10.2022 19:50,53.6
Kjevik,SN39040,09.10.2022 20:20,53.6
Kjevik,SN39040,09.10.2022 20:50,55.4
Kjevik,SN39040,09.10.2022 21:20,55.4
Kjevik,SN39040,09.10.2022 21:50,55.4
Kjevik,SN39040,09.10.2022 22:20,55.4
Kjevik,SN39040,09.10.2022 22:50,55.4
Kjevik,SN39040,09.10.2022 23:20,55.4
Kjevik,SN39040,09.10.2022 23:50,55.4
Kjevik,SN39040,10.10.2022 00:20,55.4
Kjevik,SN39040,10.10.2022 01:20,53.6
Kjevik,SN39040,10.10.2022 01:50,55.4
Kjevik,SN39040,10.10.2022 02:20,55.4
Kjevik,SN39040,10.10.2022 02:50,55.4
Kjevik,SN39040,10.10.2022 04:20,53.6
Kjevik,SN39040,10.10.2022 04:50,53.6
Kjevik,SN39040,10.10.2022 05:20,53.6
Kjevik,SN39040,10.10.2022 05:50,53.6
Kjevik,SN39040,10.10.2022 06:20,53.6
Kjevik,SN39040,10.10.2022 06:50,53.6
Kjevik,SN39040,10.10.2022 07:20,53.6
Kjevik,SN39040,10.10.2022 07:50,53.6
Kjevik,SN39040,10.10.2022 08:20,53.6
Kjevik,SN39040,10.10.2022 08:50,53.6
Kjevik,SN39040,10.10.2022 09:20,53.6
Kjevik,SN39040,10.10.2022 09:50,53.6
Kjevik,SN39040,10.10.2022 10:20,55.4
Kjevik,SN39040,10.10.2022 10:50,55.4
Kjevik,SN39040,10.10.2022 11:20,55.4
Kjevik,SN39040,10.10.2022 11:50,55.4
Kjevik,SN39040,10.10.2022 12:20,55.4
Kjevik,SN39040,10.10.2022 12:50,53.6
Kjevik,SN39040,10.10.2022 13:20,51.8
Kjevik,SN39040,10.10.2022 13:50,51.8
Kjevik,SN39040,10.10.2022 14:20,51.8
Kjevik,SN39040,10.10.2022 14:50,51.8
Kjevik,SN39040,10.10.2022 15:20,51.8
Kjevik,SN39040,10.10.2022 15:50,50.0
Kjevik,SN39040,10.10.2022 16:20,51.8
Kjevik,SN39040,10.10.2022 16:50,51.8
Kjevik,SN39040,10.10.2022 17:20,51.8
Kjevik,SN39040,10.10.2022 17:50,50.0
Kjevik,SN39040,10.10.2022 18:20,50.0
Kjevik,SN39040,10.10.2022 18:50,50.0
Kjevik,SN39040,10.10.2022 19:20,48.2
Kjevik,SN39040,10.10.2022 19:50,48.2
Kjevik,SN39040,10.10.2022 20:20,48.2
Kjevik,SN39040,10.10.2022 20:50,48.2
Kjevik,SN39040,10.10.2022 21:20,48.2
Kjevik,SN39040,10.10.2022 21:50,48.2
Kjevik,SN39040,10.10.2022 22:20,46.4
Kjevik,SN39040,10.10.2022 22:50,48.2
Kjevik,SN39040,10.10.2022 23:20,46.4
Kjevik,SN39040,10.10.2022 23:50,48.2
Kjevik,SN39040,11.10.2022 00:20,46.4
Kjevik,SN39040,12.10.2022 00:50,44.6
Kjevik,SN39040,12.10.2022 01:20,44.6
Kjevik,SN39040,12.10.2022 01:50,44.6
Kjevik,SN39040,12.10.2022 02:20,44.6
Kjevik,SN39040,12.10.2022 02:50,42.8
Kjevik,SN39040,12.10.2022 03:20,44.6
Kjevik,SN39040,12.10.2022 04:20,44.6
Kjevik,SN39040,12.10.2022 04:50,44.6
Kjevik,SN39040,12.10.2022 05:20,44.6
Kjevik,SN39040,12.10.2022 05:50,42.8
Kjevik,SN39040,12.10.2022 06:20,42.8
Kjevik,SN39040,12.10.2022 06:50,44.6
Kjevik,SN39040,12.10.2022 07:20,44.6
Kjevik,SN39040,12.10.2022 07:50,44.6
Kjevik,SN39040,12.10.2022 08:20,44.6
Kjevik,SN39040,12.10.2022 08:50,46.4
Kjevik,SN39040,12.10.2022 09:20,46.4
Kjevik,SN39040,12.10.2022 09:50,48.2
Kjevik,SN39040,12.10.2022 10:20,50.0
Kjevik,SN39040,12.10.2022 10:50,51.8
Kjevik,SN39040,12.10.2022 11:20,51.8
Kjevik,SN39040,12.10.2022 11:50,51.8
Kjevik,SN39040,12.10.2022 12:20,51.8
Kjevik,SN39040,12.10.2022 12:50,53.6
Kjevik,SN39040,12.10.2022 13:20,53.6
Kjevik,SN39040,12.10.2022 13:50,55.4
Kjevik,SN39040,12.10.2022 14:20,55.4
Kjevik,SN39040,12.10.2022 14:50,55.4
Kjevik,SN39040,12.10.2022 15:20,55.4
Kjevik,SN39040,12.10.2022 15:50,53.6
Kjevik,SN39040,12.10.2022 16:20,53.6
Kjevik,SN39040,12.10.2022 16:50,53.6
Kjevik,SN39040,12.10.2022 17:20,53.6
Kjevik,SN39040,12.10.2022 17:50,53.6
Kjevik,SN39040,12.10.2022 18:20,53.6
Kjevik,SN39040,12.10.2022 18:50,53.6
Kjevik,SN39040,12.10.2022 19:20,53.6
Kjevik,SN39040,12.10.2022 19:50,53.6
Kjevik,SN39040,12.10.2022 20:20,53.6
Kjevik,SN39040,12.10.2022 20:50,53.6
Kjevik,SN39040,12.10.2022 21:20,53.6
Kjevik,SN39040,12.10.2022 21:50,53.6
Kjevik,SN39040,12.10.2022 22:20,50.0
Kjevik,SN39040,12.10.2022 22:50,50.0
Kjevik,SN39040,13.10.2022 02:50,50.0
Kjevik,SN39040,13.10.2022 03:20,51.8
Kjevik,SN39040,13.10.2022 04:20,53.6
Kjevik,SN39040,13.10.2022 04:50,53.6
Kjevik,SN39040,13.10.2022 05:20,51.8
Kjevik,SN39040,13.10.2022 05:50,53.6
Kjevik,SN39040,13.10.2022 06:20,53.6
Kjevik,SN39040,13.10.2022 06:50,53.6
Kjevik,SN39040,13.10.2022 07:20,53.6
Kjevik,SN39040,13.10.2022 07:50,53.6
Kjevik,SN39040,13.10.2022 08:20,53.6
Kjevik,SN39040,13.10.2022 08:50,51.8
Kjevik,SN39040,13.10.2022 09:20,53.6
Kjevik,SN39040,13.10.2022 09:50,53.6
Kjevik,SN39040,13.10.2022 10:20,55.4
Kjevik,SN39040,13.10.2022 10:50,57.2
Kjevik,SN39040,13.10.2022 11:20,57.2
Kjevik,SN39040,13.10.2022 11:50,57.2
Kjevik,SN39040,13.10.2022 12:20,57.2
Kjevik,SN39040,13.10.2022 12:50,59.0
Kjevik,SN39040,13.10.2022 13:20,59.0
Kjevik,SN39040,13.10.2022 13:50,59.0
Kjevik,SN39040,13.10.2022 14:20,59.0
Kjevik,SN39040,13.10.2022 14:50,59.0
Kjevik,SN39040,13.10.2022 15:20,57.2
Kjevik,SN39040,13.10.2022 15:50,57.2
Kjevik,SN39040,13.10.2022 16:20,57.2
Kjevik,SN39040,13.10.2022 16:50,55.4
Kjevik,SN39040,13.10.2022 17:20,51.8
Kjevik,SN39040,13.10.2022 17:50,50.0
Kjevik,SN39040,13.10.2022 18:20,46.4
Kjevik,SN39040,13.10.2022 18:50,44.6
Kjevik,SN39040,13.10.2022 19:20,42.8
Kjevik,SN39040,13.10.2022 19:50,42.8
Kjevik,SN39040,13.10.2022 20:20,41.0
Kjevik,SN39040,13.10.2022 20:50,41.0
Kjevik,SN39040,13.10.2022 21:20,39.2
Kjevik,SN39040,13.10.2022 21:50,39.2
Kjevik,SN39040,13.10.2022 22:20,37.4
Kjevik,SN39040,13.10.2022 22:50,39.2
Kjevik,SN39040,13.10.2022 23:20,39.2
Kjevik,SN39040,13.10.2022 23:50,39.2
Kjevik,SN39040,14.10.2022 00:20,35.6
Kjevik,SN39040,16.10.2022 00:50,41.0
Kjevik,SN39040,16.10.2022 01:20,41.0
Kjevik,SN39040,16.10.2022 01:50,39.2
Kjevik,SN39040,16.10.2022 02:20,39.2
Kjevik,SN39040,16.10.2022 02:50,39.2
Kjevik,SN39040,16.10.2022 03:20,39.2
Kjevik,SN39040,16.10.2022 03:50,39.2
Kjevik,SN39040,16.10.2022 04:20,39.2
Kjevik,SN39040,16.10.2022 04:50,39.2
Kjevik,SN39040,16.10.2022 05:20,39.2
Kjevik,SN39040,16.10.2022 05:50,41.0
Kjevik,SN39040,16.10.2022 06:20,41.0
Kjevik,SN39040,16.10.2022 06:50,42.8
Kjevik,SN39040,16.10.2022 07:20,50.0
Kjevik,SN39040,16.10.2022 07:50,51.8
Kjevik,SN39040,16.10.2022 08:20,51.8
Kjevik,SN39040,16.10.2022 08:50,51.8
Kjevik,SN39040,16.10.2022 09:20,53.6
Kjevik,SN39040,16.10.2022 09:50,53.6
Kjevik,SN39040,16.10.2022 10:20,53.6
Kjevik,SN39040,16.10.2022 10:50,51.8
Kjevik,SN39040,16.10.2022 11:20,51.8
Kjevik,SN39040,16.10.2022 11:50,51.8
Kjevik,SN39040,16.10.2022 12:20,50.0
Kjevik,SN39040,16.10.2022 12:50,53.6
Kjevik,SN39040,16.10.2022 13:20,53.6
Kjevik,SN39040,16.10.2022 13:50,53.6
Kjevik,SN39040,16.10.2022 14:20,50.0
Kjevik,SN39040,16.10.2022 14:50,51.8
Kjevik,SN39040,16.10.2022 15:20,50.0
Kjevik,SN39040,16.10.2022 15:50,50.0
Kjevik,SN39040,16.10.2022 16:20,48.2
Kjevik,SN39040,16.10.2022 16:50,48.2
Kjevik,SN39040,16.10.2022 17:20,48.2
Kjevik,SN39040,16.10.2022 17:50,48.2
Kjevik,SN39040,16.10.2022 18:20,48.2
Kjevik,SN39040,16.10.2022 18:50,48.2
Kjevik,SN39040,16.10.2022 19:20,50.0
Kjevik,SN39040,16.10.2022 19:50,50.0
Kjevik,SN39040,16.10.2022 20:20,50.0
Kjevik,SN39040,16.10.2022 20:50,50.0
Kjevik,SN39040,16.10.2022 21:20,50.0
Kjevik,SN39040,16.10.2022 21:50,50.0
Kjevik,SN39040,16.10.2022 22:20,48.2
Kjevik,SN39040,16.10.2022 22:50,48.2
Kjevik,SN39040,16.10.2022 23:20,41.0
Kjevik,SN39040,16.10.2022 23:50,41.0
Kjevik,SN39040,17.10.2022 00:20,41.0
Kjevik,SN39040,17.10.2022 00:50,39.2
Kjevik,SN39040,17.10.2022 01:20,37.4
Kjevik,SN39040,17.10.2022 01:50,39.2
Kjevik,SN39040,17.10.2022 02:20,39.2
Kjevik,SN39040,17.10.2022 02:50,39.2
Kjevik,SN39040,17.10.2022 03:20,41.0
Kjevik,SN39040,17.10.2022 03:50,42.8
Kjevik,SN39040,17.10.2022 04:20,37.4
Kjevik,SN39040,17.10.2022 04:50,37.4
Kjevik,SN39040,17.10.2022 05:20,37.4
Kjevik,SN39040,17.10.2022 05:50,37.4
Kjevik,SN39040,17.10.2022 06:20,39.2
Kjevik,SN39040,17.10.2022 06:50,39.2
Kjevik,SN39040,17.10.2022 07:20,39.2
Kjevik,SN39040,17.10.2022 07:50,41.0
Kjevik,SN39040,17.10.2022 08:20,41.0
Kjevik,SN39040,17.10.2022 08:50,41.0
Kjevik,SN39040,17.10.2022 09:20,42.8
Kjevik,SN39040,17.10.2022 09:50,44.6
Kjevik,SN39040,17.10.2022 10:20,44.6
Kjevik,SN39040,17.10.2022 10:50,46.4
Kjevik,SN39040,17.10.2022 11:20,46.4
Kjevik,SN39040,17.10.2022 11:50,48.2
Kjevik,SN39040,17.10.2022 12:20,48.2
Kjevik,SN39040,17.10.2022 12:50,48.2
Kjevik,SN39040,17.10.2022 13:20,48.2
Kjevik,SN39040,17.10.2022 13:50,48.2
Kjevik,SN39040,17.10.2022 14:20,50.0
Kjevik,SN39040,17.10.2022 14:50,50.0
Kjevik,SN39040,17.10.2022 15:20,50.0
Kjevik,SN39040,17.10.2022 15:50,50.0
Kjevik,SN39040,17.10.2022 16:20,50.0
Kjevik,SN39040,17.10.2022 16:50,50.0
Kjevik,SN39040,17.10.2022 17:20,50.0
Kjevik,SN39040,17.10.2022 17:50,50.0
Kjevik,SN39040,17.10.2022 18:20,50.0
Kjevik,SN39040,17.10.2022 18:50,50.0
Kjevik,SN39040,17.10.2022 19:20,48.2
Kjevik,SN39040,17.10.2022 19:50,48.2
Kjevik,SN39040,17.10.2022 20:20,48.2
Kjevik,SN39040,17.10.2022 20:50,46.4
Kjevik,SN39040,17.10.2022 21:20,48.2
Kjevik,SN39040,17.10.2022 21:50,46.4
Kjevik,SN39040,17.10.2022 22:20,46.4
Kjevik,SN39040,17.10.2022 22:50,46.4
Kjevik,SN39040,17.10.2022 23:20,46.4
Kjevik,SN39040,17.10.2022 23:50,48.2
Kjevik,SN39040,18.10.2022 01:50,46.4
Kjevik,SN39040,18.10.2022 02:50,46.4
Kjevik,SN39040,18.10.2022 03:50,53.6
Kjevik,SN39040,18.10.2022 04:20,53.6
Kjevik,SN39040,18.10.2022 04:50,53.6
Kjevik,SN39040,18.10.2022 05:20,53.6
Kjevik,SN39040,18.10.2022 05:50,53.6
Kjevik,SN39040,18.10.2022 06:20,51.8
Kjevik,SN39040,18.10.2022 06:50,51.8
Kjevik,SN39040,18.10.2022 07:20,50.0
Kjevik,SN39040,18.10.2022 07:50,51.8
Kjevik,SN39040,18.10.2022 08:20,51.8
Kjevik,SN39040,18.10.2022 08:50,53.6
Kjevik,SN39040,18.10.2022 09:20,53.6
Kjevik,SN39040,18.10.2022 09:50,53.6
Kjevik,SN39040,18.10.2022 10:20,55.4
Kjevik,SN39040,18.10.2022 10:50,55.4
Kjevik,SN39040,18.10.2022 11:20,57.2
Kjevik,SN39040,18.10.2022 11:50,57.2
Kjevik,SN39040,18.10.2022 12:20,59.0
Kjevik,SN39040,18.10.2022 12:50,59.0
Kjevik,SN39040,18.10.2022 13:20,59.0
Kjevik,SN39040,18.10.2022 13:50,60.8
Kjevik,SN39040,18.10.2022 14:20,60.8
Kjevik,SN39040,18.10.2022 14:50,59.0
Kjevik,SN39040,18.10.2022 15:20,57.2
Kjevik,SN39040,18.10.2022 15:50,59.0
Kjevik,SN39040,18.10.2022 16:20,53.6
Kjevik,SN39040,18.10.2022 16:50,51.8
Kjevik,SN39040,18.10.2022 17:20,50.0
Kjevik,SN39040,18.10.2022 17:50,48.2
Kjevik,SN39040,18.10.2022 18:20,46.4
Kjevik,SN39040,18.10.2022 18:50,46.4
Kjevik,SN39040,18.10.2022 19:20,44.6
Kjevik,SN39040,18.10.2022 19:50,42.8
Kjevik,SN39040,18.10.2022 20:20,42.8
Kjevik,SN39040,18.10.2022 20:50,44.6
Kjevik,SN39040,18.10.2022 21:20,44.6
Kjevik,SN39040,18.10.2022 21:50,44.6
Kjevik,SN39040,18.10.2022 22:20,42.8
Kjevik,SN39040,18.10.2022 22:50,42.8
Kjevik,SN39040,18.10.2022 23:20,41.0
Kjevik,SN39040,18.10.2022 23:50,41.0
Kjevik,SN39040,19.10.2022 00:20,41.0
Kjevik,SN39040,19.10.2022 00:50,42.8
Kjevik,SN39040,19.10.2022 01:20,42.8
Kjevik,SN39040,19.10.2022 01:50,42.8
Kjevik,SN39040,19.10.2022 02:20,42.8
Kjevik,SN39040,19.10.2022 02:50,41.0
Kjevik,SN39040,19.10.2022 03:20,39.2
Kjevik,SN39040,19.10.2022 03:50,39.2
Kjevik,SN39040,19.10.2022 04:20,37.4
Kjevik,SN39040,19.10.2022 04:50,39.2
Kjevik,SN39040,19.10.2022 05:20,39.2
Kjevik,SN39040,19.10.2022 05:50,39.2
Kjevik,SN39040,19.10.2022 06:20,39.2
Kjevik,SN39040,19.10.2022 06:50,37.4
Kjevik,SN39040,19.10.2022 07:20,35.6
Kjevik,SN39040,19.10.2022 07:50,37.4
Kjevik,SN39040,19.10.2022 08:20,39.2
Kjevik,SN39040,19.10.2022 08:50,39.2
Kjevik,SN39040,19.10.2022 09:20,41.0
Kjevik,SN39040,19.10.2022 09:50,44.6
Kjevik,SN39040,19.10.2022 10:20,44.6
Kjevik,SN39040,19.10.2022 10:50,48.2
Kjevik,SN39040,19.10.2022 11:20,50.0
Kjevik,SN39040,19.10.2022 11:50,53.6
Kjevik,SN39040,19.10.2022 12:20,51.8
Kjevik,SN39040,19.10.2022 12:50,53.6
Kjevik,SN39040,19.10.2022 13:20,55.4
Kjevik,SN39040,19.10.2022 13:50,53.6
Kjevik,SN39040,19.10.2022 14:20,55.4
Kjevik,SN39040,19.10.2022 14:50,53.6
Kjevik,SN39040,19.10.2022 15:20,53.6
Kjevik,SN39040,19.10.2022 15:50,51.8
Kjevik,SN39040,19.10.2022 16:20,51.8
Kjevik,SN39040,19.10.2022 16:50,50.0
Kjevik,SN39040,19.10.2022 17:20,48.2
Kjevik,SN39040,19.10.2022 17:50,48.2
Kjevik,SN39040,19.10.2022 18:20,46.4
Kjevik,SN39040,19.10.2022 18:50,44.6
Kjevik,SN39040,19.10.2022 19:20,42.8
Kjevik,SN39040,19.10.2022 19:50,42.8
Kjevik,SN39040,19.10.2022 20:20,42.8
Kjevik,SN39040,19.10.2022 20:50,41.0
Kjevik,SN39040,19.10.2022 21:20,41.0
Kjevik,SN39040,19.10.2022 21:50,37.4
Kjevik,SN39040,19.10.2022 22:20,37.4
Kjevik,SN39040,19.10.2022 22:50,37.4
Kjevik,SN39040,19.10.2022 23:20,37.4
Kjevik,SN39040,19.10.2022 23:50,37.4
Kjevik,SN39040,20.10.2022 00:20,35.6
Kjevik,SN39040,20.10.2022 00:50,35.6
Kjevik,SN39040,20.10.2022 01:20,35.6
Kjevik,SN39040,20.10.2022 01:50,35.6
Kjevik,SN39040,20.10.2022 02:20,37.4
Kjevik,SN39040,20.10.2022 02:50,37.4
Kjevik,SN39040,20.10.2022 03:20,37.4
Kjevik,SN39040,20.10.2022 03:50,37.4
Kjevik,SN39040,20.10.2022 04:20,37.4
Kjevik,SN39040,20.10.2022 04:50,37.4
Kjevik,SN39040,20.10.2022 05:20,37.4
Kjevik,SN39040,20.10.2022 05:50,37.4
Kjevik,SN39040,20.10.2022 06:20,37.4
Kjevik,SN39040,20.10.2022 06:50,39.2
Kjevik,SN39040,20.10.2022 07:20,39.2
Kjevik,SN39040,20.10.2022 07:50,39.2
Kjevik,SN39040,20.10.2022 08:20,39.2
Kjevik,SN39040,20.10.2022 08:50,42.8
Kjevik,SN39040,20.10.2022 09:20,41.0
Kjevik,SN39040,20.10.2022 09:50,42.8
Kjevik,SN39040,20.10.2022 10:20,44.6
Kjevik,SN39040,20.10.2022 10:50,48.2
Kjevik,SN39040,20.10.2022 11:20,50.0
Kjevik,SN39040,20.10.2022 11:50,51.8
Kjevik,SN39040,20.10.2022 12:20,50.0
Kjevik,SN39040,20.10.2022 12:50,51.8
Kjevik,SN39040,20.10.2022 13:20,50.0
Kjevik,SN39040,20.10.2022 13:50,50.0
Kjevik,SN39040,20.10.2022 14:20,50.0
Kjevik,SN39040,20.10.2022 14:50,50.0
Kjevik,SN39040,20.10.2022 15:20,48.2
Kjevik,SN39040,20.10.2022 15:50,48.2
Kjevik,SN39040,20.10.2022 16:20,46.4
Kjevik,SN39040,20.10.2022 16:50,44.6
Kjevik,SN39040,20.10.2022 17:20,44.6
Kjevik,SN39040,20.10.2022 17:50,44.6
Kjevik,SN39040,20.10.2022 18:20,44.6
Kjevik,SN39040,20.10.2022 18:50,44.6
Kjevik,SN39040,20.10.2022 19:20,44.6
Kjevik,SN39040,20.10.2022 19:50,44.6
Kjevik,SN39040,20.10.2022 20:20,44.6
Kjevik,SN39040,20.10.2022 20:50,44.6
Kjevik,SN39040,20.10.2022 21:20,44.6
Kjevik,SN39040,20.10.2022 21:50,46.4
Kjevik,SN39040,20.10.2022 22:20,46.4
Kjevik,SN39040,20.10.2022 22:50,46.4
Kjevik,SN39040,21.10.2022 00:20,48.2
Kjevik,SN39040,21.10.2022 00:50,48.2
Kjevik,SN39040,21.10.2022 01:20,48.2
Kjevik,SN39040,21.10.2022 01:50,48.2
Kjevik,SN39040,21.10.2022 02:20,46.4
Kjevik,SN39040,21.10.2022 02:50,46.4
Kjevik,SN39040,21.10.2022 03:20,46.4
Kjevik,SN39040,21.10.2022 03:50,46.4
Kjevik,SN39040,21.10.2022 04:20,46.4
Kjevik,SN39040,21.10.2022 04:50,46.4
Kjevik,SN39040,21.10.2022 05:20,44.6
Kjevik,SN39040,21.10.2022 05:50,44.6
Kjevik,SN39040,21.10.2022 06:20,44.6
Kjevik,SN39040,21.10.2022 06:50,44.6
Kjevik,SN39040,21.10.2022 07:20,42.8
Kjevik,SN39040,21.10.2022 07:50,42.8
Kjevik,SN39040,21.10.2022 08:20,42.8
Kjevik,SN39040,21.10.2022 08:50,42.8
Kjevik,SN39040,21.10.2022 09:20,42.8
Kjevik,SN39040,21.10.2022 09:50,42.8
Kjevik,SN39040,21.10.2022 10:20,42.8
Kjevik,SN39040,21.10.2022 10:50,42.8
Kjevik,SN39040,21.10.2022 11:20,42.8
Kjevik,SN39040,21.10.2022 11:50,44.6
Kjevik,SN39040,21.10.2022 12:20,44.6
Kjevik,SN39040,21.10.2022 12:50,44.6
Kjevik,SN39040,21.10.2022 13:20,44.6
Kjevik,SN39040,21.10.2022 13:50,44.6
Kjevik,SN39040,21.10.2022 14:20,44.6
Kjevik,SN39040,21.10.2022 14:50,44.6
Kjevik,SN39040,21.10.2022 15:20,44.6
Kjevik,SN39040,21.10.2022 15:50,44.6
Kjevik,SN39040,21.10.2022 16:20,44.6
Kjevik,SN39040,21.10.2022 16:50,44.6
Kjevik,SN39040,21.10.2022 17:20,44.6
Kjevik,SN39040,21.10.2022 17:50,44.6
Kjevik,SN39040,21.10.2022 18:20,44.6
Kjevik,SN39040,21.10.2022 18:50,44.6
Kjevik,SN39040,21.10.2022 19:20,44.6
Kjevik,SN39040,21.10.2022 19:50,44.6
Kjevik,SN39040,21.10.2022 20:20,44.6
Kjevik,SN39040,21.10.2022 20:50,44.6
Kjevik,SN39040,21.10.2022 21:20,44.6
Kjevik,SN39040,21.10.2022 21:50,44.6
Kjevik,SN39040,21.10.2022 22:20,44.6
Kjevik,SN39040,21.10.2022 22:50,44.6
Kjevik,SN39040,21.10.2022 23:20,44.6
Kjevik,SN39040,21.10.2022 23:50,44.6
Kjevik,SN39040,22.10.2022 00:20,44.6
Kjevik,SN39040,22.10.2022 00:50,44.6
Kjevik,SN39040,22.10.2022 01:20,44.6
Kjevik,SN39040,22.10.2022 01:50,44.6
Kjevik,SN39040,22.10.2022 02:20,44.6
Kjevik,SN39040,22.10.2022 02:50,44.6
Kjevik,SN39040,22.10.2022 03:20,44.6
Kjevik,SN39040,22.10.2022 03:50,44.6
Kjevik,SN39040,22.10.2022 04:20,44.6
Kjevik,SN39040,22.10.2022 04:50,44.6
Kjevik,SN39040,22.10.2022 05:20,44.6
Kjevik,SN39040,22.10.2022 05:50,44.6
Kjevik,SN39040,22.10.2022 06:20,44.6
Kjevik,SN39040,22.10.2022 06:50,44.6
Kjevik,SN39040,22.10.2022 07:20,44.6
Kjevik,SN39040,22.10.2022 07:50,44.6
Kjevik,SN39040,22.10.2022 08:20,44.6
Kjevik,SN39040,22.10.2022 08:50,44.6
Kjevik,SN39040,22.10.2022 09:20,44.6
Kjevik,SN39040,22.10.2022 09:50,46.4
Kjevik,SN39040,22.10.2022 10:20,46.4
Kjevik,SN39040,22.10.2022 10:50,46.4
Kjevik,SN39040,22.10.2022 11:20,48.2
Kjevik,SN39040,22.10.2022 11:50,48.2
Kjevik,SN39040,22.10.2022 12:20,48.2
Kjevik,SN39040,22.10.2022 12:50,48.2
Kjevik,SN39040,22.10.2022 13:20,48.2
Kjevik,SN39040,22.10.2022 13:50,48.2
Kjevik,SN39040,22.10.2022 14:20,48.2
Kjevik,SN39040,22.10.2022 14:50,48.2
Kjevik,SN39040,22.10.2022 15:20,48.2
Kjevik,SN39040,22.10.2022 15:50,48.2
Kjevik,SN39040,22.10.2022 16:20,48.2
Kjevik,SN39040,22.10.2022 16:50,46.4
Kjevik,SN39040,22.10.2022 17:20,46.4
Kjevik,SN39040,22.10.2022 17:50,46.4
Kjevik,SN39040,22.10.2022 18:20,46.4
Kjevik,SN39040,22.10.2022 18:50,46.4
Kjevik,SN39040,22.10.2022 19:20,46.4
Kjevik,SN39040,22.10.2022 19:50,46.4
Kjevik,SN39040,22.10.2022 20:20,46.4
Kjevik,SN39040,22.10.2022 20:50,46.4
Kjevik,SN39040,22.10.2022 21:20,46.4
Kjevik,SN39040,22.10.2022 21:50,46.4
Kjevik,SN39040,22.10.2022 22:20,46.4
Kjevik,SN39040,22.10.2022 22:50,46.4
Kjevik,SN39040,22.10.2022 23:20,46.4
Kjevik,SN39040,22.10.2022 23:50,46.4
Kjevik,SN39040,23.10.2022 00:20,46.4
Kjevik,SN39040,23.10.2022 00:50,46.4
Kjevik,SN39040,23.10.2022 01:20,46.4
Kjevik,SN39040,23.10.2022 02:20,46.4
Kjevik,SN39040,23.10.2022 02:50,46.4
Kjevik,SN39040,23.10.2022 03:20,46.4
Kjevik,SN39040,23.10.2022 03:50,46.4
Kjevik,SN39040,23.10.2022 04:20,46.4
Kjevik,SN39040,23.10.2022 04:50,46.4
Kjevik,SN39040,23.10.2022 05:20,46.4
Kjevik,SN39040,23.10.2022 05:50,46.4
Kjevik,SN39040,23.10.2022 06:20,46.4
Kjevik,SN39040,23.10.2022 06:50,46.4
Kjevik,SN39040,23.10.2022 07:20,46.4
Kjevik,SN39040,23.10.2022 07:50,46.4
Kjevik,SN39040,23.10.2022 08:20,46.4
Kjevik,SN39040,23.10.2022 08:50,46.4
Kjevik,SN39040,23.10.2022 09:20,48.2
Kjevik,SN39040,23.10.2022 09:50,48.2
Kjevik,SN39040,23.10.2022 10:20,48.2
Kjevik,SN39040,23.10.2022 10:50,48.2
Kjevik,SN39040,23.10.2022 11:20,50.0
Kjevik,SN39040,23.10.2022 11:50,50.0
Kjevik,SN39040,23.10.2022 12:20,50.0
Kjevik,SN39040,23.10.2022 12:50,50.0
Kjevik,SN39040,23.10.2022 13:20,50.0
Kjevik,SN39040,23.10.2022 13:50,51.8
Kjevik,SN39040,23.10.2022 14:20,51.8
Kjevik,SN39040,23.10.2022 14:50,51.8
Kjevik,SN39040,23.10.2022 15:20,51.8
Kjevik,SN39040,23.10.2022 15:50,51.8
Kjevik,SN39040,23.10.2022 16:20,51.8
Kjevik,SN39040,23.10.2022 16:50,51.8
Kjevik,SN39040,23.10.2022 17:20,50.0
Kjevik,SN39040,23.10.2022 17:50,50.0
Kjevik,SN39040,23.10.2022 18:20,50.0
Kjevik,SN39040,23.10.2022 18:50,48.2
Kjevik,SN39040,23.10.2022 19:20,48.2
Kjevik,SN39040,23.10.2022 19:50,46.4
Kjevik,SN39040,23.10.2022 20:20,46.4
Kjevik,SN39040,23.10.2022 20:50,48.2
Kjevik,SN39040,23.10.2022 21:20,48.2
Kjevik,SN39040,23.10.2022 21:50,50.0
Kjevik,SN39040,23.10.2022 22:20,50.0
Kjevik,SN39040,23.10.2022 22:50,50.0
Kjevik,SN39040,23.10.2022 23:20,50.0
Kjevik,SN39040,23.10.2022 23:50,50.0
Kjevik,SN39040,24.10.2022 00:20,50.0
Kjevik,SN39040,24.10.2022 00:50,51.8
Kjevik,SN39040,24.10.2022 01:20,50.0
Kjevik,SN39040,24.10.2022 01:50,50.0
Kjevik,SN39040,24.10.2022 02:20,50.0
Kjevik,SN39040,24.10.2022 02:50,50.0
Kjevik,SN39040,24.10.2022 03:20,50.0
Kjevik,SN39040,24.10.2022 03:50,48.2
Kjevik,SN39040,24.10.2022 04:20,48.2
Kjevik,SN39040,24.10.2022 04:50,48.2
Kjevik,SN39040,24.10.2022 05:20,48.2
Kjevik,SN39040,24.10.2022 05:50,48.2
Kjevik,SN39040,24.10.2022 06:20,50.0
Kjevik,SN39040,24.10.2022 06:50,50.0
Kjevik,SN39040,24.10.2022 07:20,50.0
Kjevik,SN39040,24.10.2022 07:50,50.0
Kjevik,SN39040,24.10.2022 08:20,50.0
Kjevik,SN39040,24.10.2022 08:50,50.0
Kjevik,SN39040,24.10.2022 09:20,50.0
Kjevik,SN39040,24.10.2022 09:50,50.0
Kjevik,SN39040,24.10.2022 10:20,50.0
Kjevik,SN39040,24.10.2022 10:50,48.2
Kjevik,SN39040,24.10.2022 11:20,50.0
Kjevik,SN39040,24.10.2022 11:50,50.0
Kjevik,SN39040,24.10.2022 12:20,50.0
Kjevik,SN39040,24.10.2022 12:50,50.0
Kjevik,SN39040,24.10.2022 13:20,50.0
Kjevik,SN39040,24.10.2022 13:50,50.0
Kjevik,SN39040,24.10.2022 14:20,50.0
Kjevik,SN39040,24.10.2022 14:50,50.0
Kjevik,SN39040,24.10.2022 15:20,50.0
Kjevik,SN39040,24.10.2022 15:50,50.0
Kjevik,SN39040,24.10.2022 16:20,48.2
Kjevik,SN39040,24.10.2022 16:50,48.2
Kjevik,SN39040,24.10.2022 17:20,48.2
Kjevik,SN39040,24.10.2022 17:50,48.2
Kjevik,SN39040,24.10.2022 18:20,48.2
Kjevik,SN39040,24.10.2022 18:50,48.2
Kjevik,SN39040,24.10.2022 19:20,48.2
Kjevik,SN39040,24.10.2022 19:50,48.2
Kjevik,SN39040,24.10.2022 20:20,48.2
Kjevik,SN39040,24.10.2022 20:50,48.2
Kjevik,SN39040,24.10.2022 21:20,48.2
Kjevik,SN39040,24.10.2022 21:50,50.0
Kjevik,SN39040,24.10.2022 22:20,50.0
Kjevik,SN39040,24.10.2022 22:50,50.0
Kjevik,SN39040,24.10.2022 23:20,50.0
Kjevik,SN39040,25.10.2022 00:20,50.0
Kjevik,SN39040,25.10.2022 01:20,50.0
Kjevik,SN39040,25.10.2022 01:50,50.0
Kjevik,SN39040,25.10.2022 02:20,50.0
Kjevik,SN39040,25.10.2022 03:20,50.0
Kjevik,SN39040,25.10.2022 03:50,48.2
Kjevik,SN39040,25.10.2022 04:20,48.2
Kjevik,SN39040,25.10.2022 04:50,48.2
Kjevik,SN39040,25.10.2022 05:20,48.2
Kjevik,SN39040,25.10.2022 05:50,48.2
Kjevik,SN39040,25.10.2022 06:20,48.2
Kjevik,SN39040,25.10.2022 06:50,48.2
Kjevik,SN39040,25.10.2022 07:20,48.2
Kjevik,SN39040,25.10.2022 07:50,48.2
Kjevik,SN39040,25.10.2022 08:20,50.0
Kjevik,SN39040,25.10.2022 08:50,50.0
Kjevik,SN39040,25.10.2022 09:20,50.0
Kjevik,SN39040,25.10.2022 09:50,50.0
Kjevik,SN39040,25.10.2022 10:20,50.0
Kjevik,SN39040,25.10.2022 10:50,50.0
Kjevik,SN39040,25.10.2022 11:20,51.8
Kjevik,SN39040,25.10.2022 11:50,51.8
Kjevik,SN39040,25.10.2022 12:20,51.8
Kjevik,SN39040,25.10.2022 12:50,53.6
Kjevik,SN39040,25.10.2022 13:20,55.4
Kjevik,SN39040,25.10.2022 13:50,59.0
Kjevik,SN39040,25.10.2022 14:20,57.2
Kjevik,SN39040,25.10.2022 14:50,57.2
Kjevik,SN39040,25.10.2022 15:20,57.2
Kjevik,SN39040,25.10.2022 15:50,53.6
Kjevik,SN39040,25.10.2022 16:20,55.4
Kjevik,SN39040,25.10.2022 16:50,53.6
Kjevik,SN39040,25.10.2022 17:20,51.8
Kjevik,SN39040,25.10.2022 17:50,50.0
Kjevik,SN39040,25.10.2022 18:20,50.0
Kjevik,SN39040,25.10.2022 18:50,50.0
Kjevik,SN39040,25.10.2022 19:20,50.0
Kjevik,SN39040,25.10.2022 19:50,50.0
Kjevik,SN39040,25.10.2022 20:20,51.8
Kjevik,SN39040,25.10.2022 20:50,51.8
Kjevik,SN39040,25.10.2022 21:20,50.0
Kjevik,SN39040,25.10.2022 21:50,50.0
Kjevik,SN39040,25.10.2022 22:20,50.0
Kjevik,SN39040,25.10.2022 22:50,48.2
Kjevik,SN39040,25.10.2022 23:20,48.2
Kjevik,SN39040,25.10.2022 23:50,46.4
Kjevik,SN39040,26.10.2022 00:20,46.4
Kjevik,SN39040,26.10.2022 00:50,48.2
Kjevik,SN39040,26.10.2022 01:20,48.2
Kjevik,SN39040,26.10.2022 01:50,48.2
Kjevik,SN39040,26.10.2022 02:20,48.2
Kjevik,SN39040,26.10.2022 02:50,48.2
Kjevik,SN39040,26.10.2022 03:20,48.2
Kjevik,SN39040,26.10.2022 03:50,48.2
Kjevik,SN39040,26.10.2022 04:20,48.2
Kjevik,SN39040,26.10.2022 04:50,46.4
Kjevik,SN39040,26.10.2022 05:20,48.2
Kjevik,SN39040,26.10.2022 05:50,44.6
Kjevik,SN39040,26.10.2022 06:20,46.4
Kjevik,SN39040,26.10.2022 06:50,46.4
Kjevik,SN39040,26.10.2022 07:20,48.2
Kjevik,SN39040,26.10.2022 07:50,48.2
Kjevik,SN39040,26.10.2022 08:20,48.2
Kjevik,SN39040,26.10.2022 08:50,50.0
Kjevik,SN39040,26.10.2022 09:20,50.0
Kjevik,SN39040,26.10.2022 09:50,51.8
Kjevik,SN39040,26.10.2022 10:20,51.8
Kjevik,SN39040,26.10.2022 10:50,51.8
Kjevik,SN39040,26.10.2022 11:20,51.8
Kjevik,SN39040,26.10.2022 11:50,53.6
Kjevik,SN39040,26.10.2022 12:20,53.6
Kjevik,SN39040,26.10.2022 12:50,53.6
Kjevik,SN39040,26.10.2022 13:20,53.6
Kjevik,SN39040,26.10.2022 13:50,53.6
Kjevik,SN39040,26.10.2022 14:20,53.6
Kjevik,SN39040,26.10.2022 14:50,53.6
Kjevik,SN39040,26.10.2022 15:20,53.6
Kjevik,SN39040,26.10.2022 15:50,51.8
Kjevik,SN39040,26.10.2022 16:20,51.8
Kjevik,SN39040,26.10.2022 16:50,51.8
Kjevik,SN39040,26.10.2022 17:20,51.8
Kjevik,SN39040,26.10.2022 17:50,51.8
Kjevik,SN39040,26.10.2022 18:20,53.6
Kjevik,SN39040,26.10.2022 18:50,53.6
Kjevik,SN39040,26.10.2022 19:20,53.6
Kjevik,SN39040,26.10.2022 19:50,53.6
Kjevik,SN39040,26.10.2022 20:20,53.6
Kjevik,SN39040,26.10.2022 20:50,53.6
Kjevik,SN39040,26.10.2022 21:20,53.6
Kjevik,SN39040,26.10.2022 21:50,55.4
Kjevik,SN39040,26.10.2022 22:20,53.6
Kjevik,SN39040,26.10.2022 22:50,55.4
Kjevik,SN39040,26.10.2022 23:20,55.4
Kjevik,SN39040,26.10.2022 23:50,55.4
Kjevik,SN39040,27.10.2022 00:50,53.6
Kjevik,SN39040,27.10.2022 01:20,53.6
Kjevik,SN39040,27.10.2022 01:50,53.6
Kjevik,SN39040,27.10.2022 02:20,51.8
Kjevik,SN39040,27.10.2022 03:20,51.8
Kjevik,SN39040,27.10.2022 03:50,51.8
Kjevik,SN39040,27.10.2022 04:20,50.0
Kjevik,SN39040,27.10.2022 04:50,50.0
Kjevik,SN39040,27.10.2022 05:20,50.0
Kjevik,SN39040,27.10.2022 05:50,50.0
Kjevik,SN39040,27.10.2022 06:20,48.2
Kjevik,SN39040,27.10.2022 06:50,46.4
Kjevik,SN39040,27.10.2022 07:20,46.4
Kjevik,SN39040,27.10.2022 07:50,48.2
Kjevik,SN39040,27.10.2022 08:20,46.4
Kjevik,SN39040,27.10.2022 08:50,46.4
Kjevik,SN39040,27.10.2022 09:20,50.0
Kjevik,SN39040,27.10.2022 09:50,51.8
Kjevik,SN39040,27.10.2022 10:20,51.8
Kjevik,SN39040,27.10.2022 10:50,53.6
Kjevik,SN39040,27.10.2022 11:20,55.4
Kjevik,SN39040,27.10.2022 11:50,55.4
Kjevik,SN39040,27.10.2022 12:20,55.4
Kjevik,SN39040,27.10.2022 12:50,55.4
Kjevik,SN39040,27.10.2022 13:20,55.4
Kjevik,SN39040,27.10.2022 13:50,57.2
Kjevik,SN39040,27.10.2022 14:20,55.4
Kjevik,SN39040,27.10.2022 14:50,55.4
Kjevik,SN39040,27.10.2022 15:20,55.4
Kjevik,SN39040,27.10.2022 15:50,53.6
Kjevik,SN39040,27.10.2022 16:20,53.6
Kjevik,SN39040,27.10.2022 16:50,53.6
Kjevik,SN39040,27.10.2022 17:20,53.6
Kjevik,SN39040,27.10.2022 17:50,53.6
Kjevik,SN39040,27.10.2022 18:20,53.6
Kjevik,SN39040,27.10.2022 18:50,53.6
Kjevik,SN39040,27.10.2022 19:20,53.6
Kjevik,SN39040,27.10.2022 19:50,55.4
Kjevik,SN39040,27.10.2022 20:20,53.6
Kjevik,SN39040,27.10.2022 20:50,53.6
Kjevik,SN39040,27.10.2022 21:20,55.4
Kjevik,SN39040,27.10.2022 21:50,53.6
Kjevik,SN39040,27.10.2022 22:20,55.4
Kjevik,SN39040,27.10.2022 22:50,55.4
Kjevik,SN39040,27.10.2022 23:20,55.4
Kjevik,SN39040,27.10.2022 23:50,55.4
Kjevik,SN39040,28.10.2022 00:20,55.4
Kjevik,SN39040,28.10.2022 00:50,55.4
Kjevik,SN39040,28.10.2022 01:20,55.4
Kjevik,SN39040,28.10.2022 01:50,55.4
Kjevik,SN39040,28.10.2022 02:20,55.4
Kjevik,SN39040,28.10.2022 02:50,55.4
Kjevik,SN39040,28.10.2022 03:20,55.4
Kjevik,SN39040,28.10.2022 03:50,55.4
Kjevik,SN39040,28.10.2022 04:20,55.4
Kjevik,SN39040,28.10.2022 04:50,55.4
Kjevik,SN39040,28.10.2022 05:20,55.4
Kjevik,SN39040,28.10.2022 05:50,55.4
Kjevik,SN39040,28.10.2022 06:20,53.6
Kjevik,SN39040,28.10.2022 06:50,53.6
Kjevik,SN39040,28.10.2022 07:20,53.6
Kjevik,SN39040,28.10.2022 07:50,53.6
Kjevik,SN39040,28.10.2022 08:20,55.4
Kjevik,SN39040,28.10.2022 08:50,53.6
Kjevik,SN39040,28.10.2022 09:20,53.6
Kjevik,SN39040,28.10.2022 09:50,57.2
Kjevik,SN39040,28.10.2022 10:20,55.4
Kjevik,SN39040,28.10.2022 10:50,53.6
Kjevik,SN39040,28.10.2022 11:20,53.6
Kjevik,SN39040,28.10.2022 11:50,53.6
Kjevik,SN39040,28.10.2022 12:20,53.6
Kjevik,SN39040,28.10.2022 12:50,53.6
Kjevik,SN39040,28.10.2022 13:20,53.6
Kjevik,SN39040,28.10.2022 13:50,53.6
Kjevik,SN39040,28.10.2022 14:20,53.6
Kjevik,SN39040,28.10.2022 14:50,55.4
Kjevik,SN39040,28.10.2022 15:20,53.6
Kjevik,SN39040,28.10.2022 15:50,53.6
Kjevik,SN39040,28.10.2022 16:20,55.4
Kjevik,SN39040,28.10.2022 16:50,53.6
Kjevik,SN39040,28.10.2022 17:20,53.6
Kjevik,SN39040,28.10.2022 17:50,53.6
Kjevik,SN39040,28.10.2022 18:20,53.6
Kjevik,SN39040,28.10.2022 18:50,53.6
Kjevik,SN39040,28.10.2022 19:20,55.4
Kjevik,SN39040,28.10.2022 19:50,55.4
Kjevik,SN39040,28.10.2022 20:20,55.4
Kjevik,SN39040,28.10.2022 20:50,55.4
Kjevik,SN39040,28.10.2022 21:20,55.4
Kjevik,SN39040,28.10.2022 21:50,57.2
Kjevik,SN39040,28.10.2022 22:20,57.2
Kjevik,SN39040,28.10.2022 22:50,55.4
Kjevik,SN39040,28.10.2022 23:20,53.6
Kjevik,SN39040,28.10.2022 23:50,53.6
Kjevik,SN39040,29.10.2022 00:20,53.6
Kjevik,SN39040,29.10.2022 00:50,53.6
Kjevik,SN39040,29.10.2022 01:20,53.6
Kjevik,SN39040,29.10.2022 01:50,51.8
Kjevik,SN39040,29.10.2022 02:20,51.8
Kjevik,SN39040,29.10.2022 02:50,51.8
Kjevik,SN39040,29.10.2022 03:20,50.0
Kjevik,SN39040,29.10.2022 03:50,51.8
Kjevik,SN39040,29.10.2022 04:20,51.8
Kjevik,SN39040,29.10.2022 04:50,50.0
Kjevik,SN39040,29.10.2022 05:20,50.0
Kjevik,SN39040,29.10.2022 05:50,50.0
Kjevik,SN39040,29.10.2022 06:20,50.0
Kjevik,SN39040,29.10.2022 06:50,50.0
Kjevik,SN39040,29.10.2022 07:20,48.2
Kjevik,SN39040,29.10.2022 07:50,50.0
Kjevik,SN39040,29.10.2022 08:20,50.0
Kjevik,SN39040,29.10.2022 08:50,53.6
Kjevik,SN39040,29.10.2022 09:20,55.4
Kjevik,SN39040,29.10.2022 09:50,55.4
Kjevik,SN39040,29.10.2022 10:20,55.4
Kjevik,SN39040,29.10.2022 10:50,55.4
Kjevik,SN39040,29.10.2022 11:20,57.2
Kjevik,SN39040,29.10.2022 11:50,57.2
Kjevik,SN39040,29.10.2022 12:20,57.2
Kjevik,SN39040,29.10.2022 12:50,57.2
Kjevik,SN39040,29.10.2022 13:20,57.2
Kjevik,SN39040,29.10.2022 13:50,55.4
Kjevik,SN39040,29.10.2022 14:20,57.2
Kjevik,SN39040,29.10.2022 14:50,55.4
Kjevik,SN39040,29.10.2022 15:20,53.6
Kjevik,SN39040,29.10.2022 15:50,51.8
Kjevik,SN39040,29.10.2022 16:20,53.6
Kjevik,SN39040,29.10.2022 16:50,51.8
Kjevik,SN39040,29.10.2022 17:20,51.8
Kjevik,SN39040,29.10.2022 17:50,51.8
Kjevik,SN39040,29.10.2022 18:20,51.8
Kjevik,SN39040,29.10.2022 18:50,51.8
Kjevik,SN39040,29.10.2022 19:20,50.0
Kjevik,SN39040,29.10.2022 19:50,50.0
Kjevik,SN39040,29.10.2022 20:20,46.4
Kjevik,SN39040,29.10.2022 20:50,44.6
Kjevik,SN39040,29.10.2022 21:20,42.8
Kjevik,SN39040,29.10.2022 21:50,41.0
Kjevik,SN39040,29.10.2022 22:20,41.0
Kjevik,SN39040,29.10.2022 22:50,41.0
Kjevik,SN39040,29.10.2022 23:20,41.0
Kjevik,SN39040,29.10.2022 23:50,41.0
Kjevik,SN39040,30.10.2022 00:20,41.0
Kjevik,SN39040,30.10.2022 00:50,39.2
Kjevik,SN39040,30.10.2022 01:20,41.0
Kjevik,SN39040,30.10.2022 01:50,41.0
Kjevik,SN39040,30.10.2022 02:20,41.0
Kjevik,SN39040,30.10.2022 02:50,41.0
Kjevik,SN39040,30.10.2022 03:20,41.0
Kjevik,SN39040,30.10.2022 04:20,41.0
Kjevik,SN39040,30.10.2022 04:50,42.8
Kjevik,SN39040,30.10.2022 05:20,42.8
Kjevik,SN39040,30.10.2022 05:50,42.8
Kjevik,SN39040,30.10.2022 06:20,42.8
Kjevik,SN39040,30.10.2022 06:50,44.6
Kjevik,SN39040,30.10.2022 07:20,44.6
Kjevik,SN39040,30.10.2022 07:50,44.6
Kjevik,SN39040,30.10.2022 08:20,44.6
Kjevik,SN39040,30.10.2022 08:50,44.6
Kjevik,SN39040,30.10.2022 09:20,46.4
Kjevik,SN39040,30.10.2022 09:50,46.4
Kjevik,SN39040,30.10.2022 10:20,46.4
Kjevik,SN39040,30.10.2022 10:50,48.2
Kjevik,SN39040,30.10.2022 11:20,50.0
Kjevik,SN39040,30.10.2022 11:50,50.0
Kjevik,SN39040,30.10.2022 12:20,50.0
Kjevik,SN39040,30.10.2022 12:50,50.0
Kjevik,SN39040,30.10.2022 13:20,51.8
Kjevik,SN39040,30.10.2022 13:50,51.8
Kjevik,SN39040,30.10.2022 14:20,51.8
Kjevik,SN39040,30.10.2022 14:50,51.8
Kjevik,SN39040,30.10.2022 15:20,51.8
Kjevik,SN39040,30.10.2022 15:50,51.8
Kjevik,SN39040,30.10.2022 16:20,50.0
Kjevik,SN39040,30.10.2022 16:50,50.0
Kjevik,SN39040,30.10.2022 17:20,50.0
Kjevik,SN39040,30.10.2022 17:50,50.0
Kjevik,SN39040,30.10.2022 18:20,50.0
Kjevik,SN39040,30.10.2022 18:50,50.0
Kjevik,SN39040,30.10.2022 19:20,50.0
Kjevik,SN39040,30.10.2022 19:50,50.0
Kjevik,SN39040,30.10.2022 20:20,50.0
Kjevik,SN39040,30.10.2022 20:50,50.0
Kjevik,SN39040,30.10.2022 21:20,50.0
Kjevik,SN39040,30.10.2022 21:50,50.0
Kjevik,SN39040,30.10.2022 22:20,50.0
Kjevik,SN39040,30.10.2022 22:50,50.0
Kjevik,SN39040,30.10.2022 23:20,50.0
Kjevik,SN39040,30.10.2022 23:50,50.0
Kjevik,SN39040,31.10.2022 00:20,50.0
Kjevik,SN39040,31.10.2022 00:50,50.0
Kjevik,SN39040,31.10.2022 01:20,50.0
Kjevik,SN39040,31.10.2022 01:50,50.0
Kjevik,SN39040,31.10.2022 02:20,50.0
Kjevik,SN39040,31.10.2022 02:50,50.0
Kjevik,SN39040,31.10.2022 03:20,50.0
Kjevik,SN39040,31.10.2022 03:50,50.0
Kjevik,SN39040,31.10.2022 04:50,51.8
Kjevik,SN39040,31.10.2022 05:20,51.8
Kjevik,SN39040,31.10.2022 05:50,51.8
Kjevik,SN39040,31.10.2022 06:20,53.6
Kjevik,SN39040,31.10.2022 06:50,53.6
Kjevik,SN39040,31.10.2022 07:20,51.8
Kjevik,SN39040,31.10.2022 07:50,51.8
Kjevik,SN39040,31.10.2022 08:20,50.0
Kjevik,SN39040,31.10.2022 08:50,48.2
Kjevik,SN39040,31.10.2022 09:20,50.0
Kjevik,SN39040,31.10.2022 09:50,51.8
Kjevik,SN39040,31.10.2022 10:20,53.6
Kjevik,SN39040,31.10.2022 10:50,53.6
Kjevik,SN39040,31.10.2022 11:20,55.4
Kjevik,SN39040,31.10.2022 11:50,55.4
Kjevik,SN39040,31.10.2022 12:20,55.4
Kjevik,SN39040,31.10.2022 12:50,55.4
Kjevik,SN39040,31.10.2022 13:20,57.2
Kjevik,SN39040,31.10.2022 13:50,55.4
Kjevik,SN39040,31.10.2022 14:20,55.4
Kjevik,SN39040,31.10.2022 14:50,55.4
Kjevik,SN39040,31.10.2022 15:20,53.6
Kjevik,SN39040,31.10.2022 15:50,53.6
Kjevik,SN39040,31.10.2022 16:20,53.6
Kjevik,SN39040,31.10.2022 16:50,53.6
Kjevik,SN39040,31.10.2022 17:20,53.6
Kjevik,SN39040,31.10.2022 17:50,53.6
Kjevik,SN39040,31.10.2022 18:20,53.6
Kjevik,SN39040,31.10.2022 18:50,53.6
Kjevik,SN39040,31.10.2022 19:20,51.8
Kjevik,SN39040,31.10.2022 19:50,51.8
Kjevik,SN39040,31.10.2022 20:20,51.8
Kjevik,SN39040,31.10.2022 20:50,51.8
Kjevik,SN39040,31.10.2022 21:20,50.0
Kjevik,SN39040,31.10.2022 21:50,50.0
Kjevik,SN39040,31.10.2022 22:20,51.8
Kjevik,SN39040,31.10.2022 22:50,51.8
Kjevik,SN39040,31.10.2022 23:20,51.8
Kjevik,SN39040,31.10.2022 23:50,51.8
Kjevik,SN39040,01.11.2022 01:20,51.8
Kjevik,SN39040,01.11.2022 01:50,51.8
Kjevik,SN39040,01.11.2022 02:20,51.8
Kjevik,SN39040,01.11.2022 02:50,51.8
Kjevik,SN39040,01.11.2022 03:20,51.8
Kjevik,SN39040,01.11.2022 03:50,53.6
Kjevik,SN39040,01.11.2022 04:20,53.6
Kjevik,SN39040,01.11.2022 04:50,53.6
Kjevik,SN39040,01.11.2022 05:20,53.6
Kjevik,SN39040,01.11.2022 05:50,53.6
Kjevik,SN39040,01.11.2022 06:20,53.6
Kjevik,SN39040,01.11.2022 06:50,53.6
Kjevik,SN39040,01.11.2022 07:20,53.6
Kjevik,SN39040,01.11.2022 07:50,53.6
Kjevik,SN39040,01.11.2022 08:20,53.6
Kjevik,SN39040,01.11.2022 08:50,53.6
Kjevik,SN39040,01.11.2022 09:20,53.6
Kjevik,SN39040,01.11.2022 09:50,53.6
Kjevik,SN39040,01.11.2022 10:20,53.6
Kjevik,SN39040,01.11.2022 10:50,53.6
Kjevik,SN39040,01.11.2022 11:20,53.6
Kjevik,SN39040,01.11.2022 11:50,53.6
Kjevik,SN39040,01.11.2022 12:20,53.6
Kjevik,SN39040,01.11.2022 12:50,53.6
Kjevik,SN39040,01.11.2022 13:20,55.4
Kjevik,SN39040,01.11.2022 13:50,55.4
Kjevik,SN39040,01.11.2022 14:20,55.4
Kjevik,SN39040,01.11.2022 14:50,55.4
Kjevik,SN39040,01.11.2022 15:20,55.4
Kjevik,SN39040,01.11.2022 15:50,55.4
Kjevik,SN39040,01.11.2022 16:20,55.4
Kjevik,SN39040,01.11.2022 16:50,55.4
Kjevik,SN39040,01.11.2022 17:20,53.6
Kjevik,SN39040,01.11.2022 17:50,55.4
Kjevik,SN39040,01.11.2022 18:20,55.4
Kjevik,SN39040,01.11.2022 18:50,55.4
Kjevik,SN39040,01.11.2022 19:20,55.4
Kjevik,SN39040,01.11.2022 19:50,55.4
Kjevik,SN39040,01.11.2022 20:20,53.6
Kjevik,SN39040,01.11.2022 20:50,53.6
Kjevik,SN39040,01.11.2022 21:20,53.6
Kjevik,SN39040,01.11.2022 21:50,53.6
Kjevik,SN39040,01.11.2022 22:20,55.4
Kjevik,SN39040,01.11.2022 22:50,55.4
Kjevik,SN39040,01.11.2022 23:20,53.6
Kjevik,SN39040,02.11.2022 00:50,53.6
Kjevik,SN39040,02.11.2022 01:50,51.8
Kjevik,SN39040,02.11.2022 02:20,53.6
Kjevik,SN39040,02.11.2022 02:50,53.6
Kjevik,SN39040,02.11.2022 03:20,51.8
Kjevik,SN39040,02.11.2022 03:50,51.8
Kjevik,SN39040,02.11.2022 04:20,50.0
Kjevik,SN39040,02.11.2022 04:50,50.0
Kjevik,SN39040,02.11.2022 05:20,48.2
Kjevik,SN39040,02.11.2022 05:50,48.2
Kjevik,SN39040,02.11.2022 06:20,48.2
Kjevik,SN39040,02.11.2022 06:50,50.0
Kjevik,SN39040,02.11.2022 07:20,48.2
Kjevik,SN39040,02.11.2022 07:50,48.2
Kjevik,SN39040,02.11.2022 08:20,48.2
Kjevik,SN39040,02.11.2022 08:50,48.2
Kjevik,SN39040,02.11.2022 09:20,48.2
Kjevik,SN39040,02.11.2022 09:50,50.0
Kjevik,SN39040,02.11.2022 10:20,51.8
Kjevik,SN39040,02.11.2022 10:50,51.8
Kjevik,SN39040,02.11.2022 11:20,51.8
Kjevik,SN39040,02.11.2022 11:50,51.8
Kjevik,SN39040,02.11.2022 12:20,51.8
Kjevik,SN39040,02.11.2022 12:50,53.6
Kjevik,SN39040,02.11.2022 13:20,51.8
Kjevik,SN39040,02.11.2022 13:50,51.8
Kjevik,SN39040,02.11.2022 14:20,51.8
Kjevik,SN39040,02.11.2022 14:50,51.8
Kjevik,SN39040,02.11.2022 15:20,51.8
Kjevik,SN39040,02.11.2022 15:50,51.8
Kjevik,SN39040,02.11.2022 16:20,50.0
Kjevik,SN39040,02.11.2022 16:50,48.2
Kjevik,SN39040,02.11.2022 17:20,48.2
Kjevik,SN39040,02.11.2022 17:50,46.4
Kjevik,SN39040,02.11.2022 18:20,46.4
Kjevik,SN39040,02.11.2022 18:50,42.8
Kjevik,SN39040,02.11.2022 19:20,41.0
Kjevik,SN39040,02.11.2022 19:50,39.2
Kjevik,SN39040,02.11.2022 20:20,41.0
Kjevik,SN39040,02.11.2022 20:50,41.0
Kjevik,SN39040,02.11.2022 21:20,39.2
Kjevik,SN39040,02.11.2022 21:50,39.2
Kjevik,SN39040,02.11.2022 22:20,39.2
Kjevik,SN39040,02.11.2022 22:50,41.0
Kjevik,SN39040,02.11.2022 23:20,41.0
Kjevik,SN39040,03.11.2022 00:20,42.8
Kjevik,SN39040,03.11.2022 00:50,44.6
Kjevik,SN39040,03.11.2022 01:20,51.8
Kjevik,SN39040,03.11.2022 04:20,51.8
Kjevik,SN39040,03.11.2022 04:50,51.8
Kjevik,SN39040,03.11.2022 05:20,51.8
Kjevik,SN39040,03.11.2022 05:50,51.8
Kjevik,SN39040,03.11.2022 06:20,51.8
Kjevik,SN39040,03.11.2022 06:50,51.8
Kjevik,SN39040,03.11.2022 07:20,53.6
Kjevik,SN39040,03.11.2022 07:50,53.6
Kjevik,SN39040,03.11.2022 08:20,53.6
Kjevik,SN39040,03.11.2022 08:50,53.6
Kjevik,SN39040,03.11.2022 09:20,51.8
Kjevik,SN39040,03.11.2022 09:50,53.6
Kjevik,SN39040,03.11.2022 10:20,53.6
Kjevik,SN39040,03.11.2022 10:50,53.6
Kjevik,SN39040,03.11.2022 11:20,53.6
Kjevik,SN39040,03.11.2022 11:50,53.6
Kjevik,SN39040,03.11.2022 12:20,53.6
Kjevik,SN39040,03.11.2022 12:50,53.6
Kjevik,SN39040,03.11.2022 13:20,53.6
Kjevik,SN39040,03.11.2022 13:50,53.6
Kjevik,SN39040,03.11.2022 14:20,51.8
Kjevik,SN39040,03.11.2022 14:50,51.8
Kjevik,SN39040,03.11.2022 15:20,51.8
Kjevik,SN39040,03.11.2022 15:50,51.8
Kjevik,SN39040,03.11.2022 16:20,50.0
Kjevik,SN39040,03.11.2022 16:50,51.8
Kjevik,SN39040,03.11.2022 17:20,51.8
Kjevik,SN39040,03.11.2022 17:50,51.8
Kjevik,SN39040,03.11.2022 18:20,53.6
Kjevik,SN39040,03.11.2022 18:50,51.8
Kjevik,SN39040,03.11.2022 19:20,51.8
Kjevik,SN39040,03.11.2022 19:50,53.6
Kjevik,SN39040,03.11.2022 20:20,51.8
Kjevik,SN39040,03.11.2022 20:50,53.6
Kjevik,SN39040,03.11.2022 21:20,53.6
Kjevik,SN39040,03.11.2022 21:50,53.6
Kjevik,SN39040,03.11.2022 22:20,53.6
Kjevik,SN39040,03.11.2022 22:50,53.6
Kjevik,SN39040,03.11.2022 23:20,53.6
Kjevik,SN39040,03.11.2022 23:50,53.6
Kjevik,SN39040,04.11.2022 00:20,51.8
Kjevik,SN39040,04.11.2022 00:50,53.6
Kjevik,SN39040,04.11.2022 01:20,51.8
Kjevik,SN39040,04.11.2022 01:50,51.8
Kjevik,SN39040,04.11.2022 02:20,51.8
Kjevik,SN39040,04.11.2022 02:50,53.6
Kjevik,SN39040,04.11.2022 03:50,51.8
Kjevik,SN39040,04.11.2022 04:20,51.8
Kjevik,SN39040,04.11.2022 04:50,51.8
Kjevik,SN39040,04.11.2022 05:20,51.8
Kjevik,SN39040,04.11.2022 05:50,51.8
Kjevik,SN39040,04.11.2022 06:20,51.8
Kjevik,SN39040,04.11.2022 06:50,51.8
Kjevik,SN39040,04.11.2022 07:20,51.8
Kjevik,SN39040,04.11.2022 07:50,51.8
Kjevik,SN39040,04.11.2022 08:20,51.8
Kjevik,SN39040,04.11.2022 08:50,51.8
Kjevik,SN39040,04.11.2022 09:20,51.8
Kjevik,SN39040,04.11.2022 09:50,51.8
Kjevik,SN39040,04.11.2022 10:20,51.8
Kjevik,SN39040,04.11.2022 10:50,51.8
Kjevik,SN39040,04.11.2022 11:20,51.8
Kjevik,SN39040,04.11.2022 11:50,51.8
Kjevik,SN39040,04.11.2022 12:20,51.8
Kjevik,SN39040,04.11.2022 12:50,51.8
Kjevik,SN39040,04.11.2022 13:20,51.8
Kjevik,SN39040,04.11.2022 13:50,51.8
Kjevik,SN39040,04.11.2022 14:20,51.8
Kjevik,SN39040,04.11.2022 14:50,51.8
Kjevik,SN39040,04.11.2022 15:20,51.8
Kjevik,SN39040,04.11.2022 15:50,51.8
Kjevik,SN39040,04.11.2022 16:20,51.8
Kjevik,SN39040,04.11.2022 16:50,51.8
Kjevik,SN39040,04.11.2022 17:20,50.0
Kjevik,SN39040,04.11.2022 17:50,50.0
Kjevik,SN39040,04.11.2022 18:20,50.0
Kjevik,SN39040,04.11.2022 18:50,50.0
Kjevik,SN39040,04.11.2022 19:20,50.0
Kjevik,SN39040,04.11.2022 19:50,50.0
Kjevik,SN39040,04.11.2022 20:20,50.0
Kjevik,SN39040,04.11.2022 20:50,50.0
Kjevik,SN39040,04.11.2022 21:20,50.0
Kjevik,SN39040,04.11.2022 21:50,48.2
Kjevik,SN39040,04.11.2022 22:20,50.0
Kjevik,SN39040,04.11.2022 22:50,48.2
Kjevik,SN39040,04.11.2022 23:20,48.2
Kjevik,SN39040,04.11.2022 23:50,48.2
Kjevik,SN39040,05.11.2022 00:20,48.2
Kjevik,SN39040,05.11.2022 00:50,48.2
Kjevik,SN39040,05.11.2022 01:20,48.2
Kjevik,SN39040,05.11.2022 01:50,48.2
Kjevik,SN39040,05.11.2022 02:20,48.2
Kjevik,SN39040,05.11.2022 02:50,46.4
Kjevik,SN39040,05.11.2022 03:20,46.4
Kjevik,SN39040,05.11.2022 03:50,48.2
Kjevik,SN39040,05.11.2022 04:20,48.2
Kjevik,SN39040,05.11.2022 04:50,46.4
Kjevik,SN39040,05.11.2022 05:20,46.4
Kjevik,SN39040,05.11.2022 05:50,46.4
Kjevik,SN39040,05.11.2022 06:20,44.6
Kjevik,SN39040,05.11.2022 06:50,44.6
Kjevik,SN39040,05.11.2022 07:20,44.6
Kjevik,SN39040,05.11.2022 07:50,44.6
Kjevik,SN39040,05.11.2022 08:20,44.6
Kjevik,SN39040,05.11.2022 08:50,46.4
Kjevik,SN39040,05.11.2022 09:20,46.4
Kjevik,SN39040,05.11.2022 09:50,48.2
Kjevik,SN39040,05.11.2022 10:20,50.0
Kjevik,SN39040,05.11.2022 10:50,50.0
Kjevik,SN39040,05.11.2022 11:20,50.0
Kjevik,SN39040,05.11.2022 11:50,51.8
Kjevik,SN39040,05.11.2022 12:20,51.8
Kjevik,SN39040,05.11.2022 12:50,51.8
Kjevik,SN39040,05.11.2022 13:20,51.8
Kjevik,SN39040,05.11.2022 13:50,51.8
Kjevik,SN39040,05.11.2022 14:20,51.8
Kjevik,SN39040,05.11.2022 14:50,50.0
Kjevik,SN39040,05.11.2022 15:20,51.8
Kjevik,SN39040,05.11.2022 15:50,50.0
Kjevik,SN39040,05.11.2022 16:20,48.2
Kjevik,SN39040,05.11.2022 16:50,48.2
Kjevik,SN39040,05.11.2022 17:20,46.4
Kjevik,SN39040,05.11.2022 17:50,46.4
Kjevik,SN39040,05.11.2022 18:20,44.6
Kjevik,SN39040,05.11.2022 18:50,44.6
Kjevik,SN39040,05.11.2022 19:20,44.6
Kjevik,SN39040,05.11.2022 19:50,42.8
Kjevik,SN39040,05.11.2022 20:20,42.8
Kjevik,SN39040,05.11.2022 20:50,42.8
Kjevik,SN39040,05.11.2022 21:20,44.6
Kjevik,SN39040,05.11.2022 21:50,42.8
Kjevik,SN39040,05.11.2022 22:20,42.8
Kjevik,SN39040,05.11.2022 22:50,42.8
Kjevik,SN39040,06.11.2022 03:50,48.2
Kjevik,SN39040,06.11.2022 05:20,48.2
Kjevik,SN39040,06.11.2022 05:50,50.0
Kjevik,SN39040,06.11.2022 06:20,50.0
Kjevik,SN39040,06.11.2022 06:50,48.2
Kjevik,SN39040,06.11.2022 07:20,48.2
Kjevik,SN39040,06.11.2022 07:50,48.2
Kjevik,SN39040,06.11.2022 08:20,48.2
Kjevik,SN39040,06.11.2022 08:50,48.2
Kjevik,SN39040,06.11.2022 09:20,50.0
Kjevik,SN39040,06.11.2022 09:50,50.0
Kjevik,SN39040,06.11.2022 10:20,50.0
Kjevik,SN39040,06.11.2022 10:50,51.8
Kjevik,SN39040,06.11.2022 11:20,51.8
Kjevik,SN39040,06.11.2022 11:50,51.8
Kjevik,SN39040,06.11.2022 12:20,51.8
Kjevik,SN39040,06.11.2022 12:50,51.8
Kjevik,SN39040,06.11.2022 13:20,53.6
Kjevik,SN39040,06.11.2022 13:50,51.8
Kjevik,SN39040,06.11.2022 14:20,51.8
Kjevik,SN39040,06.11.2022 14:50,50.0
Kjevik,SN39040,06.11.2022 15:20,50.0
Kjevik,SN39040,06.11.2022 15:50,48.2
Kjevik,SN39040,06.11.2022 16:20,44.6
Kjevik,SN39040,06.11.2022 16:50,46.4
Kjevik,SN39040,06.11.2022 17:20,44.6
Kjevik,SN39040,06.11.2022 17:50,44.6
Kjevik,SN39040,06.11.2022 18:20,46.4
Kjevik,SN39040,06.11.2022 18:50,46.4
Kjevik,SN39040,06.11.2022 19:20,46.4
Kjevik,SN39040,06.11.2022 19:50,46.4
Kjevik,SN39040,06.11.2022 20:20,48.2
Kjevik,SN39040,06.11.2022 20:50,48.2
Kjevik,SN39040,06.11.2022 21:20,48.2
Kjevik,SN39040,06.11.2022 21:50,51.8
Kjevik,SN39040,06.11.2022 22:20,51.8
Kjevik,SN39040,06.11.2022 22:50,51.8
Kjevik,SN39040,06.11.2022 23:20,51.8
Kjevik,SN39040,06.11.2022 23:50,51.8
Kjevik,SN39040,07.11.2022 00:50,51.8
Kjevik,SN39040,07.11.2022 01:20,51.8
Kjevik,SN39040,07.11.2022 02:50,50.0
Kjevik,SN39040,07.11.2022 03:50,48.2
Kjevik,SN39040,07.11.2022 05:20,48.2
Kjevik,SN39040,07.11.2022 05:50,48.2
Kjevik,SN39040,07.11.2022 06:20,48.2
Kjevik,SN39040,07.11.2022 06:50,48.2
Kjevik,SN39040,07.11.2022 07:20,50.0
Kjevik,SN39040,07.11.2022 07:50,48.2
Kjevik,SN39040,07.11.2022 08:20,48.2
Kjevik,SN39040,07.11.2022 08:50,48.2
Kjevik,SN39040,07.11.2022 09:20,50.0
Kjevik,SN39040,07.11.2022 09:50,50.0
Kjevik,SN39040,07.11.2022 10:20,50.0
Kjevik,SN39040,07.11.2022 10:50,50.0
Kjevik,SN39040,07.11.2022 11:20,50.0
Kjevik,SN39040,07.11.2022 11:50,51.8
Kjevik,SN39040,07.11.2022 12:20,51.8
Kjevik,SN39040,07.11.2022 12:50,51.8
Kjevik,SN39040,07.11.2022 13:20,51.8
Kjevik,SN39040,07.11.2022 13:50,51.8
Kjevik,SN39040,07.11.2022 14:20,51.8
Kjevik,SN39040,07.11.2022 14:50,51.8
Kjevik,SN39040,07.11.2022 15:20,51.8
Kjevik,SN39040,07.11.2022 15:50,51.8
Kjevik,SN39040,07.11.2022 16:20,50.0
Kjevik,SN39040,07.11.2022 16:50,50.0
Kjevik,SN39040,07.11.2022 17:20,50.0
Kjevik,SN39040,07.11.2022 17:50,48.2
Kjevik,SN39040,07.11.2022 18:20,50.0
Kjevik,SN39040,07.11.2022 18:50,48.2
Kjevik,SN39040,07.11.2022 19:20,48.2
Kjevik,SN39040,07.11.2022 19:50,48.2
Kjevik,SN39040,07.11.2022 20:20,46.4
Kjevik,SN39040,07.11.2022 20:50,46.4
Kjevik,SN39040,07.11.2022 21:20,44.6
Kjevik,SN39040,07.11.2022 21:50,46.4
Kjevik,SN39040,07.11.2022 22:20,46.4
Kjevik,SN39040,07.11.2022 22:50,46.4
Kjevik,SN39040,07.11.2022 23:20,46.4
Kjevik,SN39040,08.11.2022 00:20,46.4
Kjevik,SN39040,08.11.2022 01:50,48.2
Kjevik,SN39040,08.11.2022 02:20,48.2
Kjevik,SN39040,08.11.2022 02:50,48.2
Kjevik,SN39040,08.11.2022 03:20,48.2
Kjevik,SN39040,08.11.2022 03:50,48.2
Kjevik,SN39040,08.11.2022 04:20,48.2
Kjevik,SN39040,08.11.2022 04:50,48.2
Kjevik,SN39040,08.11.2022 05:20,48.2
Kjevik,SN39040,08.11.2022 05:50,48.2
Kjevik,SN39040,08.11.2022 06:20,48.2
Kjevik,SN39040,08.11.2022 06:50,50.0
Kjevik,SN39040,08.11.2022 07:20,53.6
Kjevik,SN39040,08.11.2022 07:50,53.6
Kjevik,SN39040,08.11.2022 08:20,53.6
Kjevik,SN39040,08.11.2022 08:50,53.6
Kjevik,SN39040,08.11.2022 09:20,53.6
Kjevik,SN39040,08.11.2022 09:50,53.6
Kjevik,SN39040,08.11.2022 10:20,53.6
Kjevik,SN39040,08.11.2022 10:50,55.4
Kjevik,SN39040,08.11.2022 11:20,55.4
Kjevik,SN39040,08.11.2022 11:50,55.4
Kjevik,SN39040,08.11.2022 12:20,55.4
Kjevik,SN39040,08.11.2022 12:50,55.4
Kjevik,SN39040,08.11.2022 13:20,55.4
Kjevik,SN39040,08.11.2022 13:50,53.6
Kjevik,SN39040,08.11.2022 14:20,55.4
Kjevik,SN39040,08.11.2022 14:50,53.6
Kjevik,SN39040,08.11.2022 15:20,53.6
Kjevik,SN39040,08.11.2022 15:50,53.6
Kjevik,SN39040,08.11.2022 16:20,53.6
Kjevik,SN39040,08.11.2022 16:50,53.6
Kjevik,SN39040,08.11.2022 17:20,53.6
Kjevik,SN39040,08.11.2022 17:50,53.6
Kjevik,SN39040,08.11.2022 18:20,53.6
Kjevik,SN39040,08.11.2022 18:50,53.6
Kjevik,SN39040,08.11.2022 19:20,51.8
Kjevik,SN39040,08.11.2022 19:50,51.8
Kjevik,SN39040,08.11.2022 20:20,51.8
Kjevik,SN39040,08.11.2022 20:50,51.8
Kjevik,SN39040,08.11.2022 21:20,53.6
Kjevik,SN39040,08.11.2022 21:50,51.8
Kjevik,SN39040,08.11.2022 22:20,53.6
Kjevik,SN39040,08.11.2022 22:50,51.8
Kjevik,SN39040,08.11.2022 23:20,51.8
Kjevik,SN39040,08.11.2022 23:50,53.6
Kjevik,SN39040,09.11.2022 01:20,53.6
Kjevik,SN39040,09.11.2022 01:50,53.6
Kjevik,SN39040,09.11.2022 03:50,51.8
Kjevik,SN39040,09.11.2022 04:50,53.6
Kjevik,SN39040,09.11.2022 05:20,51.8
Kjevik,SN39040,09.11.2022 05:50,51.8
Kjevik,SN39040,09.11.2022 06:20,51.8
Kjevik,SN39040,09.11.2022 06:50,51.8
Kjevik,SN39040,09.11.2022 07:20,51.8
Kjevik,SN39040,09.11.2022 07:50,51.8
Kjevik,SN39040,09.11.2022 08:20,51.8
Kjevik,SN39040,09.11.2022 08:50,51.8
Kjevik,SN39040,09.11.2022 09:20,53.6
Kjevik,SN39040,09.11.2022 09:50,51.8
Kjevik,SN39040,09.11.2022 10:20,53.6
Kjevik,SN39040,09.11.2022 10:50,51.8
Kjevik,SN39040,09.11.2022 11:20,53.6
Kjevik,SN39040,09.11.2022 11:50,53.6
Kjevik,SN39040,09.11.2022 12:20,53.6
Kjevik,SN39040,09.11.2022 12:50,53.6
Kjevik,SN39040,09.11.2022 13:20,53.6
Kjevik,SN39040,09.11.2022 13:50,53.6
Kjevik,SN39040,09.11.2022 14:20,53.6
Kjevik,SN39040,09.11.2022 14:50,53.6
Kjevik,SN39040,09.11.2022 15:20,51.8
Kjevik,SN39040,09.11.2022 15:50,51.8
Kjevik,SN39040,09.11.2022 16:20,51.8
Kjevik,SN39040,09.11.2022 16:50,51.8
Kjevik,SN39040,09.11.2022 17:20,48.2
Kjevik,SN39040,09.11.2022 17:50,48.2
Kjevik,SN39040,09.11.2022 18:20,48.2
Kjevik,SN39040,09.11.2022 18:50,44.6
Kjevik,SN39040,09.11.2022 19:20,44.6
Kjevik,SN39040,09.11.2022 19:50,42.8
Kjevik,SN39040,09.11.2022 20:20,42.8
Kjevik,SN39040,09.11.2022 20:50,41.0
Kjevik,SN39040,09.11.2022 21:20,41.0
Kjevik,SN39040,09.11.2022 21:50,41.0
Kjevik,SN39040,09.11.2022 22:20,39.2
Kjevik,SN39040,09.11.2022 22:50,37.4
Kjevik,SN39040,09.11.2022 23:20,39.2
Kjevik,SN39040,09.11.2022 23:50,39.2
Kjevik,SN39040,10.11.2022 00:20,39.2
Kjevik,SN39040,10.11.2022 00:50,37.4
Kjevik,SN39040,10.11.2022 01:20,37.4
Kjevik,SN39040,10.11.2022 01:50,37.4
Kjevik,SN39040,10.11.2022 02:20,39.2
Kjevik,SN39040,10.11.2022 02:50,39.2
Kjevik,SN39040,10.11.2022 03:20,37.4
Kjevik,SN39040,10.11.2022 03:50,37.4
Kjevik,SN39040,10.11.2022 04:20,35.6
Kjevik,SN39040,10.11.2022 04:50,37.4
Kjevik,SN39040,10.11.2022 05:20,37.4
Kjevik,SN39040,10.11.2022 05:50,39.2
Kjevik,SN39040,10.11.2022 06:20,39.2
Kjevik,SN39040,10.11.2022 06:50,37.4
Kjevik,SN39040,10.11.2022 07:20,39.2
Kjevik,SN39040,10.11.2022 07:50,39.2
Kjevik,SN39040,10.11.2022 08:20,39.2
Kjevik,SN39040,10.11.2022 08:50,42.8
Kjevik,SN39040,10.11.2022 09:20,50.0
Kjevik,SN39040,10.11.2022 09:50,51.8
Kjevik,SN39040,10.11.2022 10:20,50.0
Kjevik,SN39040,10.11.2022 10:50,50.0
Kjevik,SN39040,10.11.2022 11:20,51.8
Kjevik,SN39040,10.11.2022 11:50,51.8
Kjevik,SN39040,10.11.2022 12:20,51.8
Kjevik,SN39040,10.11.2022 12:50,53.6
Kjevik,SN39040,10.11.2022 13:20,53.6
Kjevik,SN39040,10.11.2022 13:50,53.6
Kjevik,SN39040,10.11.2022 14:20,53.6
Kjevik,SN39040,10.11.2022 14:50,53.6
Kjevik,SN39040,10.11.2022 15:20,53.6
Kjevik,SN39040,10.11.2022 15:50,53.6
Kjevik,SN39040,10.11.2022 16:20,53.6
Kjevik,SN39040,10.11.2022 16:50,53.6
Kjevik,SN39040,10.11.2022 17:20,53.6
Kjevik,SN39040,10.11.2022 17:50,53.6
Kjevik,SN39040,10.11.2022 18:20,53.6
Kjevik,SN39040,10.11.2022 18:50,55.4
Kjevik,SN39040,10.11.2022 19:20,55.4
Kjevik,SN39040,10.11.2022 19:50,55.4
Kjevik,SN39040,10.11.2022 20:20,55.4
Kjevik,SN39040,10.11.2022 20:50,53.6
Kjevik,SN39040,10.11.2022 21:20,53.6
Kjevik,SN39040,10.11.2022 21:50,55.4
Kjevik,SN39040,10.11.2022 22:20,55.4
Kjevik,SN39040,10.11.2022 22:50,55.4
Kjevik,SN39040,10.11.2022 23:20,55.4
Kjevik,SN39040,10.11.2022 23:50,55.4
Kjevik,SN39040,11.11.2022 00:20,55.4
Kjevik,SN39040,11.11.2022 00:50,57.2
Kjevik,SN39040,11.11.2022 01:20,55.4
Kjevik,SN39040,11.11.2022 01:50,55.4
Kjevik,SN39040,11.11.2022 02:20,55.4
Kjevik,SN39040,11.11.2022 02:50,55.4
Kjevik,SN39040,11.11.2022 03:20,55.4
Kjevik,SN39040,11.11.2022 04:20,55.4
Kjevik,SN39040,11.11.2022 04:50,55.4
Kjevik,SN39040,11.11.2022 05:20,55.4
Kjevik,SN39040,11.11.2022 05:50,55.4
Kjevik,SN39040,11.11.2022 06:20,57.2
Kjevik,SN39040,11.11.2022 06:50,55.4
Kjevik,SN39040,11.11.2022 07:20,55.4
Kjevik,SN39040,11.11.2022 07:50,55.4
Kjevik,SN39040,11.11.2022 08:20,55.4
Kjevik,SN39040,11.11.2022 08:50,55.4
Kjevik,SN39040,11.11.2022 09:20,55.4
Kjevik,SN39040,11.11.2022 09:50,57.2
Kjevik,SN39040,11.11.2022 10:20,55.4
Kjevik,SN39040,11.11.2022 10:50,55.4
Kjevik,SN39040,11.11.2022 11:20,57.2
Kjevik,SN39040,11.11.2022 11:50,57.2
Kjevik,SN39040,11.11.2022 12:20,57.2
Kjevik,SN39040,11.11.2022 12:50,57.2
Kjevik,SN39040,11.11.2022 13:20,57.2
Kjevik,SN39040,11.11.2022 13:50,57.2
Kjevik,SN39040,11.11.2022 14:20,57.2
Kjevik,SN39040,11.11.2022 14:50,57.2
Kjevik,SN39040,11.11.2022 15:20,57.2
Kjevik,SN39040,11.11.2022 15:50,57.2
Kjevik,SN39040,11.11.2022 16:20,57.2
Kjevik,SN39040,11.11.2022 16:50,57.2
Kjevik,SN39040,11.11.2022 17:20,57.2
Kjevik,SN39040,11.11.2022 17:50,55.4
Kjevik,SN39040,11.11.2022 18:20,57.2
Kjevik,SN39040,11.11.2022 18:50,57.2
Kjevik,SN39040,11.11.2022 19:20,57.2
Kjevik,SN39040,11.11.2022 19:50,57.2
Kjevik,SN39040,11.11.2022 20:20,57.2
Kjevik,SN39040,11.11.2022 20:50,57.2
Kjevik,SN39040,11.11.2022 21:20,57.2
Kjevik,SN39040,11.11.2022 21:50,57.2
Kjevik,SN39040,11.11.2022 22:20,55.4
Kjevik,SN39040,11.11.2022 22:50,55.4
Kjevik,SN39040,11.11.2022 23:20,55.4
Kjevik,SN39040,11.11.2022 23:50,57.2
Kjevik,SN39040,12.11.2022 00:20,57.2
Kjevik,SN39040,12.11.2022 00:50,59.0
Kjevik,SN39040,12.11.2022 01:20,57.2
Kjevik,SN39040,12.11.2022 01:50,57.2
Kjevik,SN39040,12.11.2022 02:20,57.2
Kjevik,SN39040,12.11.2022 02:50,57.2
Kjevik,SN39040,12.11.2022 03:20,57.2
Kjevik,SN39040,12.11.2022 03:50,57.2
Kjevik,SN39040,12.11.2022 04:20,57.2
Kjevik,SN39040,12.11.2022 04:50,55.4
Kjevik,SN39040,12.11.2022 05:20,55.4
Kjevik,SN39040,12.11.2022 05:50,53.6
Kjevik,SN39040,12.11.2022 06:20,53.6
Kjevik,SN39040,12.11.2022 06:50,50.0
Kjevik,SN39040,12.11.2022 07:20,50.0
Kjevik,SN39040,12.11.2022 07:50,50.0
Kjevik,SN39040,12.11.2022 08:20,50.0
Kjevik,SN39040,12.11.2022 08:50,50.0
Kjevik,SN39040,12.11.2022 09:20,50.0
Kjevik,SN39040,12.11.2022 09:50,48.2
Kjevik,SN39040,12.11.2022 10:20,51.8
Kjevik,SN39040,12.11.2022 10:50,53.6
Kjevik,SN39040,12.11.2022 11:20,53.6
Kjevik,SN39040,12.11.2022 11:50,55.4
Kjevik,SN39040,12.11.2022 12:20,57.2
Kjevik,SN39040,12.11.2022 12:50,55.4
Kjevik,SN39040,12.11.2022 13:20,57.2
Kjevik,SN39040,12.11.2022 13:50,57.2
Kjevik,SN39040,12.11.2022 14:20,57.2
Kjevik,SN39040,12.11.2022 14:50,57.2
Kjevik,SN39040,12.11.2022 15:20,55.4
Kjevik,SN39040,12.11.2022 15:50,53.6
Kjevik,SN39040,12.11.2022 16:20,51.8
Kjevik,SN39040,12.11.2022 16:50,50.0
Kjevik,SN39040,12.11.2022 17:20,50.0
Kjevik,SN39040,12.11.2022 17:50,48.2
Kjevik,SN39040,12.11.2022 18:20,46.4
Kjevik,SN39040,12.11.2022 18:50,46.4
Kjevik,SN39040,12.11.2022 19:20,46.4
Kjevik,SN39040,12.11.2022 19:50,46.4
Kjevik,SN39040,12.11.2022 20:20,46.4
Kjevik,SN39040,12.11.2022 20:50,48.2
Kjevik,SN39040,12.11.2022 21:20,48.2
Kjevik,SN39040,12.11.2022 21:50,48.2
Kjevik,SN39040,12.11.2022 22:20,48.2
Kjevik,SN39040,12.11.2022 22:50,48.2
Kjevik,SN39040,12.11.2022 23:20,48.2
Kjevik,SN39040,12.11.2022 23:50,50.0
Kjevik,SN39040,13.11.2022 00:20,50.0
Kjevik,SN39040,13.11.2022 00:50,50.0
Kjevik,SN39040,13.11.2022 01:20,48.2
Kjevik,SN39040,13.11.2022 01:50,48.2
Kjevik,SN39040,13.11.2022 02:50,48.2
Kjevik,SN39040,13.11.2022 03:20,48.2
Kjevik,SN39040,13.11.2022 03:50,48.2
Kjevik,SN39040,13.11.2022 04:20,48.2
Kjevik,SN39040,13.11.2022 04:50,48.2
Kjevik,SN39040,13.11.2022 05:20,48.2
Kjevik,SN39040,13.11.2022 05:50,48.2
Kjevik,SN39040,13.11.2022 06:20,48.2
Kjevik,SN39040,13.11.2022 06:50,48.2
Kjevik,SN39040,13.11.2022 07:20,48.2
Kjevik,SN39040,13.11.2022 07:50,48.2
Kjevik,SN39040,13.11.2022 08:20,48.2
Kjevik,SN39040,13.11.2022 08:50,48.2
Kjevik,SN39040,13.11.2022 09:20,48.2
Kjevik,SN39040,13.11.2022 09:50,48.2
Kjevik,SN39040,13.11.2022 10:20,50.0
Kjevik,SN39040,13.11.2022 10:50,50.0
Kjevik,SN39040,13.11.2022 11:20,50.0
Kjevik,SN39040,13.11.2022 11:50,50.0
Kjevik,SN39040,13.11.2022 12:20,51.8
Kjevik,SN39040,13.11.2022 12:50,51.8
Kjevik,SN39040,13.11.2022 13:20,51.8
Kjevik,SN39040,13.11.2022 13:50,51.8
Kjevik,SN39040,13.11.2022 14:20,51.8
Kjevik,SN39040,13.11.2022 14:50,51.8
Kjevik,SN39040,13.11.2022 15:20,51.8
Kjevik,SN39040,13.11.2022 15:50,51.8
Kjevik,SN39040,13.11.2022 16:20,51.8
Kjevik,SN39040,13.11.2022 16:50,51.8
Kjevik,SN39040,13.11.2022 17:20,51.8
Kjevik,SN39040,13.11.2022 17:50,51.8
Kjevik,SN39040,13.11.2022 18:20,50.0
Kjevik,SN39040,13.11.2022 18:50,50.0
Kjevik,SN39040,13.11.2022 19:20,50.0
Kjevik,SN39040,13.11.2022 19:50,50.0
Kjevik,SN39040,13.11.2022 20:20,50.0
Kjevik,SN39040,13.11.2022 20:50,50.0
Kjevik,SN39040,13.11.2022 21:20,50.0
Kjevik,SN39040,13.11.2022 21:50,50.0
Kjevik,SN39040,13.11.2022 22:20,50.0
Kjevik,SN39040,13.11.2022 22:50,50.0
Kjevik,SN39040,13.11.2022 23:20,50.0
Kjevik,SN39040,13.11.2022 23:50,50.0
Kjevik,SN39040,14.11.2022 00:50,50.0
Kjevik,SN39040,14.11.2022 01:20,50.0
Kjevik,SN39040,14.11.2022 02:50,50.0
Kjevik,SN39040,14.11.2022 03:20,51.8
Kjevik,SN39040,14.11.2022 03:50,50.0
Kjevik,SN39040,14.11.2022 04:20,50.0
Kjevik,SN39040,14.11.2022 05:20,50.0
Kjevik,SN39040,14.11.2022 05:50,50.0
Kjevik,SN39040,14.11.2022 06:20,50.0
Kjevik,SN39040,14.11.2022 06:50,50.0
Kjevik,SN39040,14.11.2022 07:20,50.0
Kjevik,SN39040,14.11.2022 07:50,50.0
Kjevik,SN39040,14.11.2022 08:20,50.0
Kjevik,SN39040,14.11.2022 08:50,48.2
Kjevik,SN39040,14.11.2022 09:20,48.2
Kjevik,SN39040,14.11.2022 09:50,48.2
Kjevik,SN39040,14.11.2022 10:20,48.2
Kjevik,SN39040,14.11.2022 10:50,48.2
Kjevik,SN39040,14.11.2022 11:20,48.2
Kjevik,SN39040,14.11.2022 11:50,50.0
Kjevik,SN39040,14.11.2022 12:20,50.0
Kjevik,SN39040,14.11.2022 12:50,50.0
Kjevik,SN39040,14.11.2022 13:20,50.0
Kjevik,SN39040,14.11.2022 13:50,50.0
Kjevik,SN39040,14.11.2022 14:20,50.0
Kjevik,SN39040,14.11.2022 14:50,50.0
Kjevik,SN39040,14.11.2022 15:20,50.0
Kjevik,SN39040,14.11.2022 15:50,50.0
Kjevik,SN39040,14.11.2022 16:20,48.2
Kjevik,SN39040,14.11.2022 16:50,50.0
Kjevik,SN39040,14.11.2022 17:20,50.0
Kjevik,SN39040,14.11.2022 17:50,50.0
Kjevik,SN39040,14.11.2022 18:20,48.2
Kjevik,SN39040,14.11.2022 18:50,50.0
Kjevik,SN39040,14.11.2022 19:20,50.0
Kjevik,SN39040,14.11.2022 19:50,50.0
Kjevik,SN39040,14.11.2022 20:20,48.2
Kjevik,SN39040,14.11.2022 20:50,50.0
Kjevik,SN39040,14.11.2022 21:20,48.2
Kjevik,SN39040,14.11.2022 21:50,48.2
Kjevik,SN39040,14.11.2022 22:20,48.2
Kjevik,SN39040,14.11.2022 22:50,48.2
Kjevik,SN39040,14.11.2022 23:20,48.2
Kjevik,SN39040,14.11.2022 23:50,48.2
Kjevik,SN39040,15.11.2022 01:50,48.2
Kjevik,SN39040,15.11.2022 02:50,46.4
Kjevik,SN39040,15.11.2022 03:50,46.4
Kjevik,SN39040,15.11.2022 04:20,46.4
Kjevik,SN39040,15.11.2022 04:50,46.4
Kjevik,SN39040,15.11.2022 05:20,46.4
Kjevik,SN39040,15.11.2022 05:50,46.4
Kjevik,SN39040,15.11.2022 06:20,48.2
Kjevik,SN39040,15.11.2022 06:50,46.4
Kjevik,SN39040,15.11.2022 07:20,46.4
Kjevik,SN39040,15.11.2022 07:50,46.4
Kjevik,SN39040,15.11.2022 08:20,46.4
Kjevik,SN39040,15.11.2022 08:50,46.4
Kjevik,SN39040,15.11.2022 09:20,46.4
Kjevik,SN39040,15.11.2022 09:50,46.4
Kjevik,SN39040,15.11.2022 10:20,48.2
Kjevik,SN39040,15.11.2022 10:50,48.2
Kjevik,SN39040,15.11.2022 11:20,48.2
Kjevik,SN39040,15.11.2022 11:50,48.2
Kjevik,SN39040,15.11.2022 12:20,48.2
Kjevik,SN39040,15.11.2022 12:50,48.2
Kjevik,SN39040,15.11.2022 13:20,46.4
Kjevik,SN39040,15.11.2022 13:50,48.2
Kjevik,SN39040,15.11.2022 14:20,48.2
Kjevik,SN39040,15.11.2022 14:50,48.2
Kjevik,SN39040,15.11.2022 15:20,48.2
Kjevik,SN39040,15.11.2022 15:50,48.2
Kjevik,SN39040,15.11.2022 16:20,48.2
Kjevik,SN39040,15.11.2022 16:50,48.2
Kjevik,SN39040,15.11.2022 17:20,48.2
Kjevik,SN39040,15.11.2022 17:50,48.2
Kjevik,SN39040,15.11.2022 18:20,46.4
Kjevik,SN39040,15.11.2022 18:50,46.4
Kjevik,SN39040,15.11.2022 19:20,46.4
Kjevik,SN39040,15.11.2022 19:50,46.4
Kjevik,SN39040,15.11.2022 20:20,46.4
Kjevik,SN39040,15.11.2022 20:50,46.4
Kjevik,SN39040,15.11.2022 21:20,46.4
Kjevik,SN39040,15.11.2022 21:50,46.4
Kjevik,SN39040,15.11.2022 22:20,46.4
Kjevik,SN39040,15.11.2022 22:50,44.6
Kjevik,SN39040,15.11.2022 23:20,44.6
Kjevik,SN39040,15.11.2022 23:50,44.6
Kjevik,SN39040,16.11.2022 00:20,44.6
Kjevik,SN39040,16.11.2022 00:50,44.6
Kjevik,SN39040,16.11.2022 01:20,44.6
Kjevik,SN39040,16.11.2022 01:50,44.6
Kjevik,SN39040,16.11.2022 02:20,44.6
Kjevik,SN39040,16.11.2022 02:50,44.6
Kjevik,SN39040,16.11.2022 03:20,44.6
Kjevik,SN39040,16.11.2022 03:50,44.6
Kjevik,SN39040,16.11.2022 04:20,44.6
Kjevik,SN39040,16.11.2022 04:50,44.6
Kjevik,SN39040,16.11.2022 05:20,44.6
Kjevik,SN39040,16.11.2022 05:50,44.6
Kjevik,SN39040,16.11.2022 06:20,44.6
Kjevik,SN39040,16.11.2022 06:50,44.6
Kjevik,SN39040,16.11.2022 07:20,44.6
Kjevik,SN39040,16.11.2022 07:50,44.6
Kjevik,SN39040,16.11.2022 08:20,44.6
Kjevik,SN39040,16.11.2022 08:50,44.6
Kjevik,SN39040,16.11.2022 09:20,46.4
Kjevik,SN39040,16.11.2022 09:50,44.6
Kjevik,SN39040,16.11.2022 10:20,42.8
Kjevik,SN39040,16.11.2022 10:50,42.8
Kjevik,SN39040,16.11.2022 11:20,44.6
Kjevik,SN39040,16.11.2022 11:50,42.8
Kjevik,SN39040,16.11.2022 12:20,44.6
Kjevik,SN39040,16.11.2022 12:50,44.6
Kjevik,SN39040,16.11.2022 13:20,44.6
Kjevik,SN39040,16.11.2022 13:50,44.6
Kjevik,SN39040,16.11.2022 14:20,44.6
Kjevik,SN39040,16.11.2022 14:50,44.6
Kjevik,SN39040,16.11.2022 15:20,44.6
Kjevik,SN39040,16.11.2022 15:50,44.6
Kjevik,SN39040,16.11.2022 16:20,44.6
Kjevik,SN39040,16.11.2022 16:50,44.6
Kjevik,SN39040,16.11.2022 17:20,44.6
Kjevik,SN39040,16.11.2022 17:50,44.6
Kjevik,SN39040,16.11.2022 18:20,44.6
Kjevik,SN39040,16.11.2022 18:50,44.6
Kjevik,SN39040,16.11.2022 19:20,44.6
Kjevik,SN39040,16.11.2022 19:50,44.6
Kjevik,SN39040,16.11.2022 20:20,44.6
Kjevik,SN39040,16.11.2022 20:50,46.4
Kjevik,SN39040,16.11.2022 21:20,46.4
Kjevik,SN39040,16.11.2022 21:50,46.4
Kjevik,SN39040,16.11.2022 22:20,44.6
Kjevik,SN39040,16.11.2022 22:50,44.6
Kjevik,SN39040,16.11.2022 23:20,44.6
Kjevik,SN39040,16.11.2022 23:50,44.6
Kjevik,SN39040,17.11.2022 00:20,44.6
Kjevik,SN39040,17.11.2022 00:50,44.6
Kjevik,SN39040,17.11.2022 01:20,44.6
Kjevik,SN39040,17.11.2022 01:50,44.6
Kjevik,SN39040,17.11.2022 02:20,44.6
Kjevik,SN39040,17.11.2022 03:20,41.0
Kjevik,SN39040,17.11.2022 03:50,41.0
Kjevik,SN39040,17.11.2022 04:20,41.0
Kjevik,SN39040,17.11.2022 04:50,41.0
Kjevik,SN39040,17.11.2022 05:20,41.0
Kjevik,SN39040,17.11.2022 05:50,41.0
Kjevik,SN39040,17.11.2022 06:20,41.0
Kjevik,SN39040,17.11.2022 06:50,41.0
Kjevik,SN39040,17.11.2022 07:20,41.0
Kjevik,SN39040,17.11.2022 07:50,42.8
Kjevik,SN39040,17.11.2022 08:20,41.0
Kjevik,SN39040,17.11.2022 08:50,41.0
Kjevik,SN39040,17.11.2022 09:20,41.0
Kjevik,SN39040,17.11.2022 09:50,41.0
Kjevik,SN39040,17.11.2022 10:20,41.0
Kjevik,SN39040,17.11.2022 10:50,41.0
Kjevik,SN39040,17.11.2022 11:20,41.0
Kjevik,SN39040,17.11.2022 11:50,39.2
Kjevik,SN39040,17.11.2022 12:20,41.0
Kjevik,SN39040,17.11.2022 12:50,41.0
Kjevik,SN39040,17.11.2022 13:20,41.0
Kjevik,SN39040,17.11.2022 13:50,41.0
Kjevik,SN39040,17.11.2022 14:20,41.0
Kjevik,SN39040,17.11.2022 14:50,41.0
Kjevik,SN39040,17.11.2022 15:20,41.0
Kjevik,SN39040,17.11.2022 15:50,41.0
Kjevik,SN39040,17.11.2022 16:20,41.0
Kjevik,SN39040,17.11.2022 16:50,41.0
Kjevik,SN39040,17.11.2022 17:20,41.0
Kjevik,SN39040,17.11.2022 17:50,41.0
Kjevik,SN39040,17.11.2022 18:20,37.4
Kjevik,SN39040,17.11.2022 18:50,37.4
Kjevik,SN39040,17.11.2022 19:20,37.4
Kjevik,SN39040,17.11.2022 19:50,35.6
Kjevik,SN39040,17.11.2022 20:20,35.6
Kjevik,SN39040,17.11.2022 20:50,37.4
Kjevik,SN39040,17.11.2022 21:20,35.6
Kjevik,SN39040,17.11.2022 21:50,37.4
Kjevik,SN39040,17.11.2022 22:20,37.4
Kjevik,SN39040,17.11.2022 22:50,37.4
Kjevik,SN39040,17.11.2022 23:20,35.6
Kjevik,SN39040,17.11.2022 23:50,37.4
Kjevik,SN39040,18.11.2022 00:20,37.4
Kjevik,SN39040,18.11.2022 00:50,35.6
Kjevik,SN39040,18.11.2022 01:20,35.6
Kjevik,SN39040,18.11.2022 02:20,33.8
Kjevik,SN39040,18.11.2022 02:50,35.6
Kjevik,SN39040,18.11.2022 04:20,35.6
Kjevik,SN39040,18.11.2022 05:20,35.6
Kjevik,SN39040,18.11.2022 05:50,35.6
Kjevik,SN39040,18.11.2022 06:20,35.6
Kjevik,SN39040,18.11.2022 06:50,35.6
Kjevik,SN39040,18.11.2022 07:20,35.6
Kjevik,SN39040,18.11.2022 07:50,35.6
Kjevik,SN39040,18.11.2022 08:20,35.6
Kjevik,SN39040,18.11.2022 08:50,35.6
Kjevik,SN39040,18.11.2022 09:20,35.6
Kjevik,SN39040,18.11.2022 09:50,37.4
Kjevik,SN39040,18.11.2022 10:20,37.4
Kjevik,SN39040,18.11.2022 10:50,39.2
Kjevik,SN39040,18.11.2022 11:20,37.4
Kjevik,SN39040,18.11.2022 11:50,37.4
Kjevik,SN39040,18.11.2022 12:20,37.4
Kjevik,SN39040,18.11.2022 12:50,37.4
Kjevik,SN39040,18.11.2022 13:20,35.6
Kjevik,SN39040,18.11.2022 13:50,35.6
Kjevik,SN39040,18.11.2022 14:20,35.6
Kjevik,SN39040,18.11.2022 14:50,35.6
Kjevik,SN39040,18.11.2022 15:20,35.6
Kjevik,SN39040,18.11.2022 15:50,35.6
Kjevik,SN39040,18.11.2022 16:20,33.8
Kjevik,SN39040,18.11.2022 16:50,33.8
Kjevik,SN39040,18.11.2022 17:20,35.6
Kjevik,SN39040,18.11.2022 17:50,33.8
Kjevik,SN39040,18.11.2022 18:20,33.8
Kjevik,SN39040,18.11.2022 18:50,33.8
Kjevik,SN39040,18.11.2022 19:20,33.8
Kjevik,SN39040,18.11.2022 19:50,33.8
Kjevik,SN39040,18.11.2022 20:20,33.8
Kjevik,SN39040,18.11.2022 20:50,33.8
Kjevik,SN39040,18.11.2022 21:20,33.8
Kjevik,SN39040,18.11.2022 21:50,32.0
Kjevik,SN39040,18.11.2022 22:20,33.8
Kjevik,SN39040,18.11.2022 22:50,33.8
Kjevik,SN39040,18.11.2022 23:20,33.8
Kjevik,SN39040,18.11.2022 23:50,33.8
Kjevik,SN39040,19.11.2022 00:20,33.8
Kjevik,SN39040,19.11.2022 00:50,33.8
Kjevik,SN39040,19.11.2022 01:20,33.8
Kjevik,SN39040,19.11.2022 01:50,33.8
Kjevik,SN39040,19.11.2022 02:20,33.8
Kjevik,SN39040,19.11.2022 02:50,33.8
Kjevik,SN39040,19.11.2022 03:20,33.8
Kjevik,SN39040,19.11.2022 03:50,33.8
Kjevik,SN39040,19.11.2022 04:20,33.8
Kjevik,SN39040,19.11.2022 04:50,33.8
Kjevik,SN39040,19.11.2022 05:20,33.8
Kjevik,SN39040,19.11.2022 05:50,33.8
Kjevik,SN39040,19.11.2022 06:20,33.8
Kjevik,SN39040,19.11.2022 06:50,33.8
Kjevik,SN39040,19.11.2022 07:20,33.8
Kjevik,SN39040,19.11.2022 07:50,33.8
Kjevik,SN39040,19.11.2022 08:20,32.0
Kjevik,SN39040,19.11.2022 08:50,32.0
Kjevik,SN39040,19.11.2022 09:20,32.0
Kjevik,SN39040,19.11.2022 09:50,32.0
Kjevik,SN39040,19.11.2022 10:20,32.0
Kjevik,SN39040,19.11.2022 10:50,32.0
Kjevik,SN39040,19.11.2022 11:20,32.0
Kjevik,SN39040,19.11.2022 11:50,32.0
Kjevik,SN39040,19.11.2022 12:20,32.0
Kjevik,SN39040,19.11.2022 12:50,32.0
Kjevik,SN39040,19.11.2022 13:20,32.0
Kjevik,SN39040,19.11.2022 13:50,32.0
Kjevik,SN39040,19.11.2022 14:20,30.2
Kjevik,SN39040,19.11.2022 14:50,32.0
Kjevik,SN39040,19.11.2022 15:20,32.0
Kjevik,SN39040,19.11.2022 15:50,30.2
Kjevik,SN39040,19.11.2022 16:20,28.4
Kjevik,SN39040,19.11.2022 16:50,28.4
Kjevik,SN39040,19.11.2022 17:20,28.4
Kjevik,SN39040,19.11.2022 17:50,30.2
Kjevik,SN39040,19.11.2022 18:20,30.2
Kjevik,SN39040,19.11.2022 18:50,30.2
Kjevik,SN39040,19.11.2022 19:20,30.2
Kjevik,SN39040,19.11.2022 19:50,30.2
Kjevik,SN39040,19.11.2022 20:20,30.2
Kjevik,SN39040,19.11.2022 20:50,30.2
Kjevik,SN39040,19.11.2022 21:20,30.2
Kjevik,SN39040,19.11.2022 21:50,30.2
Kjevik,SN39040,19.11.2022 22:20,30.2
Kjevik,SN39040,19.11.2022 22:50,30.2
Kjevik,SN39040,19.11.2022 23:20,30.2
Kjevik,SN39040,19.11.2022 23:50,30.2
Kjevik,SN39040,20.11.2022 00:20,30.2
Kjevik,SN39040,20.11.2022 00:50,30.2
Kjevik,SN39040,20.11.2022 01:20,30.2
Kjevik,SN39040,20.11.2022 01:50,30.2
Kjevik,SN39040,20.11.2022 02:50,30.2
Kjevik,SN39040,20.11.2022 03:50,30.2
Kjevik,SN39040,20.11.2022 04:20,30.2
Kjevik,SN39040,20.11.2022 05:20,30.2
Kjevik,SN39040,20.11.2022 05:50,30.2
Kjevik,SN39040,20.11.2022 06:20,30.2
Kjevik,SN39040,20.11.2022 06:50,30.2
Kjevik,SN39040,20.11.2022 07:20,30.2
Kjevik,SN39040,20.11.2022 07:50,30.2
Kjevik,SN39040,20.11.2022 08:20,30.2
Kjevik,SN39040,20.11.2022 08:50,30.2
Kjevik,SN39040,20.11.2022 09:20,30.2
Kjevik,SN39040,20.11.2022 09:50,30.2
Kjevik,SN39040,20.11.2022 10:20,30.2
Kjevik,SN39040,20.11.2022 10:50,32.0
Kjevik,SN39040,20.11.2022 11:20,32.0
Kjevik,SN39040,20.11.2022 11:50,32.0
Kjevik,SN39040,20.11.2022 12:20,33.8
Kjevik,SN39040,20.11.2022 12:50,33.8
Kjevik,SN39040,20.11.2022 13:20,33.8
Kjevik,SN39040,20.11.2022 13:50,33.8
Kjevik,SN39040,20.11.2022 14:20,32.0
Kjevik,SN39040,20.11.2022 14:50,32.0
Kjevik,SN39040,20.11.2022 15:20,32.0
Kjevik,SN39040,20.11.2022 15:50,32.0
Kjevik,SN39040,20.11.2022 16:20,32.0
Kjevik,SN39040,20.11.2022 16:50,30.2
Kjevik,SN39040,20.11.2022 17:20,30.2
Kjevik,SN39040,20.11.2022 17:50,30.2
Kjevik,SN39040,20.11.2022 18:20,30.2
Kjevik,SN39040,20.11.2022 18:50,28.4
Kjevik,SN39040,20.11.2022 19:20,30.2
Kjevik,SN39040,20.11.2022 19:50,30.2
Kjevik,SN39040,20.11.2022 20:20,30.2
Kjevik,SN39040,20.11.2022 20:50,28.4
Kjevik,SN39040,20.11.2022 21:20,30.2
Kjevik,SN39040,20.11.2022 21:50,32.0
Kjevik,SN39040,20.11.2022 22:20,32.0
Kjevik,SN39040,20.11.2022 22:50,32.0
Kjevik,SN39040,20.11.2022 23:20,32.0
Kjevik,SN39040,20.11.2022 23:50,32.0
Kjevik,SN39040,21.11.2022 00:20,32.0
Kjevik,SN39040,21.11.2022 00:50,30.2
Kjevik,SN39040,21.11.2022 01:20,30.2
Kjevik,SN39040,21.11.2022 01:50,30.2
Kjevik,SN39040,21.11.2022 02:20,30.2
Kjevik,SN39040,21.11.2022 02:50,30.2
Kjevik,SN39040,21.11.2022 03:20,30.2
Kjevik,SN39040,21.11.2022 03:50,30.2
Kjevik,SN39040,21.11.2022 04:20,30.2
Kjevik,SN39040,21.11.2022 04:50,32.0
Kjevik,SN39040,21.11.2022 05:20,32.0
Kjevik,SN39040,21.11.2022 05:50,32.0
Kjevik,SN39040,21.11.2022 06:20,32.0
Kjevik,SN39040,21.11.2022 06:50,32.0
Kjevik,SN39040,21.11.2022 07:20,32.0
Kjevik,SN39040,21.11.2022 07:50,32.0
Kjevik,SN39040,21.11.2022 08:20,32.0
Kjevik,SN39040,21.11.2022 08:50,32.0
Kjevik,SN39040,21.11.2022 09:20,32.0
Kjevik,SN39040,21.11.2022 09:50,30.2
Kjevik,SN39040,21.11.2022 10:20,30.2
Kjevik,SN39040,21.11.2022 10:50,32.0
Kjevik,SN39040,21.11.2022 11:20,32.0
Kjevik,SN39040,21.11.2022 11:50,33.8
Kjevik,SN39040,21.11.2022 12:20,33.8
Kjevik,SN39040,21.11.2022 12:50,33.8
Kjevik,SN39040,21.11.2022 13:20,33.8
Kjevik,SN39040,21.11.2022 13:50,32.0
Kjevik,SN39040,21.11.2022 14:20,30.2
Kjevik,SN39040,21.11.2022 14:50,32.0
Kjevik,SN39040,21.11.2022 15:20,32.0
Kjevik,SN39040,21.11.2022 15:50,30.2
Kjevik,SN39040,21.11.2022 16:20,30.2
Kjevik,SN39040,21.11.2022 16:50,30.2
Kjevik,SN39040,21.11.2022 17:20,32.0
Kjevik,SN39040,21.11.2022 17:50,32.0
Kjevik,SN39040,21.11.2022 18:20,32.0
Kjevik,SN39040,21.11.2022 18:50,32.0
Kjevik,SN39040,21.11.2022 19:20,32.0
Kjevik,SN39040,21.11.2022 19:50,32.0
Kjevik,SN39040,21.11.2022 20:20,32.0
Kjevik,SN39040,21.11.2022 20:50,32.0
Kjevik,SN39040,21.11.2022 21:20,32.0
Kjevik,SN39040,21.11.2022 21:50,32.0
Kjevik,SN39040,21.11.2022 22:20,32.0
Kjevik,SN39040,21.11.2022 22:50,30.2
Kjevik,SN39040,21.11.2022 23:20,30.2
Kjevik,SN39040,21.11.2022 23:50,30.2
Kjevik,SN39040,22.11.2022 00:20,30.2
Kjevik,SN39040,22.11.2022 00:50,30.2
Kjevik,SN39040,22.11.2022 01:20,30.2
Kjevik,SN39040,22.11.2022 01:50,28.4
Kjevik,SN39040,22.11.2022 02:20,28.4
Kjevik,SN39040,22.11.2022 02:50,28.4
Kjevik,SN39040,22.11.2022 03:50,28.4
Kjevik,SN39040,22.11.2022 04:20,28.4
Kjevik,SN39040,22.11.2022 05:20,28.4
Kjevik,SN39040,22.11.2022 05:50,28.4
Kjevik,SN39040,22.11.2022 06:20,28.4
Kjevik,SN39040,22.11.2022 06:50,28.4
Kjevik,SN39040,22.11.2022 07:20,28.4
Kjevik,SN39040,23.11.2022 00:50,39.2
Kjevik,SN39040,23.11.2022 02:20,41.0
Kjevik,SN39040,23.11.2022 02:50,41.0
Kjevik,SN39040,23.11.2022 03:20,41.0
Kjevik,SN39040,23.11.2022 03:50,41.0
Kjevik,SN39040,23.11.2022 04:20,41.0
Kjevik,SN39040,23.11.2022 04:50,41.0
Kjevik,SN39040,23.11.2022 05:20,41.0
Kjevik,SN39040,23.11.2022 05:50,41.0
Kjevik,SN39040,23.11.2022 06:20,41.0
Kjevik,SN39040,23.11.2022 06:50,41.0
Kjevik,SN39040,23.11.2022 07:20,41.0
Kjevik,SN39040,23.11.2022 07:50,41.0
Kjevik,SN39040,23.11.2022 08:20,41.0
Kjevik,SN39040,23.11.2022 08:50,41.0
Kjevik,SN39040,23.11.2022 09:20,41.0
Kjevik,SN39040,23.11.2022 09:50,41.0
Kjevik,SN39040,23.11.2022 10:20,42.8
Kjevik,SN39040,23.11.2022 10:50,42.8
Kjevik,SN39040,23.11.2022 11:20,42.8
Kjevik,SN39040,23.11.2022 11:50,42.8
Kjevik,SN39040,23.11.2022 12:20,42.8
Kjevik,SN39040,23.11.2022 12:50,42.8
Kjevik,SN39040,23.11.2022 13:20,42.8
Kjevik,SN39040,23.11.2022 13:50,44.6
Kjevik,SN39040,23.11.2022 14:20,44.6
Kjevik,SN39040,23.11.2022 14:50,44.6
Kjevik,SN39040,23.11.2022 15:20,44.6
Kjevik,SN39040,23.11.2022 15:50,44.6
Kjevik,SN39040,23.11.2022 16:20,44.6
Kjevik,SN39040,23.11.2022 16:50,44.6
Kjevik,SN39040,23.11.2022 17:20,44.6
Kjevik,SN39040,23.11.2022 17:50,44.6
Kjevik,SN39040,23.11.2022 18:20,44.6
Kjevik,SN39040,23.11.2022 18:50,44.6
Kjevik,SN39040,23.11.2022 19:20,44.6
Kjevik,SN39040,23.11.2022 19:50,44.6
Kjevik,SN39040,23.11.2022 20:20,44.6
Kjevik,SN39040,23.11.2022 20:50,44.6
Kjevik,SN39040,23.11.2022 21:20,44.6
Kjevik,SN39040,23.11.2022 21:50,44.6
Kjevik,SN39040,23.11.2022 22:20,44.6
Kjevik,SN39040,23.11.2022 22:50,44.6
Kjevik,SN39040,23.11.2022 23:20,44.6
Kjevik,SN39040,23.11.2022 23:50,44.6
Kjevik,SN39040,24.11.2022 00:20,46.4
Kjevik,SN39040,24.11.2022 00:50,46.4
Kjevik,SN39040,24.11.2022 01:20,46.4
Kjevik,SN39040,24.11.2022 02:20,44.6
Kjevik,SN39040,24.11.2022 03:20,46.4
Kjevik,SN39040,24.11.2022 03:50,46.4
Kjevik,SN39040,24.11.2022 04:20,46.4
Kjevik,SN39040,24.11.2022 04:50,46.4
Kjevik,SN39040,24.11.2022 05:20,46.4
Kjevik,SN39040,24.11.2022 05:50,46.4
Kjevik,SN39040,24.11.2022 06:20,46.4
Kjevik,SN39040,24.11.2022 06:50,44.6
Kjevik,SN39040,24.11.2022 07:20,44.6
Kjevik,SN39040,24.11.2022 07:50,44.6
Kjevik,SN39040,24.11.2022 08:20,42.8
Kjevik,SN39040,24.11.2022 08:50,44.6
Kjevik,SN39040,24.11.2022 09:20,44.6
Kjevik,SN39040,24.11.2022 09:50,44.6
Kjevik,SN39040,24.11.2022 10:20,44.6
Kjevik,SN39040,24.11.2022 10:50,44.6
Kjevik,SN39040,24.11.2022 11:20,46.4
Kjevik,SN39040,24.11.2022 11:50,46.4
Kjevik,SN39040,24.11.2022 12:20,46.4
Kjevik,SN39040,24.11.2022 12:50,46.4
Kjevik,SN39040,24.11.2022 13:20,46.4
Kjevik,SN39040,24.11.2022 13:50,46.4
Kjevik,SN39040,24.11.2022 14:20,46.4
Kjevik,SN39040,24.11.2022 14:50,46.4
Kjevik,SN39040,24.11.2022 15:20,46.4
Kjevik,SN39040,24.11.2022 15:50,46.4
Kjevik,SN39040,24.11.2022 16:20,46.4
Kjevik,SN39040,24.11.2022 16:50,46.4
Kjevik,SN39040,24.11.2022 17:20,46.4
Kjevik,SN39040,24.11.2022 17:50,46.4
Kjevik,SN39040,24.11.2022 18:20,46.4
Kjevik,SN39040,24.11.2022 18:50,46.4
Kjevik,SN39040,24.11.2022 19:20,46.4
Kjevik,SN39040,24.11.2022 19:50,46.4
Kjevik,SN39040,24.11.2022 20:20,46.4
Kjevik,SN39040,24.11.2022 20:50,46.4
Kjevik,SN39040,24.11.2022 21:20,46.4
Kjevik,SN39040,24.11.2022 21:50,46.4
Kjevik,SN39040,24.11.2022 22:20,46.4
Kjevik,SN39040,24.11.2022 22:50,46.4
Kjevik,SN39040,24.11.2022 23:20,46.4
Kjevik,SN39040,24.11.2022 23:50,46.4
Kjevik,SN39040,25.11.2022 00:20,46.4
Kjevik,SN39040,25.11.2022 00:50,46.4
Kjevik,SN39040,25.11.2022 01:20,46.4
Kjevik,SN39040,25.11.2022 01:50,46.4
Kjevik,SN39040,25.11.2022 02:20,46.4
Kjevik,SN39040,25.11.2022 02:50,46.4
Kjevik,SN39040,25.11.2022 03:20,46.4
Kjevik,SN39040,25.11.2022 03:50,46.4
Kjevik,SN39040,25.11.2022 04:20,46.4
Kjevik,SN39040,25.11.2022 04:50,46.4
Kjevik,SN39040,25.11.2022 05:20,46.4
Kjevik,SN39040,25.11.2022 05:50,46.4
Kjevik,SN39040,25.11.2022 06:20,46.4
Kjevik,SN39040,25.11.2022 06:50,46.4
Kjevik,SN39040,25.11.2022 07:20,46.4
Kjevik,SN39040,25.11.2022 07:50,46.4
Kjevik,SN39040,25.11.2022 08:20,46.4
Kjevik,SN39040,25.11.2022 08:50,46.4
Kjevik,SN39040,25.11.2022 09:20,46.4
Kjevik,SN39040,25.11.2022 09:50,46.4
Kjevik,SN39040,25.11.2022 10:20,46.4
Kjevik,SN39040,25.11.2022 10:50,46.4
Kjevik,SN39040,25.11.2022 11:20,46.4
Kjevik,SN39040,25.11.2022 11:50,46.4
Kjevik,SN39040,25.11.2022 12:20,44.6
Kjevik,SN39040,25.11.2022 12:50,44.6
Kjevik,SN39040,25.11.2022 13:20,46.4
Kjevik,SN39040,25.11.2022 13:50,44.6
Kjevik,SN39040,25.11.2022 14:20,44.6
Kjevik,SN39040,25.11.2022 14:50,44.6
Kjevik,SN39040,25.11.2022 15:20,46.4
Kjevik,SN39040,25.11.2022 15:50,46.4
Kjevik,SN39040,25.11.2022 16:20,46.4
Kjevik,SN39040,25.11.2022 16:50,46.4
Kjevik,SN39040,25.11.2022 17:20,46.4
Kjevik,SN39040,25.11.2022 17:50,46.4
Kjevik,SN39040,25.11.2022 18:20,46.4
Kjevik,SN39040,25.11.2022 18:50,46.4
Kjevik,SN39040,25.11.2022 19:20,46.4
Kjevik,SN39040,25.11.2022 19:50,46.4
Kjevik,SN39040,25.11.2022 20:20,46.4
Kjevik,SN39040,25.11.2022 20:50,46.4
Kjevik,SN39040,25.11.2022 21:20,46.4
Kjevik,SN39040,25.11.2022 21:50,46.4
Kjevik,SN39040,25.11.2022 22:20,46.4
Kjevik,SN39040,25.11.2022 22:50,46.4
Kjevik,SN39040,25.11.2022 23:20,46.4
Kjevik,SN39040,25.11.2022 23:50,46.4
Kjevik,SN39040,26.11.2022 01:50,42.8
Kjevik,SN39040,26.11.2022 02:20,44.6
Kjevik,SN39040,26.11.2022 02:50,39.2
Kjevik,SN39040,26.11.2022 03:20,37.4
Kjevik,SN39040,26.11.2022 03:50,37.4
Kjevik,SN39040,26.11.2022 04:20,37.4
Kjevik,SN39040,26.11.2022 05:20,39.2
Kjevik,SN39040,26.11.2022 05:50,39.2
Kjevik,SN39040,26.11.2022 06:20,41.0
Kjevik,SN39040,26.11.2022 06:50,41.0
Kjevik,SN39040,26.11.2022 07:20,41.0
Kjevik,SN39040,26.11.2022 07:50,41.0
Kjevik,SN39040,26.11.2022 08:20,41.0
Kjevik,SN39040,26.11.2022 08:50,41.0
Kjevik,SN39040,26.11.2022 09:20,41.0
Kjevik,SN39040,26.11.2022 09:50,42.8
Kjevik,SN39040,26.11.2022 10:20,42.8
Kjevik,SN39040,26.11.2022 10:50,42.8
Kjevik,SN39040,26.11.2022 11:20,42.8
Kjevik,SN39040,26.11.2022 11:50,42.8
Kjevik,SN39040,26.11.2022 12:20,42.8
Kjevik,SN39040,26.11.2022 12:50,44.6
Kjevik,SN39040,26.11.2022 13:20,44.6
Kjevik,SN39040,26.11.2022 13:50,42.8
Kjevik,SN39040,26.11.2022 14:20,42.8
Kjevik,SN39040,26.11.2022 14:50,44.6
Kjevik,SN39040,26.11.2022 15:20,42.8
Kjevik,SN39040,26.11.2022 15:50,42.8
Kjevik,SN39040,26.11.2022 16:20,42.8
Kjevik,SN39040,26.11.2022 16:50,42.8
Kjevik,SN39040,26.11.2022 17:20,42.8
Kjevik,SN39040,26.11.2022 17:50,42.8
Kjevik,SN39040,26.11.2022 18:20,42.8
Kjevik,SN39040,26.11.2022 18:50,42.8
Kjevik,SN39040,26.11.2022 19:20,42.8
Kjevik,SN39040,26.11.2022 19:50,42.8
Kjevik,SN39040,26.11.2022 20:20,42.8
Kjevik,SN39040,26.11.2022 20:50,42.8
Kjevik,SN39040,26.11.2022 21:20,42.8
Kjevik,SN39040,26.11.2022 21:50,42.8
Kjevik,SN39040,26.11.2022 22:20,42.8
Kjevik,SN39040,26.11.2022 22:50,42.8
Kjevik,SN39040,26.11.2022 23:20,42.8
Kjevik,SN39040,26.11.2022 23:50,42.8
Kjevik,SN39040,27.11.2022 00:20,44.6
Kjevik,SN39040,27.11.2022 00:50,44.6
Kjevik,SN39040,27.11.2022 01:20,44.6
Kjevik,SN39040,27.11.2022 01:50,46.4
Kjevik,SN39040,27.11.2022 02:20,46.4
Kjevik,SN39040,27.11.2022 02:50,46.4
Kjevik,SN39040,27.11.2022 04:50,48.2
Kjevik,SN39040,27.11.2022 05:20,48.2
Kjevik,SN39040,27.11.2022 05:50,48.2
Kjevik,SN39040,27.11.2022 06:20,48.2
Kjevik,SN39040,27.11.2022 06:50,48.2
Kjevik,SN39040,27.11.2022 07:20,46.4
Kjevik,SN39040,27.11.2022 07:50,46.4
Kjevik,SN39040,27.11.2022 08:20,46.4
Kjevik,SN39040,27.11.2022 08:50,46.4
Kjevik,SN39040,27.11.2022 09:20,46.4
Kjevik,SN39040,27.11.2022 09:50,46.4
Kjevik,SN39040,27.11.2022 10:20,46.4
Kjevik,SN39040,27.11.2022 10:50,46.4
Kjevik,SN39040,27.11.2022 11:20,46.4
Kjevik,SN39040,27.11.2022 11:50,46.4
Kjevik,SN39040,27.11.2022 12:20,46.4
Kjevik,SN39040,27.11.2022 12:50,46.4
Kjevik,SN39040,27.11.2022 13:20,46.4
Kjevik,SN39040,27.11.2022 13:50,46.4
Kjevik,SN39040,27.11.2022 14:20,46.4
Kjevik,SN39040,27.11.2022 14:50,46.4
Kjevik,SN39040,27.11.2022 15:20,46.4
Kjevik,SN39040,27.11.2022 15:50,46.4
Kjevik,SN39040,27.11.2022 16:20,46.4
Kjevik,SN39040,27.11.2022 16:50,46.4
Kjevik,SN39040,27.11.2022 17:20,46.4
Kjevik,SN39040,27.11.2022 17:50,46.4
Kjevik,SN39040,27.11.2022 18:20,46.4
Kjevik,SN39040,27.11.2022 18:50,46.4
Kjevik,SN39040,27.11.2022 19:20,44.6
Kjevik,SN39040,27.11.2022 19:50,44.6
Kjevik,SN39040,27.11.2022 20:20,44.6
Kjevik,SN39040,27.11.2022 20:50,44.6
Kjevik,SN39040,27.11.2022 21:20,44.6
Kjevik,SN39040,27.11.2022 21:50,44.6
Kjevik,SN39040,27.11.2022 22:20,44.6
Kjevik,SN39040,27.11.2022 22:50,44.6
Kjevik,SN39040,27.11.2022 23:20,44.6
Kjevik,SN39040,27.11.2022 23:50,44.6
Kjevik,SN39040,28.11.2022 01:50,44.6
Kjevik,SN39040,28.11.2022 02:20,44.6
Kjevik,SN39040,28.11.2022 02:50,44.6
Kjevik,SN39040,28.11.2022 03:50,44.6
Kjevik,SN39040,28.11.2022 04:20,44.6
Kjevik,SN39040,28.11.2022 04:50,44.6
Kjevik,SN39040,28.11.2022 05:20,44.6
Kjevik,SN39040,28.11.2022 05:50,44.6
Kjevik,SN39040,28.11.2022 06:20,44.6
Kjevik,SN39040,28.11.2022 06:50,42.8
Kjevik,SN39040,28.11.2022 07:20,42.8
Kjevik,SN39040,28.11.2022 07:50,44.6
Kjevik,SN39040,28.11.2022 08:20,44.6
Kjevik,SN39040,28.11.2022 08:50,42.8
Kjevik,SN39040,28.11.2022 09:20,42.8
Kjevik,SN39040,28.11.2022 09:50,42.8
Kjevik,SN39040,28.11.2022 10:20,44.6
Kjevik,SN39040,28.11.2022 10:50,44.6
Kjevik,SN39040,28.11.2022 11:20,44.6
Kjevik,SN39040,28.11.2022 11:50,44.6
Kjevik,SN39040,28.11.2022 12:20,44.6
Kjevik,SN39040,28.11.2022 12:50,44.6
Kjevik,SN39040,28.11.2022 13:20,44.6
Kjevik,SN39040,28.11.2022 13:50,42.8
Kjevik,SN39040,28.11.2022 14:50,42.8
Kjevik,SN39040,28.11.2022 15:20,42.8
Kjevik,SN39040,28.11.2022 15:50,42.8
Kjevik,SN39040,28.11.2022 16:20,42.8
Kjevik,SN39040,28.11.2022 16:50,42.8
Kjevik,SN39040,28.11.2022 17:20,42.8
Kjevik,SN39040,28.11.2022 17:50,42.8
Kjevik,SN39040,28.11.2022 18:20,42.8
Kjevik,SN39040,28.11.2022 18:50,42.8
Kjevik,SN39040,28.11.2022 19:20,42.8
Kjevik,SN39040,28.11.2022 19:50,42.8
Kjevik,SN39040,28.11.2022 20:20,42.8
Kjevik,SN39040,28.11.2022 20:50,42.8
Kjevik,SN39040,28.11.2022 21:20,42.8
Kjevik,SN39040,28.11.2022 21:50,42.8
Kjevik,SN39040,28.11.2022 22:20,41.0
Kjevik,SN39040,28.11.2022 22:50,41.0
Kjevik,SN39040,28.11.2022 23:20,41.0
Kjevik,SN39040,29.11.2022 00:20,42.8
Kjevik,SN39040,29.11.2022 00:50,42.8
Kjevik,SN39040,29.11.2022 01:20,41.0
Kjevik,SN39040,29.11.2022 01:50,41.0
Kjevik,SN39040,29.11.2022 02:20,41.0
Kjevik,SN39040,29.11.2022 03:50,42.8
Kjevik,SN39040,29.11.2022 05:20,41.0
Kjevik,SN39040,29.11.2022 05:50,41.0
Kjevik,SN39040,29.11.2022 06:20,41.0
Kjevik,SN39040,29.11.2022 06:50,41.0
Kjevik,SN39040,29.11.2022 07:20,41.0
Kjevik,SN39040,29.11.2022 07:50,41.0
Kjevik,SN39040,29.11.2022 08:20,41.0
Kjevik,SN39040,29.11.2022 08:50,41.0
Kjevik,SN39040,29.11.2022 09:20,41.0
Kjevik,SN39040,29.11.2022 09:50,41.0
Kjevik,SN39040,29.11.2022 10:20,41.0
Kjevik,SN39040,29.11.2022 10:50,41.0
Kjevik,SN39040,29.11.2022 11:20,39.2
Kjevik,SN39040,29.11.2022 11:50,41.0
Kjevik,SN39040,29.11.2022 12:20,39.2
Kjevik,SN39040,29.11.2022 12:50,41.0
Kjevik,SN39040,29.11.2022 13:20,41.0
Kjevik,SN39040,29.11.2022 13:50,41.0
Kjevik,SN39040,29.11.2022 14:20,41.0
Kjevik,SN39040,29.11.2022 14:50,41.0
Kjevik,SN39040,29.11.2022 15:20,41.0
Kjevik,SN39040,29.11.2022 15:50,41.0
Kjevik,SN39040,29.11.2022 16:20,39.2
Kjevik,SN39040,29.11.2022 16:50,39.2
Kjevik,SN39040,29.11.2022 17:20,39.2
Kjevik,SN39040,29.11.2022 17:50,37.4
Kjevik,SN39040,29.11.2022 18:20,37.4
Kjevik,SN39040,29.11.2022 18:50,37.4
Kjevik,SN39040,29.11.2022 19:20,37.4
Kjevik,SN39040,29.11.2022 19:50,37.4
Kjevik,SN39040,29.11.2022 20:20,37.4
Kjevik,SN39040,29.11.2022 20:50,37.4
Kjevik,SN39040,29.11.2022 21:20,37.4
Kjevik,SN39040,29.11.2022 21:50,37.4
Kjevik,SN39040,29.11.2022 22:20,37.4
Kjevik,SN39040,29.11.2022 22:50,37.4
Kjevik,SN39040,29.11.2022 23:20,37.4
Kjevik,SN39040,29.11.2022 23:50,37.4
Kjevik,SN39040,30.11.2022 02:20,37.4
Kjevik,SN39040,30.11.2022 03:50,37.4
Kjevik,SN39040,30.11.2022 04:20,37.4
Kjevik,SN39040,30.11.2022 05:20,37.4
Kjevik,SN39040,30.11.2022 05:50,37.4
Kjevik,SN39040,30.11.2022 06:20,37.4
Kjevik,SN39040,30.11.2022 06:50,37.4
Kjevik,SN39040,30.11.2022 07:20,37.4
Kjevik,SN39040,30.11.2022 07:50,37.4
Kjevik,SN39040,30.11.2022 08:20,37.4
Kjevik,SN39040,30.11.2022 08:50,37.4
Kjevik,SN39040,30.11.2022 09:20,37.4
Kjevik,SN39040,30.11.2022 09:50,37.4
Kjevik,SN39040,30.11.2022 10:20,37.4
Kjevik,SN39040,30.11.2022 10:50,37.4
Kjevik,SN39040,30.11.2022 11:20,37.4
Kjevik,SN39040,30.11.2022 11:50,39.2
Kjevik,SN39040,30.11.2022 12:20,37.4
Kjevik,SN39040,30.11.2022 12:50,39.2
Kjevik,SN39040,30.11.2022 13:20,39.2
Kjevik,SN39040,30.11.2022 13:50,39.2
Kjevik,SN39040,30.11.2022 14:20,39.2
Kjevik,SN39040,30.11.2022 14:50,39.2
Kjevik,SN39040,30.11.2022 15:20,37.4
Kjevik,SN39040,30.11.2022 15:50,37.4
Kjevik,SN39040,30.11.2022 16:20,37.4
Kjevik,SN39040,30.11.2022 16:50,37.4
Kjevik,SN39040,30.11.2022 17:20,37.4
Kjevik,SN39040,30.11.2022 17:50,37.4
Kjevik,SN39040,30.11.2022 18:20,37.4
Kjevik,SN39040,30.11.2022 18:50,37.4
Kjevik,SN39040,30.11.2022 19:20,37.4
Kjevik,SN39040,30.11.2022 19:50,35.6
Kjevik,SN39040,30.11.2022 20:20,35.6
Kjevik,SN39040,30.11.2022 20:50,37.4
Kjevik,SN39040,30.11.2022 21:20,35.6
Kjevik,SN39040,30.11.2022 21:50,35.6
Kjevik,SN39040,30.11.2022 22:20,35.6
Kjevik,SN39040,30.11.2022 22:50,35.6
Kjevik,SN39040,30.11.2022 23:20,35.6
Kjevik,SN39040,30.11.2022 23:50,35.6
Kjevik,SN39040,01.12.2022 00:50,35.6
Kjevik,SN39040,01.12.2022 01:20,35.6
Kjevik,SN39040,01.12.2022 01:50,35.6
Kjevik,SN39040,01.12.2022 02:20,35.6
Kjevik,SN39040,01.12.2022 03:20,33.8
Kjevik,SN39040,01.12.2022 03:50,35.6
Kjevik,SN39040,01.12.2022 04:20,35.6
Kjevik,SN39040,01.12.2022 04:50,35.6
Kjevik,SN39040,01.12.2022 05:20,35.6
Kjevik,SN39040,01.12.2022 05:50,35.6
Kjevik,SN39040,01.12.2022 06:20,35.6
Kjevik,SN39040,01.12.2022 06:50,35.6
Kjevik,SN39040,01.12.2022 07:20,35.6
Kjevik,SN39040,01.12.2022 07:50,33.8
Kjevik,SN39040,01.12.2022 08:20,33.8
Kjevik,SN39040,01.12.2022 08:50,35.6
Kjevik,SN39040,01.12.2022 09:20,37.4
Kjevik,SN39040,01.12.2022 09:50,37.4
Kjevik,SN39040,01.12.2022 10:20,37.4
Kjevik,SN39040,01.12.2022 10:50,35.6
Kjevik,SN39040,01.12.2022 11:20,37.4
Kjevik,SN39040,01.12.2022 11:50,35.6
Kjevik,SN39040,01.12.2022 12:20,37.4
Kjevik,SN39040,01.12.2022 12:50,37.4
Kjevik,SN39040,01.12.2022 13:20,37.4
Kjevik,SN39040,01.12.2022 13:50,35.6
Kjevik,SN39040,01.12.2022 14:20,35.6
Kjevik,SN39040,01.12.2022 14:50,35.6
Kjevik,SN39040,01.12.2022 15:20,35.6
Kjevik,SN39040,01.12.2022 15:50,35.6
Kjevik,SN39040,01.12.2022 16:20,35.6
Kjevik,SN39040,01.12.2022 16:50,35.6
Kjevik,SN39040,01.12.2022 17:20,33.8
Kjevik,SN39040,01.12.2022 17:50,33.8
Kjevik,SN39040,01.12.2022 18:20,33.8
Kjevik,SN39040,01.12.2022 18:50,33.8
Kjevik,SN39040,01.12.2022 19:20,33.8
Kjevik,SN39040,01.12.2022 19:50,33.8
Kjevik,SN39040,01.12.2022 20:20,32.0
Kjevik,SN39040,01.12.2022 20:50,30.2
Kjevik,SN39040,01.12.2022 21:20,32.0
Kjevik,SN39040,01.12.2022 21:50,33.8
Kjevik,SN39040,01.12.2022 22:20,33.8
Kjevik,SN39040,01.12.2022 22:50,33.8
Kjevik,SN39040,01.12.2022 23:20,35.6
Kjevik,SN39040,01.12.2022 23:50,35.6
Kjevik,SN39040,02.12.2022 00:20,35.6
Kjevik,SN39040,02.12.2022 00:50,35.6
Kjevik,SN39040,02.12.2022 01:20,33.8
Kjevik,SN39040,02.12.2022 01:50,33.8
Kjevik,SN39040,02.12.2022 02:20,33.8
Kjevik,SN39040,02.12.2022 02:50,33.8
Kjevik,SN39040,02.12.2022 03:20,35.6
Kjevik,SN39040,02.12.2022 03:50,35.6
Kjevik,SN39040,02.12.2022 04:20,33.8
Kjevik,SN39040,02.12.2022 04:50,33.8
Kjevik,SN39040,02.12.2022 05:20,33.8
Kjevik,SN39040,02.12.2022 05:50,33.8
Kjevik,SN39040,02.12.2022 06:20,33.8
Kjevik,SN39040,02.12.2022 06:50,32.0
Kjevik,SN39040,02.12.2022 07:20,32.0
Kjevik,SN39040,02.12.2022 07:50,32.0
Kjevik,SN39040,02.12.2022 08:20,32.0
Kjevik,SN39040,02.12.2022 08:50,33.8
Kjevik,SN39040,02.12.2022 09:20,33.8
Kjevik,SN39040,02.12.2022 09:50,33.8
Kjevik,SN39040,02.12.2022 10:20,33.8
Kjevik,SN39040,02.12.2022 10:50,35.6
Kjevik,SN39040,02.12.2022 11:20,35.6
Kjevik,SN39040,02.12.2022 11:50,35.6
Kjevik,SN39040,02.12.2022 12:20,35.6
Kjevik,SN39040,02.12.2022 12:50,35.6
Kjevik,SN39040,02.12.2022 13:20,35.6
Kjevik,SN39040,02.12.2022 13:50,35.6
Kjevik,SN39040,02.12.2022 14:20,35.6
Kjevik,SN39040,02.12.2022 14:50,37.4
Kjevik,SN39040,02.12.2022 15:20,35.6
Kjevik,SN39040,02.12.2022 15:50,35.6
Kjevik,SN39040,02.12.2022 16:20,35.6
Kjevik,SN39040,02.12.2022 16:50,35.6
Kjevik,SN39040,02.12.2022 17:20,35.6
Kjevik,SN39040,02.12.2022 17:50,33.8
Kjevik,SN39040,02.12.2022 18:20,35.6
Kjevik,SN39040,02.12.2022 18:50,35.6
Kjevik,SN39040,02.12.2022 19:20,35.6
Kjevik,SN39040,02.12.2022 19:50,35.6
Kjevik,SN39040,02.12.2022 20:20,35.6
Kjevik,SN39040,02.12.2022 20:50,35.6
Kjevik,SN39040,02.12.2022 21:20,35.6
Kjevik,SN39040,02.12.2022 21:50,35.6
Kjevik,SN39040,02.12.2022 22:20,35.6
Kjevik,SN39040,02.12.2022 22:50,35.6
Kjevik,SN39040,02.12.2022 23:20,35.6
Kjevik,SN39040,02.12.2022 23:50,35.6
Kjevik,SN39040,03.12.2022 00:20,35.6
Kjevik,SN39040,03.12.2022 00:50,35.6
Kjevik,SN39040,03.12.2022 01:20,35.6
Kjevik,SN39040,03.12.2022 02:50,37.4
Kjevik,SN39040,03.12.2022 03:50,35.6
Kjevik,SN39040,03.12.2022 05:20,33.8
Kjevik,SN39040,03.12.2022 05:50,33.8
Kjevik,SN39040,03.12.2022 06:20,33.8
Kjevik,SN39040,03.12.2022 06:50,35.6
Kjevik,SN39040,03.12.2022 07:20,35.6
Kjevik,SN39040,03.12.2022 07:50,35.6
Kjevik,SN39040,03.12.2022 08:20,35.6
Kjevik,SN39040,03.12.2022 08:50,35.6
Kjevik,SN39040,03.12.2022 09:20,33.8
Kjevik,SN39040,03.12.2022 09:50,33.8
Kjevik,SN39040,03.12.2022 10:20,35.6
Kjevik,SN39040,03.12.2022 10:50,35.6
Kjevik,SN39040,03.12.2022 11:20,35.6
Kjevik,SN39040,03.12.2022 11:50,35.6
Kjevik,SN39040,03.12.2022 12:20,35.6
Kjevik,SN39040,03.12.2022 12:50,35.6
Kjevik,SN39040,03.12.2022 13:20,35.6
Kjevik,SN39040,03.12.2022 13:50,35.6
Kjevik,SN39040,03.12.2022 14:20,35.6
Kjevik,SN39040,03.12.2022 14:50,35.6
Kjevik,SN39040,03.12.2022 15:20,35.6
Kjevik,SN39040,03.12.2022 15:50,33.8
Kjevik,SN39040,03.12.2022 16:20,33.8
Kjevik,SN39040,03.12.2022 16:50,33.8
Kjevik,SN39040,03.12.2022 17:20,33.8
Kjevik,SN39040,03.12.2022 17:50,33.8
Kjevik,SN39040,03.12.2022 18:20,33.8
Kjevik,SN39040,03.12.2022 18:50,33.8
Kjevik,SN39040,03.12.2022 19:20,33.8
Kjevik,SN39040,03.12.2022 19:50,33.8
Kjevik,SN39040,03.12.2022 20:20,32.0
Kjevik,SN39040,03.12.2022 20:50,32.0
Kjevik,SN39040,03.12.2022 21:20,32.0
Kjevik,SN39040,03.12.2022 21:50,32.0
Kjevik,SN39040,03.12.2022 22:20,32.0
Kjevik,SN39040,04.12.2022 00:20,32.0
Kjevik,SN39040,04.12.2022 00:50,32.0
Kjevik,SN39040,04.12.2022 02:50,32.0
Kjevik,SN39040,04.12.2022 03:20,32.0
Kjevik,SN39040,04.12.2022 03:50,32.0
Kjevik,SN39040,04.12.2022 05:20,32.0
Kjevik,SN39040,04.12.2022 05:50,32.0
Kjevik,SN39040,04.12.2022 06:20,33.8
Kjevik,SN39040,04.12.2022 06:50,33.8
Kjevik,SN39040,04.12.2022 07:20,32.0
Kjevik,SN39040,04.12.2022 07:50,33.8
Kjevik,SN39040,04.12.2022 08:20,33.8
Kjevik,SN39040,04.12.2022 08:50,32.0
Kjevik,SN39040,04.12.2022 09:20,32.0
Kjevik,SN39040,04.12.2022 09:50,32.0
Kjevik,SN39040,04.12.2022 10:20,33.8
Kjevik,SN39040,04.12.2022 10:50,33.8
Kjevik,SN39040,04.12.2022 11:20,33.8
Kjevik,SN39040,04.12.2022 11:50,33.8
Kjevik,SN39040,04.12.2022 12:20,33.8
Kjevik,SN39040,04.12.2022 12:50,33.8
Kjevik,SN39040,04.12.2022 13:20,33.8
Kjevik,SN39040,04.12.2022 13:50,33.8
Kjevik,SN39040,04.12.2022 14:20,32.0
Kjevik,SN39040,04.12.2022 14:50,32.0
Kjevik,SN39040,04.12.2022 15:20,32.0
Kjevik,SN39040,04.12.2022 15:50,32.0
Kjevik,SN39040,04.12.2022 16:20,32.0
Kjevik,SN39040,04.12.2022 16:50,32.0
Kjevik,SN39040,04.12.2022 17:20,32.0
Kjevik,SN39040,04.12.2022 17:50,32.0
Kjevik,SN39040,04.12.2022 18:20,32.0
Kjevik,SN39040,04.12.2022 18:50,32.0
Kjevik,SN39040,04.12.2022 19:20,32.0
Kjevik,SN39040,04.12.2022 19:50,32.0
Kjevik,SN39040,04.12.2022 20:20,32.0
Kjevik,SN39040,04.12.2022 20:50,32.0
Kjevik,SN39040,04.12.2022 21:20,32.0
Kjevik,SN39040,04.12.2022 21:50,32.0
Kjevik,SN39040,04.12.2022 22:20,32.0
Kjevik,SN39040,04.12.2022 22:50,32.0
Kjevik,SN39040,04.12.2022 23:20,32.0
Kjevik,SN39040,04.12.2022 23:50,32.0
Kjevik,SN39040,05.12.2022 00:20,32.0
Kjevik,SN39040,05.12.2022 00:50,32.0
Kjevik,SN39040,05.12.2022 01:20,32.0
Kjevik,SN39040,05.12.2022 01:50,32.0
Kjevik,SN39040,05.12.2022 02:20,32.0
Kjevik,SN39040,05.12.2022 02:50,32.0
Kjevik,SN39040,05.12.2022 03:20,32.0
Kjevik,SN39040,05.12.2022 03:50,32.0
Kjevik,SN39040,05.12.2022 04:20,32.0
Kjevik,SN39040,05.12.2022 04:50,32.0
Kjevik,SN39040,05.12.2022 05:20,32.0
Kjevik,SN39040,05.12.2022 05:50,30.2
Kjevik,SN39040,05.12.2022 06:20,30.2
Kjevik,SN39040,05.12.2022 06:50,30.2
Kjevik,SN39040,05.12.2022 07:20,30.2
Kjevik,SN39040,05.12.2022 07:50,30.2
Kjevik,SN39040,05.12.2022 08:20,30.2
Kjevik,SN39040,05.12.2022 08:50,26.6
Kjevik,SN39040,05.12.2022 09:20,26.6
Kjevik,SN39040,05.12.2022 09:50,28.4
Kjevik,SN39040,05.12.2022 10:20,30.2
Kjevik,SN39040,05.12.2022 10:50,30.2
Kjevik,SN39040,05.12.2022 11:20,32.0
Kjevik,SN39040,05.12.2022 11:50,32.0
Kjevik,SN39040,05.12.2022 12:20,32.0
Kjevik,SN39040,05.12.2022 12:50,33.8
Kjevik,SN39040,05.12.2022 13:20,33.8
Kjevik,SN39040,05.12.2022 13:50,33.8
Kjevik,SN39040,05.12.2022 14:20,32.0
Kjevik,SN39040,05.12.2022 14:50,32.0
Kjevik,SN39040,05.12.2022 15:20,32.0
Kjevik,SN39040,05.12.2022 15:50,30.2
Kjevik,SN39040,05.12.2022 16:20,28.4
Kjevik,SN39040,05.12.2022 16:50,26.6
Kjevik,SN39040,05.12.2022 17:20,26.6
Kjevik,SN39040,05.12.2022 17:50,24.8
Kjevik,SN39040,05.12.2022 18:20,24.8
Kjevik,SN39040,05.12.2022 18:50,24.8
Kjevik,SN39040,05.12.2022 19:20,24.8
Kjevik,SN39040,05.12.2022 19:50,23.0
Kjevik,SN39040,05.12.2022 20:20,23.0
Kjevik,SN39040,05.12.2022 20:50,21.2
Kjevik,SN39040,05.12.2022 21:20,23.0
Kjevik,SN39040,05.12.2022 21:50,21.2
Kjevik,SN39040,05.12.2022 22:20,21.2
Kjevik,SN39040,05.12.2022 22:50,21.2
Kjevik,SN39040,05.12.2022 23:20,19.4
Kjevik,SN39040,05.12.2022 23:50,21.2
Kjevik,SN39040,06.12.2022 00:20,21.2
Kjevik,SN39040,06.12.2022 00:50,21.2
Kjevik,SN39040,06.12.2022 01:20,21.2
Kjevik,SN39040,06.12.2022 01:50,21.2
Kjevik,SN39040,06.12.2022 02:20,21.2
Kjevik,SN39040,06.12.2022 02:50,23.0
Kjevik,SN39040,06.12.2022 03:20,23.0
Kjevik,SN39040,06.12.2022 03:50,23.0
Kjevik,SN39040,06.12.2022 04:20,24.8
Kjevik,SN39040,06.12.2022 04:50,24.8
Kjevik,SN39040,06.12.2022 05:20,24.8
Kjevik,SN39040,06.12.2022 05:50,26.6
Kjevik,SN39040,06.12.2022 06:20,26.6
Kjevik,SN39040,06.12.2022 06:50,26.6
Kjevik,SN39040,06.12.2022 07:20,28.4
Kjevik,SN39040,06.12.2022 07:50,28.4
Kjevik,SN39040,06.12.2022 08:20,28.4
Kjevik,SN39040,06.12.2022 08:50,28.4
Kjevik,SN39040,06.12.2022 09:20,28.4
Kjevik,SN39040,06.12.2022 09:50,28.4
Kjevik,SN39040,06.12.2022 10:20,28.4
Kjevik,SN39040,06.12.2022 10:50,30.2
Kjevik,SN39040,06.12.2022 11:20,30.2
Kjevik,SN39040,06.12.2022 11:50,30.2
Kjevik,SN39040,06.12.2022 12:20,30.2
Kjevik,SN39040,06.12.2022 12:50,32.0
Kjevik,SN39040,06.12.2022 13:20,32.0
Kjevik,SN39040,06.12.2022 13:50,32.0
Kjevik,SN39040,06.12.2022 14:20,32.0
Kjevik,SN39040,06.12.2022 14:50,32.0
Kjevik,SN39040,06.12.2022 15:20,32.0
Kjevik,SN39040,06.12.2022 15:50,32.0
Kjevik,SN39040,06.12.2022 16:20,32.0
Kjevik,SN39040,06.12.2022 16:50,30.2
Kjevik,SN39040,06.12.2022 17:20,32.0
Kjevik,SN39040,06.12.2022 17:50,32.0
Kjevik,SN39040,06.12.2022 18:20,30.2
Kjevik,SN39040,06.12.2022 18:50,30.2
Kjevik,SN39040,06.12.2022 19:20,30.2
Kjevik,SN39040,06.12.2022 19:50,28.4
Kjevik,SN39040,06.12.2022 20:20,28.4
Kjevik,SN39040,06.12.2022 20:50,28.4
Kjevik,SN39040,06.12.2022 21:20,28.4
Kjevik,SN39040,06.12.2022 21:50,26.6
Kjevik,SN39040,06.12.2022 22:20,26.6
Kjevik,SN39040,06.12.2022 22:50,32.0
Kjevik,SN39040,06.12.2022 23:20,28.4
Kjevik,SN39040,06.12.2022 23:50,26.6
Kjevik,SN39040,07.12.2022 00:20,26.6
Kjevik,SN39040,07.12.2022 00:50,24.8
Kjevik,SN39040,07.12.2022 01:20,26.6
Kjevik,SN39040,07.12.2022 01:50,24.8
Kjevik,SN39040,07.12.2022 02:20,26.6
Kjevik,SN39040,07.12.2022 02:50,28.4
Kjevik,SN39040,07.12.2022 03:20,28.4
Kjevik,SN39040,07.12.2022 03:50,28.4
Kjevik,SN39040,07.12.2022 04:20,24.8
Kjevik,SN39040,07.12.2022 04:50,23.0
Kjevik,SN39040,07.12.2022 05:20,24.8
Kjevik,SN39040,07.12.2022 05:50,26.6
Kjevik,SN39040,07.12.2022 06:20,24.8
Kjevik,SN39040,07.12.2022 06:50,23.0
Kjevik,SN39040,07.12.2022 07:20,23.0
Kjevik,SN39040,07.12.2022 07:50,21.2
Kjevik,SN39040,07.12.2022 08:20,21.2
Kjevik,SN39040,07.12.2022 08:50,21.2
Kjevik,SN39040,07.12.2022 09:20,21.2
Kjevik,SN39040,07.12.2022 09:50,23.0
Kjevik,SN39040,07.12.2022 10:20,24.8
Kjevik,SN39040,07.12.2022 10:50,24.8
Kjevik,SN39040,07.12.2022 11:20,26.6
Kjevik,SN39040,07.12.2022 11:50,28.4
Kjevik,SN39040,07.12.2022 12:20,30.2
Kjevik,SN39040,07.12.2022 12:50,28.4
Kjevik,SN39040,07.12.2022 13:20,30.2
Kjevik,SN39040,07.12.2022 13:50,30.2
Kjevik,SN39040,07.12.2022 14:20,30.2
Kjevik,SN39040,07.12.2022 14:50,28.4
Kjevik,SN39040,07.12.2022 15:20,28.4
Kjevik,SN39040,07.12.2022 15:50,24.8
Kjevik,SN39040,07.12.2022 16:20,23.0
Kjevik,SN39040,07.12.2022 16:50,21.2
Kjevik,SN39040,07.12.2022 17:20,21.2
Kjevik,SN39040,07.12.2022 17:50,19.4
Kjevik,SN39040,07.12.2022 18:20,19.4
Kjevik,SN39040,07.12.2022 18:50,17.6
Kjevik,SN39040,07.12.2022 19:20,17.6
Kjevik,SN39040,07.12.2022 19:50,17.6
Kjevik,SN39040,07.12.2022 20:20,15.8
Kjevik,SN39040,07.12.2022 20:50,17.6
Kjevik,SN39040,07.12.2022 21:20,17.6
Kjevik,SN39040,07.12.2022 21:50,15.8
Kjevik,SN39040,07.12.2022 22:20,15.8
Kjevik,SN39040,07.12.2022 22:50,15.8
Kjevik,SN39040,07.12.2022 23:20,15.8
Kjevik,SN39040,07.12.2022 23:50,15.8
Kjevik,SN39040,08.12.2022 00:20,15.8
Kjevik,SN39040,08.12.2022 00:50,14.0
Kjevik,SN39040,08.12.2022 01:20,15.8
Kjevik,SN39040,08.12.2022 01:50,15.8
Kjevik,SN39040,08.12.2022 02:20,15.8
Kjevik,SN39040,08.12.2022 02:50,15.8
Kjevik,SN39040,08.12.2022 03:20,14.0
Kjevik,SN39040,08.12.2022 03:50,12.2
Kjevik,SN39040,08.12.2022 04:20,12.2
Kjevik,SN39040,08.12.2022 04:50,12.2
Kjevik,SN39040,08.12.2022 05:20,12.2
Kjevik,SN39040,08.12.2022 05:50,14.0
Kjevik,SN39040,08.12.2022 06:20,12.2
Kjevik,SN39040,08.12.2022 06:50,12.2
Kjevik,SN39040,08.12.2022 07:20,14.0
Kjevik,SN39040,08.12.2022 07:50,14.0
Kjevik,SN39040,08.12.2022 08:20,15.8
Kjevik,SN39040,08.12.2022 08:50,17.6
Kjevik,SN39040,08.12.2022 09:20,21.2
Kjevik,SN39040,08.12.2022 09:50,21.2
Kjevik,SN39040,08.12.2022 10:20,21.2
Kjevik,SN39040,08.12.2022 10:50,21.2
Kjevik,SN39040,08.12.2022 11:20,21.2
Kjevik,SN39040,08.12.2022 11:50,23.0
Kjevik,SN39040,08.12.2022 12:20,23.0
Kjevik,SN39040,08.12.2022 12:50,24.8
Kjevik,SN39040,08.12.2022 13:20,24.8
Kjevik,SN39040,08.12.2022 13:50,24.8
Kjevik,SN39040,08.12.2022 14:20,23.0
Kjevik,SN39040,08.12.2022 14:50,23.0
Kjevik,SN39040,08.12.2022 15:20,21.2
Kjevik,SN39040,08.12.2022 15:50,19.4
Kjevik,SN39040,08.12.2022 16:20,21.2
Kjevik,SN39040,08.12.2022 16:50,19.4
Kjevik,SN39040,08.12.2022 17:20,21.2
Kjevik,SN39040,08.12.2022 17:50,19.4
Kjevik,SN39040,08.12.2022 18:20,19.4
Kjevik,SN39040,08.12.2022 18:50,15.8
Kjevik,SN39040,08.12.2022 19:20,17.6
Kjevik,SN39040,08.12.2022 19:50,15.8
Kjevik,SN39040,08.12.2022 20:20,14.0
Kjevik,SN39040,08.12.2022 20:50,15.8
Kjevik,SN39040,08.12.2022 21:20,14.0
Kjevik,SN39040,08.12.2022 21:50,12.2
Kjevik,SN39040,08.12.2022 22:20,14.0
Kjevik,SN39040,08.12.2022 22:50,12.2
Kjevik,SN39040,08.12.2022 23:20,12.2
Kjevik,SN39040,08.12.2022 23:50,12.2
Kjevik,SN39040,09.12.2022 00:20,10.4
Kjevik,SN39040,09.12.2022 00:50,12.2
Kjevik,SN39040,09.12.2022 01:20,12.2
Kjevik,SN39040,09.12.2022 01:50,12.2
Kjevik,SN39040,09.12.2022 02:20,12.2
Kjevik,SN39040,09.12.2022 02:50,12.2
Kjevik,SN39040,09.12.2022 03:20,12.2
Kjevik,SN39040,09.12.2022 03:50,12.2
Kjevik,SN39040,09.12.2022 04:20,14.0
Kjevik,SN39040,09.12.2022 04:50,14.0
Kjevik,SN39040,09.12.2022 05:20,15.8
Kjevik,SN39040,09.12.2022 05:50,17.6
Kjevik,SN39040,09.12.2022 06:20,15.8
Kjevik,SN39040,09.12.2022 06:50,17.6
Kjevik,SN39040,09.12.2022 07:20,19.4
Kjevik,SN39040,09.12.2022 07:50,21.2
Kjevik,SN39040,09.12.2022 08:20,21.2
Kjevik,SN39040,09.12.2022 08:50,21.2
Kjevik,SN39040,09.12.2022 09:20,21.2
Kjevik,SN39040,09.12.2022 09:50,23.0
Kjevik,SN39040,09.12.2022 10:20,23.0
Kjevik,SN39040,09.12.2022 10:50,24.8
Kjevik,SN39040,09.12.2022 11:20,24.8
Kjevik,SN39040,09.12.2022 11:50,24.8
Kjevik,SN39040,09.12.2022 12:20,26.6
Kjevik,SN39040,09.12.2022 12:50,26.6
Kjevik,SN39040,09.12.2022 13:20,26.6
Kjevik,SN39040,09.12.2022 13:50,26.6
Kjevik,SN39040,09.12.2022 14:20,26.6
Kjevik,SN39040,09.12.2022 14:50,26.6
Kjevik,SN39040,09.12.2022 15:20,26.6
Kjevik,SN39040,09.12.2022 15:50,26.6
Kjevik,SN39040,09.12.2022 16:20,26.6
Kjevik,SN39040,09.12.2022 16:50,26.6
Kjevik,SN39040,09.12.2022 17:20,26.6
Kjevik,SN39040,09.12.2022 17:50,26.6
Kjevik,SN39040,09.12.2022 18:20,26.6
Kjevik,SN39040,09.12.2022 18:50,26.6
Kjevik,SN39040,09.12.2022 19:20,26.6
Kjevik,SN39040,09.12.2022 19:50,26.6
Kjevik,SN39040,09.12.2022 20:20,26.6
Kjevik,SN39040,09.12.2022 20:50,26.6
Kjevik,SN39040,09.12.2022 21:20,26.6
Kjevik,SN39040,09.12.2022 21:50,26.6
Kjevik,SN39040,09.12.2022 22:20,26.6
Kjevik,SN39040,09.12.2022 22:50,24.8
Kjevik,SN39040,09.12.2022 23:20,24.8
Kjevik,SN39040,09.12.2022 23:50,24.8
Kjevik,SN39040,10.12.2022 00:20,24.8
Kjevik,SN39040,10.12.2022 00:50,24.8
Kjevik,SN39040,10.12.2022 01:20,24.8
Kjevik,SN39040,10.12.2022 01:50,24.8
Kjevik,SN39040,10.12.2022 02:20,24.8
Kjevik,SN39040,10.12.2022 02:50,24.8
Kjevik,SN39040,10.12.2022 03:20,24.8
Kjevik,SN39040,10.12.2022 03:50,24.8
Kjevik,SN39040,10.12.2022 04:20,24.8
Kjevik,SN39040,10.12.2022 04:50,24.8
Kjevik,SN39040,10.12.2022 05:20,24.8
Kjevik,SN39040,10.12.2022 05:50,24.8
Kjevik,SN39040,10.12.2022 06:20,24.8
Kjevik,SN39040,10.12.2022 06:50,24.8
Kjevik,SN39040,10.12.2022 07:20,24.8
Kjevik,SN39040,10.12.2022 07:50,26.6
Kjevik,SN39040,10.12.2022 08:20,26.6
Kjevik,SN39040,10.12.2022 08:50,26.6
Kjevik,SN39040,10.12.2022 09:20,26.6
Kjevik,SN39040,10.12.2022 09:50,26.6
Kjevik,SN39040,10.12.2022 10:20,26.6
Kjevik,SN39040,10.12.2022 10:50,26.6
Kjevik,SN39040,10.12.2022 11:20,26.6
Kjevik,SN39040,10.12.2022 11:50,24.8
Kjevik,SN39040,10.12.2022 12:20,24.8
Kjevik,SN39040,10.12.2022 12:50,24.8
Kjevik,SN39040,10.12.2022 13:20,24.8
Kjevik,SN39040,10.12.2022 13:50,24.8
Kjevik,SN39040,10.12.2022 14:20,24.8
Kjevik,SN39040,10.12.2022 14:50,24.8
Kjevik,SN39040,10.12.2022 15:20,24.8
Kjevik,SN39040,10.12.2022 15:50,24.8
Kjevik,SN39040,10.12.2022 16:20,24.8
Kjevik,SN39040,10.12.2022 16:50,24.8
Kjevik,SN39040,10.12.2022 17:20,21.2
Kjevik,SN39040,10.12.2022 17:50,21.2
Kjevik,SN39040,10.12.2022 18:20,21.2
Kjevik,SN39040,10.12.2022 18:50,21.2
Kjevik,SN39040,10.12.2022 19:20,19.4
Kjevik,SN39040,10.12.2022 19:50,19.4
Kjevik,SN39040,10.12.2022 20:20,21.2
Kjevik,SN39040,10.12.2022 20:50,19.4
Kjevik,SN39040,10.12.2022 21:20,19.4
Kjevik,SN39040,10.12.2022 21:50,19.4
Kjevik,SN39040,10.12.2022 22:20,19.4
Kjevik,SN39040,10.12.2022 22:50,17.6
Kjevik,SN39040,10.12.2022 23:20,17.6
Kjevik,SN39040,10.12.2022 23:50,17.6
Kjevik,SN39040,11.12.2022 00:20,17.6
Kjevik,SN39040,11.12.2022 00:50,17.6
Kjevik,SN39040,11.12.2022 01:20,17.6
Kjevik,SN39040,11.12.2022 01:50,15.8
Kjevik,SN39040,11.12.2022 02:20,15.8
Kjevik,SN39040,11.12.2022 02:50,17.6
Kjevik,SN39040,11.12.2022 03:20,17.6
Kjevik,SN39040,11.12.2022 03:50,17.6
Kjevik,SN39040,11.12.2022 04:50,17.6
Kjevik,SN39040,11.12.2022 05:20,17.6
Kjevik,SN39040,11.12.2022 05:50,17.6
Kjevik,SN39040,11.12.2022 06:20,17.6
Kjevik,SN39040,11.12.2022 06:50,19.4
Kjevik,SN39040,11.12.2022 07:20,17.6
Kjevik,SN39040,11.12.2022 07:50,19.4
Kjevik,SN39040,11.12.2022 08:20,19.4
Kjevik,SN39040,11.12.2022 08:50,19.4
Kjevik,SN39040,11.12.2022 09:20,19.4
Kjevik,SN39040,11.12.2022 09:50,21.2
Kjevik,SN39040,11.12.2022 10:20,21.2
Kjevik,SN39040,11.12.2022 10:50,21.2
Kjevik,SN39040,11.12.2022 11:20,21.2
Kjevik,SN39040,11.12.2022 11:50,21.2
Kjevik,SN39040,11.12.2022 12:20,21.2
Kjevik,SN39040,11.12.2022 12:50,21.2
Kjevik,SN39040,11.12.2022 13:20,21.2
Kjevik,SN39040,11.12.2022 13:50,21.2
Kjevik,SN39040,11.12.2022 14:20,21.2
Kjevik,SN39040,11.12.2022 14:50,21.2
Kjevik,SN39040,11.12.2022 15:20,21.2
Kjevik,SN39040,11.12.2022 15:50,21.2
Kjevik,SN39040,11.12.2022 16:20,21.2
Kjevik,SN39040,11.12.2022 16:50,21.2
Kjevik,SN39040,11.12.2022 17:20,21.2
Kjevik,SN39040,11.12.2022 17:50,21.2
Kjevik,SN39040,11.12.2022 18:20,23.0
Kjevik,SN39040,11.12.2022 18:50,23.0
Kjevik,SN39040,11.12.2022 19:20,23.0
Kjevik,SN39040,11.12.2022 19:50,23.0
Kjevik,SN39040,11.12.2022 20:20,23.0
Kjevik,SN39040,11.12.2022 20:50,23.0
Kjevik,SN39040,11.12.2022 21:20,23.0
Kjevik,SN39040,11.12.2022 21:50,23.0
Kjevik,SN39040,11.12.2022 22:20,23.0
Kjevik,SN39040,11.12.2022 22:50,23.0
Kjevik,SN39040,11.12.2022 23:20,23.0
Kjevik,SN39040,11.12.2022 23:50,23.0
Kjevik,SN39040,12.12.2022 00:20,23.0
Kjevik,SN39040,12.12.2022 00:50,23.0
Kjevik,SN39040,12.12.2022 01:20,23.0
Kjevik,SN39040,12.12.2022 01:50,23.0
Kjevik,SN39040,12.12.2022 02:20,23.0
Kjevik,SN39040,12.12.2022 02:50,23.0
Kjevik,SN39040,12.12.2022 03:20,23.0
Kjevik,SN39040,12.12.2022 03:50,23.0
Kjevik,SN39040,12.12.2022 04:20,23.0
Kjevik,SN39040,12.12.2022 04:50,23.0
Kjevik,SN39040,12.12.2022 05:20,23.0
Kjevik,SN39040,12.12.2022 05:50,23.0
Kjevik,SN39040,12.12.2022 06:20,23.0
Kjevik,SN39040,12.12.2022 06:50,23.0
Kjevik,SN39040,12.12.2022 07:20,23.0
Kjevik,SN39040,12.12.2022 07:50,23.0
Kjevik,SN39040,12.12.2022 08:20,23.0
Kjevik,SN39040,12.12.2022 08:50,23.0
Kjevik,SN39040,12.12.2022 09:20,23.0
Kjevik,SN39040,12.12.2022 09:50,23.0
Kjevik,SN39040,12.12.2022 10:20,23.0
Kjevik,SN39040,12.12.2022 10:50,23.0
Kjevik,SN39040,12.12.2022 11:20,23.0
Kjevik,SN39040,12.12.2022 11:50,23.0
Kjevik,SN39040,12.12.2022 12:20,24.8
Kjevik,SN39040,12.12.2022 12:50,24.8
Kjevik,SN39040,12.12.2022 13:20,24.8
Kjevik,SN39040,12.12.2022 13:50,24.8
Kjevik,SN39040,12.12.2022 14:20,23.0
Kjevik,SN39040,12.12.2022 14:50,23.0
Kjevik,SN39040,12.12.2022 15:20,21.2
Kjevik,SN39040,12.12.2022 15:50,19.4
Kjevik,SN39040,12.12.2022 16:20,21.2
Kjevik,SN39040,12.12.2022 16:50,19.4
Kjevik,SN39040,12.12.2022 17:20,17.6
Kjevik,SN39040,12.12.2022 17:50,15.8
Kjevik,SN39040,12.12.2022 18:20,15.8
Kjevik,SN39040,12.12.2022 18:50,14.0
Kjevik,SN39040,12.12.2022 19:20,14.0
Kjevik,SN39040,12.12.2022 19:50,15.8
Kjevik,SN39040,12.12.2022 20:20,15.8
Kjevik,SN39040,12.12.2022 20:50,15.8
Kjevik,SN39040,12.12.2022 21:20,17.6
Kjevik,SN39040,12.12.2022 21:50,15.8
Kjevik,SN39040,12.12.2022 22:20,15.8
Kjevik,SN39040,12.12.2022 22:50,14.0
Kjevik,SN39040,12.12.2022 23:20,12.2
Kjevik,SN39040,12.12.2022 23:50,12.2
Kjevik,SN39040,13.12.2022 00:20,12.2
Kjevik,SN39040,13.12.2022 00:50,12.2
Kjevik,SN39040,13.12.2022 01:20,12.2
Kjevik,SN39040,13.12.2022 01:50,12.2
Kjevik,SN39040,13.12.2022 02:20,12.2
Kjevik,SN39040,13.12.2022 02:50,10.4
Kjevik,SN39040,13.12.2022 03:20,8.6
Kjevik,SN39040,13.12.2022 03:50,8.6
Kjevik,SN39040,13.12.2022 04:20,10.4
Kjevik,SN39040,13.12.2022 04:50,8.6
Kjevik,SN39040,13.12.2022 05:20,8.6
Kjevik,SN39040,13.12.2022 05:50,8.6
Kjevik,SN39040,13.12.2022 06:20,8.6
Kjevik,SN39040,13.12.2022 06:50,10.4
Kjevik,SN39040,13.12.2022 07:20,10.4
Kjevik,SN39040,13.12.2022 07:50,8.6
Kjevik,SN39040,13.12.2022 08:20,8.6
Kjevik,SN39040,13.12.2022 08:50,8.6
Kjevik,SN39040,13.12.2022 09:20,8.6
Kjevik,SN39040,13.12.2022 09:50,8.6
Kjevik,SN39040,13.12.2022 10:20,10.4
Kjevik,SN39040,13.12.2022 10:50,14.0
Kjevik,SN39040,13.12.2022 11:20,14.0
Kjevik,SN39040,13.12.2022 11:50,15.8
Kjevik,SN39040,13.12.2022 12:20,17.6
Kjevik,SN39040,13.12.2022 12:50,17.6
Kjevik,SN39040,13.12.2022 13:20,17.6
Kjevik,SN39040,13.12.2022 13:50,19.4
Kjevik,SN39040,13.12.2022 14:20,21.2
Kjevik,SN39040,13.12.2022 14:50,21.2
Kjevik,SN39040,13.12.2022 15:20,21.2
Kjevik,SN39040,13.12.2022 15:50,21.2
Kjevik,SN39040,13.12.2022 16:20,21.2
Kjevik,SN39040,13.12.2022 16:50,21.2
Kjevik,SN39040,13.12.2022 17:20,21.2
Kjevik,SN39040,13.12.2022 17:50,21.2
Kjevik,SN39040,13.12.2022 18:20,23.0
Kjevik,SN39040,13.12.2022 18:50,23.0
Kjevik,SN39040,13.12.2022 19:20,23.0
Kjevik,SN39040,13.12.2022 19:50,23.0
Kjevik,SN39040,13.12.2022 20:20,23.0
Kjevik,SN39040,13.12.2022 20:50,24.8
Kjevik,SN39040,13.12.2022 21:20,24.8
Kjevik,SN39040,13.12.2022 21:50,24.8
Kjevik,SN39040,13.12.2022 22:20,24.8
Kjevik,SN39040,13.12.2022 22:50,23.0
Kjevik,SN39040,13.12.2022 23:20,21.2
Kjevik,SN39040,13.12.2022 23:50,21.2
Kjevik,SN39040,14.12.2022 00:20,19.4
Kjevik,SN39040,14.12.2022 00:50,17.6
Kjevik,SN39040,14.12.2022 01:20,17.6
Kjevik,SN39040,14.12.2022 01:50,15.8
Kjevik,SN39040,14.12.2022 02:20,21.2
Kjevik,SN39040,14.12.2022 02:50,21.2
Kjevik,SN39040,14.12.2022 03:20,21.2
Kjevik,SN39040,14.12.2022 03:50,23.0
Kjevik,SN39040,14.12.2022 04:50,23.0
Kjevik,SN39040,14.12.2022 05:20,21.2
Kjevik,SN39040,14.12.2022 05:50,19.4
Kjevik,SN39040,14.12.2022 06:20,15.8
Kjevik,SN39040,14.12.2022 06:50,14.0
Kjevik,SN39040,14.12.2022 07:20,14.0
Kjevik,SN39040,14.12.2022 07:50,14.0
Kjevik,SN39040,14.12.2022 08:20,12.2
Kjevik,SN39040,14.12.2022 08:50,12.2
Kjevik,SN39040,14.12.2022 09:20,10.4
Kjevik,SN39040,14.12.2022 09:50,12.2
Kjevik,SN39040,14.12.2022 10:20,10.4
Kjevik,SN39040,14.12.2022 10:50,10.4
Kjevik,SN39040,14.12.2022 11:20,10.4
Kjevik,SN39040,14.12.2022 11:50,10.4
Kjevik,SN39040,14.12.2022 12:20,12.2
Kjevik,SN39040,14.12.2022 12:50,14.0
Kjevik,SN39040,14.12.2022 13:20,14.0
Kjevik,SN39040,14.12.2022 13:50,15.8
Kjevik,SN39040,14.12.2022 14:20,15.8
Kjevik,SN39040,14.12.2022 14:50,14.0
Kjevik,SN39040,14.12.2022 15:20,14.0
Kjevik,SN39040,14.12.2022 15:50,12.2
Kjevik,SN39040,14.12.2022 16:20,12.2
Kjevik,SN39040,14.12.2022 16:50,10.4
Kjevik,SN39040,14.12.2022 17:20,10.4
Kjevik,SN39040,14.12.2022 17:50,10.4
Kjevik,SN39040,14.12.2022 18:20,10.4
Kjevik,SN39040,14.12.2022 18:50,10.4
Kjevik,SN39040,14.12.2022 19:20,8.6
Kjevik,SN39040,14.12.2022 19:50,6.8
Kjevik,SN39040,14.12.2022 20:20,8.6
Kjevik,SN39040,14.12.2022 20:50,8.6
Kjevik,SN39040,14.12.2022 21:20,8.6
Kjevik,SN39040,14.12.2022 21:50,6.8
Kjevik,SN39040,14.12.2022 22:20,8.6
Kjevik,SN39040,14.12.2022 22:50,6.8
Kjevik,SN39040,14.12.2022 23:20,6.8
Kjevik,SN39040,14.12.2022 23:50,6.8
Kjevik,SN39040,15.12.2022 00:20,8.6
Kjevik,SN39040,15.12.2022 00:50,6.8
Kjevik,SN39040,15.12.2022 01:20,8.6
Kjevik,SN39040,15.12.2022 01:50,6.8
Kjevik,SN39040,15.12.2022 02:20,6.8
Kjevik,SN39040,15.12.2022 02:50,6.8
Kjevik,SN39040,15.12.2022 03:20,6.8
Kjevik,SN39040,15.12.2022 03:50,6.8
Kjevik,SN39040,15.12.2022 04:20,6.8
Kjevik,SN39040,15.12.2022 04:50,6.8
Kjevik,SN39040,15.12.2022 05:20,8.6
Kjevik,SN39040,15.12.2022 05:50,8.6
Kjevik,SN39040,15.12.2022 06:20,8.6
Kjevik,SN39040,15.12.2022 06:50,10.4
Kjevik,SN39040,15.12.2022 07:20,10.4
Kjevik,SN39040,15.12.2022 07:50,10.4
Kjevik,SN39040,15.12.2022 08:20,8.6
Kjevik,SN39040,15.12.2022 08:50,8.6
Kjevik,SN39040,15.12.2022 09:20,10.4
Kjevik,SN39040,15.12.2022 09:50,10.4
Kjevik,SN39040,15.12.2022 10:20,10.4
Kjevik,SN39040,15.12.2022 10:50,10.4
Kjevik,SN39040,15.12.2022 11:20,12.2
Kjevik,SN39040,15.12.2022 11:50,12.2
Kjevik,SN39040,15.12.2022 12:20,12.2
Kjevik,SN39040,15.12.2022 12:50,14.0
Kjevik,SN39040,15.12.2022 13:20,14.0
Kjevik,SN39040,15.12.2022 13:50,15.8
Kjevik,SN39040,15.12.2022 14:20,15.8
Kjevik,SN39040,15.12.2022 14:50,15.8
Kjevik,SN39040,15.12.2022 15:20,14.0
Kjevik,SN39040,15.12.2022 15:50,14.0
Kjevik,SN39040,15.12.2022 16:20,12.2
Kjevik,SN39040,15.12.2022 16:50,12.2
Kjevik,SN39040,15.12.2022 17:20,10.4
Kjevik,SN39040,15.12.2022 17:50,10.4
Kjevik,SN39040,15.12.2022 18:20,10.4
Kjevik,SN39040,15.12.2022 18:50,8.6
Kjevik,SN39040,15.12.2022 19:20,8.6
Kjevik,SN39040,15.12.2022 19:50,8.6
Kjevik,SN39040,15.12.2022 20:20,8.6
Kjevik,SN39040,15.12.2022 20:50,8.6
Kjevik,SN39040,15.12.2022 21:20,6.8
Kjevik,SN39040,15.12.2022 21:50,6.8
Kjevik,SN39040,15.12.2022 22:20,8.6
Kjevik,SN39040,15.12.2022 22:50,6.8
Kjevik,SN39040,15.12.2022 23:20,6.8
Kjevik,SN39040,15.12.2022 23:50,6.8
Kjevik,SN39040,16.12.2022 00:20,5.0
Kjevik,SN39040,16.12.2022 00:50,5.0
Kjevik,SN39040,16.12.2022 01:20,5.0
Kjevik,SN39040,16.12.2022 01:50,5.0
Kjevik,SN39040,16.12.2022 02:20,5.0
Kjevik,SN39040,16.12.2022 02:50,6.8
Kjevik,SN39040,16.12.2022 03:20,6.8
Kjevik,SN39040,16.12.2022 03:50,6.8
Kjevik,SN39040,16.12.2022 04:20,6.8
Kjevik,SN39040,16.12.2022 04:50,6.8
Kjevik,SN39040,16.12.2022 05:20,5.0
Kjevik,SN39040,16.12.2022 05:50,6.8
Kjevik,SN39040,16.12.2022 06:20,6.8
Kjevik,SN39040,16.12.2022 06:50,6.8
Kjevik,SN39040,16.12.2022 07:20,6.8
Kjevik,SN39040,16.12.2022 07:50,6.8
Kjevik,SN39040,16.12.2022 08:20,6.8
Kjevik,SN39040,16.12.2022 08:50,6.8
Kjevik,SN39040,16.12.2022 09:20,6.8
Kjevik,SN39040,16.12.2022 09:50,6.8
Kjevik,SN39040,16.12.2022 10:20,8.6
Kjevik,SN39040,16.12.2022 10:50,10.4
Kjevik,SN39040,16.12.2022 11:20,12.2
Kjevik,SN39040,16.12.2022 11:50,14.0
Kjevik,SN39040,16.12.2022 12:20,17.6
Kjevik,SN39040,16.12.2022 12:50,19.4
Kjevik,SN39040,16.12.2022 13:20,19.4
Kjevik,SN39040,16.12.2022 13:50,19.4
Kjevik,SN39040,16.12.2022 14:20,19.4
Kjevik,SN39040,16.12.2022 14:50,21.2
Kjevik,SN39040,16.12.2022 15:20,21.2
Kjevik,SN39040,16.12.2022 15:50,21.2
Kjevik,SN39040,16.12.2022 16:20,21.2
Kjevik,SN39040,16.12.2022 16:50,21.2
Kjevik,SN39040,16.12.2022 17:20,21.2
Kjevik,SN39040,16.12.2022 17:50,21.2
Kjevik,SN39040,16.12.2022 18:20,23.0
Kjevik,SN39040,16.12.2022 18:50,23.0
Kjevik,SN39040,16.12.2022 19:20,23.0
Kjevik,SN39040,16.12.2022 19:50,21.2
Kjevik,SN39040,16.12.2022 20:20,23.0
Kjevik,SN39040,16.12.2022 20:50,23.0
Kjevik,SN39040,16.12.2022 21:20,24.8
Kjevik,SN39040,16.12.2022 21:50,24.8
Kjevik,SN39040,16.12.2022 22:20,24.8
Kjevik,SN39040,16.12.2022 22:50,24.8
Kjevik,SN39040,16.12.2022 23:20,24.8
Kjevik,SN39040,16.12.2022 23:50,26.6
Kjevik,SN39040,17.12.2022 00:20,30.2
Kjevik,SN39040,17.12.2022 00:50,35.6
Kjevik,SN39040,17.12.2022 01:20,35.6
Kjevik,SN39040,17.12.2022 01:50,37.4
Kjevik,SN39040,17.12.2022 02:50,35.6
Kjevik,SN39040,17.12.2022 03:20,35.6
Kjevik,SN39040,17.12.2022 04:50,33.8
Kjevik,SN39040,17.12.2022 05:20,32.0
Kjevik,SN39040,17.12.2022 05:50,35.6
Kjevik,SN39040,17.12.2022 06:20,37.4
Kjevik,SN39040,17.12.2022 06:50,39.2
Kjevik,SN39040,17.12.2022 07:20,39.2
Kjevik,SN39040,17.12.2022 07:50,39.2
Kjevik,SN39040,17.12.2022 08:20,39.2
Kjevik,SN39040,17.12.2022 08:50,39.2
Kjevik,SN39040,17.12.2022 09:20,41.0
Kjevik,SN39040,17.12.2022 09:50,39.2
Kjevik,SN39040,17.12.2022 10:20,41.0
Kjevik,SN39040,17.12.2022 10:50,41.0
Kjevik,SN39040,17.12.2022 11:20,41.0
Kjevik,SN39040,17.12.2022 11:50,41.0
Kjevik,SN39040,17.12.2022 12:20,41.0
Kjevik,SN39040,17.12.2022 12:50,41.0
Kjevik,SN39040,17.12.2022 13:20,41.0
Kjevik,SN39040,17.12.2022 13:50,39.2
Kjevik,SN39040,17.12.2022 14:20,37.4
Kjevik,SN39040,17.12.2022 14:50,35.6
Kjevik,SN39040,17.12.2022 15:20,35.6
Kjevik,SN39040,17.12.2022 15:50,35.6
Kjevik,SN39040,17.12.2022 16:20,35.6
Kjevik,SN39040,17.12.2022 16:50,35.6
Kjevik,SN39040,17.12.2022 17:20,35.6
Kjevik,SN39040,17.12.2022 17:50,37.4
Kjevik,SN39040,17.12.2022 18:20,35.6
Kjevik,SN39040,17.12.2022 18:50,35.6
Kjevik,SN39040,17.12.2022 19:20,35.6
Kjevik,SN39040,17.12.2022 19:50,35.6
Kjevik,SN39040,17.12.2022 20:20,35.6
Kjevik,SN39040,17.12.2022 20:50,33.8
Kjevik,SN39040,17.12.2022 21:20,32.0
Kjevik,SN39040,17.12.2022 21:50,33.8
Kjevik,SN39040,17.12.2022 22:20,33.8
Kjevik,SN39040,17.12.2022 22:50,32.0
Kjevik,SN39040,17.12.2022 23:20,32.0
Kjevik,SN39040,17.12.2022 23:50,35.6
Kjevik,SN39040,18.12.2022 00:20,33.8
Kjevik,SN39040,18.12.2022 00:50,32.0
Kjevik,SN39040,18.12.2022 01:20,30.2
Kjevik,SN39040,18.12.2022 02:50,37.4
Kjevik,SN39040,18.12.2022 03:20,35.6
Kjevik,SN39040,18.12.2022 04:20,37.4
Kjevik,SN39040,18.12.2022 04:50,35.6
Kjevik,SN39040,18.12.2022 05:20,33.8
Kjevik,SN39040,18.12.2022 05:50,37.4
Kjevik,SN39040,18.12.2022 06:20,37.4
Kjevik,SN39040,18.12.2022 06:50,37.4
Kjevik,SN39040,18.12.2022 07:20,33.8
Kjevik,SN39040,18.12.2022 07:50,37.4
Kjevik,SN39040,18.12.2022 08:20,35.6
Kjevik,SN39040,18.12.2022 08:50,33.8
Kjevik,SN39040,18.12.2022 09:20,33.8
Kjevik,SN39040,18.12.2022 09:50,33.8
Kjevik,SN39040,18.12.2022 10:20,33.8
Kjevik,SN39040,18.12.2022 10:50,35.6
Kjevik,SN39040,18.12.2022 11:20,35.6
Kjevik,SN39040,18.12.2022 11:50,35.6
Kjevik,SN39040,18.12.2022 12:20,37.4
Kjevik,SN39040,18.12.2022 12:50,37.4
Kjevik,SN39040,18.12.2022 13:20,33.8
Kjevik,SN39040,18.12.2022 13:50,32.0
Kjevik,SN39040,18.12.2022 14:20,35.6
Kjevik,SN39040,18.12.2022 14:50,30.2
Kjevik,SN39040,18.12.2022 15:20,30.2
Kjevik,SN39040,18.12.2022 15:50,32.0
Kjevik,SN39040,18.12.2022 16:20,30.2
Kjevik,SN39040,18.12.2022 16:50,30.2
Kjevik,SN39040,18.12.2022 17:20,28.4
Kjevik,SN39040,18.12.2022 17:50,32.0
Kjevik,SN39040,18.12.2022 18:20,32.0
Kjevik,SN39040,18.12.2022 18:50,32.0
Kjevik,SN39040,18.12.2022 19:20,32.0
Kjevik,SN39040,18.12.2022 19:50,32.0
Kjevik,SN39040,18.12.2022 20:20,32.0
Kjevik,SN39040,18.12.2022 20:50,32.0
Kjevik,SN39040,18.12.2022 21:20,32.0
Kjevik,SN39040,18.12.2022 21:50,30.2
Kjevik,SN39040,18.12.2022 22:20,30.2
Kjevik,SN39040,18.12.2022 22:50,32.0
Kjevik,SN39040,18.12.2022 23:20,30.2
Kjevik,SN39040,18.12.2022 23:50,32.0
Kjevik,SN39040,19.12.2022 00:20,32.0
Kjevik,SN39040,19.12.2022 00:50,30.2
Kjevik,SN39040,19.12.2022 01:20,32.0
Kjevik,SN39040,19.12.2022 01:50,32.0
Kjevik,SN39040,19.12.2022 02:20,32.0
Kjevik,SN39040,19.12.2022 02:50,32.0
Kjevik,SN39040,19.12.2022 03:20,30.2
Kjevik,SN39040,19.12.2022 03:50,30.2
Kjevik,SN39040,19.12.2022 04:50,30.2
Kjevik,SN39040,19.12.2022 05:20,33.8
Kjevik,SN39040,19.12.2022 05:50,33.8
Kjevik,SN39040,19.12.2022 06:20,32.0
Kjevik,SN39040,19.12.2022 06:50,32.0
Kjevik,SN39040,19.12.2022 07:20,32.0
Kjevik,SN39040,19.12.2022 07:50,32.0
Kjevik,SN39040,19.12.2022 08:20,32.0
Kjevik,SN39040,19.12.2022 08:50,32.0
Kjevik,SN39040,19.12.2022 09:20,33.8
Kjevik,SN39040,19.12.2022 09:50,33.8
Kjevik,SN39040,19.12.2022 10:20,33.8
Kjevik,SN39040,19.12.2022 10:50,32.0
Kjevik,SN39040,19.12.2022 11:20,33.8
Kjevik,SN39040,19.12.2022 11:50,33.8
Kjevik,SN39040,19.12.2022 12:20,33.8
Kjevik,SN39040,19.12.2022 12:50,33.8
Kjevik,SN39040,19.12.2022 13:20,32.0
Kjevik,SN39040,19.12.2022 13:50,32.0
Kjevik,SN39040,19.12.2022 14:20,33.8
Kjevik,SN39040,19.12.2022 14:50,33.8
Kjevik,SN39040,19.12.2022 15:20,33.8
Kjevik,SN39040,19.12.2022 15:50,33.8
Kjevik,SN39040,19.12.2022 16:20,33.8
Kjevik,SN39040,19.12.2022 16:50,33.8
Kjevik,SN39040,19.12.2022 17:20,33.8
Kjevik,SN39040,19.12.2022 17:50,33.8
Kjevik,SN39040,19.12.2022 18:20,33.8
Kjevik,SN39040,19.12.2022 18:50,33.8
Kjevik,SN39040,19.12.2022 19:20,33.8
Kjevik,SN39040,19.12.2022 19:50,33.8
Kjevik,SN39040,19.12.2022 20:20,33.8
Kjevik,SN39040,19.12.2022 20:50,33.8
Kjevik,SN39040,19.12.2022 21:20,33.8
Kjevik,SN39040,19.12.2022 21:50,35.6
Kjevik,SN39040,19.12.2022 22:20,33.8
Kjevik,SN39040,19.12.2022 22:50,35.6
Kjevik,SN39040,19.12.2022 23:20,35.6
Kjevik,SN39040,19.12.2022 23:50,35.6
Kjevik,SN39040,20.12.2022 00:20,35.6
Kjevik,SN39040,20.12.2022 01:20,35.6
Kjevik,SN39040,20.12.2022 01:50,33.8
Kjevik,SN39040,20.12.2022 02:20,35.6
Kjevik,SN39040,20.12.2022 03:50,33.8
Kjevik,SN39040,20.12.2022 04:20,35.6
Kjevik,SN39040,20.12.2022 04:50,33.8
Kjevik,SN39040,20.12.2022 05:20,33.8
Kjevik,SN39040,20.12.2022 05:50,33.8
Kjevik,SN39040,20.12.2022 06:20,33.8
Kjevik,SN39040,20.12.2022 06:50,33.8
Kjevik,SN39040,20.12.2022 07:20,33.8
Kjevik,SN39040,20.12.2022 07:50,33.8
Kjevik,SN39040,20.12.2022 08:20,33.8
Kjevik,SN39040,20.12.2022 08:50,33.8
Kjevik,SN39040,20.12.2022 09:20,33.8
Kjevik,SN39040,20.12.2022 09:50,33.8
Kjevik,SN39040,20.12.2022 10:20,33.8
Kjevik,SN39040,20.12.2022 10:50,35.6
Kjevik,SN39040,20.12.2022 11:20,33.8
Kjevik,SN39040,20.12.2022 11:50,35.6
Kjevik,SN39040,20.12.2022 12:20,35.6
Kjevik,SN39040,20.12.2022 12:50,35.6
Kjevik,SN39040,20.12.2022 13:20,35.6
Kjevik,SN39040,20.12.2022 13:50,35.6
Kjevik,SN39040,20.12.2022 14:20,35.6
Kjevik,SN39040,20.12.2022 14:50,35.6
Kjevik,SN39040,20.12.2022 15:20,35.6
Kjevik,SN39040,20.12.2022 15:50,35.6
Kjevik,SN39040,20.12.2022 16:20,35.6
Kjevik,SN39040,20.12.2022 16:50,35.6
Kjevik,SN39040,20.12.2022 17:20,37.4
Kjevik,SN39040,20.12.2022 17:50,35.6
Kjevik,SN39040,20.12.2022 18:20,37.4
Kjevik,SN39040,20.12.2022 18:50,35.6
Kjevik,SN39040,20.12.2022 19:20,35.6
Kjevik,SN39040,20.12.2022 19:50,35.6
Kjevik,SN39040,20.12.2022 20:20,33.8
Kjevik,SN39040,20.12.2022 20:50,32.0
Kjevik,SN39040,20.12.2022 21:20,32.0
Kjevik,SN39040,20.12.2022 21:50,32.0
Kjevik,SN39040,20.12.2022 22:20,32.0
Kjevik,SN39040,20.12.2022 22:50,32.0
Kjevik,SN39040,20.12.2022 23:20,32.0
Kjevik,SN39040,20.12.2022 23:50,32.0
Kjevik,SN39040,21.12.2022 00:20,32.0
Kjevik,SN39040,21.12.2022 00:50,33.8
Kjevik,SN39040,21.12.2022 01:20,33.8
Kjevik,SN39040,21.12.2022 01:50,33.8
Kjevik,SN39040,21.12.2022 02:20,33.8
Kjevik,SN39040,21.12.2022 02:50,32.0
Kjevik,SN39040,21.12.2022 03:20,32.0
Kjevik,SN39040,21.12.2022 03:50,32.0
Kjevik,SN39040,21.12.2022 04:20,30.2
Kjevik,SN39040,21.12.2022 04:50,30.2
Kjevik,SN39040,21.12.2022 05:20,30.2
Kjevik,SN39040,21.12.2022 05:50,30.2
Kjevik,SN39040,21.12.2022 06:20,30.2
Kjevik,SN39040,21.12.2022 06:50,30.2
Kjevik,SN39040,21.12.2022 07:20,30.2
Kjevik,SN39040,21.12.2022 07:50,30.2
Kjevik,SN39040,21.12.2022 08:20,30.2
Kjevik,SN39040,21.12.2022 08:50,30.2
Kjevik,SN39040,21.12.2022 09:20,30.2
Kjevik,SN39040,21.12.2022 09:50,30.2
Kjevik,SN39040,21.12.2022 10:20,30.2
Kjevik,SN39040,21.12.2022 10:50,32.0
Kjevik,SN39040,21.12.2022 11:20,32.0
Kjevik,SN39040,21.12.2022 11:50,32.0
Kjevik,SN39040,21.12.2022 12:20,32.0
Kjevik,SN39040,21.12.2022 12:50,33.8
Kjevik,SN39040,21.12.2022 13:20,39.2
Kjevik,SN39040,21.12.2022 13:50,42.8
Kjevik,SN39040,21.12.2022 14:20,41.0
Kjevik,SN39040,21.12.2022 14:50,41.0
Kjevik,SN39040,21.12.2022 15:20,39.2
Kjevik,SN39040,21.12.2022 15:50,39.2
Kjevik,SN39040,21.12.2022 16:20,39.2
Kjevik,SN39040,21.12.2022 16:50,37.4
Kjevik,SN39040,21.12.2022 17:20,35.6
Kjevik,SN39040,21.12.2022 17:50,35.6
Kjevik,SN39040,21.12.2022 18:20,35.6
Kjevik,SN39040,21.12.2022 18:50,35.6
Kjevik,SN39040,21.12.2022 19:20,39.2
Kjevik,SN39040,21.12.2022 19:50,39.2
Kjevik,SN39040,21.12.2022 20:20,39.2
Kjevik,SN39040,21.12.2022 20:50,35.6
Kjevik,SN39040,21.12.2022 21:20,35.6
Kjevik,SN39040,21.12.2022 21:50,35.6
Kjevik,SN39040,21.12.2022 22:20,33.8
Kjevik,SN39040,21.12.2022 22:50,33.8
Kjevik,SN39040,21.12.2022 23:20,33.8
Kjevik,SN39040,21.12.2022 23:50,33.8
Kjevik,SN39040,22.12.2022 00:20,33.8
Kjevik,SN39040,22.12.2022 00:50,35.6
Kjevik,SN39040,22.12.2022 01:20,35.6
Kjevik,SN39040,22.12.2022 01:50,39.2
Kjevik,SN39040,22.12.2022 02:20,41.0
Kjevik,SN39040,22.12.2022 02:50,41.0
Kjevik,SN39040,22.12.2022 04:50,39.2
Kjevik,SN39040,22.12.2022 05:20,39.2
Kjevik,SN39040,22.12.2022 05:50,39.2
Kjevik,SN39040,22.12.2022 06:20,41.0
Kjevik,SN39040,22.12.2022 06:50,41.0
Kjevik,SN39040,22.12.2022 07:20,41.0
Kjevik,SN39040,22.12.2022 07:50,39.2
Kjevik,SN39040,22.12.2022 08:20,41.0
Kjevik,SN39040,22.12.2022 08:50,41.0
Kjevik,SN39040,22.12.2022 09:20,41.0
Kjevik,SN39040,22.12.2022 09:50,41.0
Kjevik,SN39040,22.12.2022 10:20,42.8
Kjevik,SN39040,22.12.2022 10:50,41.0
Kjevik,SN39040,22.12.2022 11:20,41.0
Kjevik,SN39040,22.12.2022 11:50,39.2
Kjevik,SN39040,22.12.2022 12:20,41.0
Kjevik,SN39040,22.12.2022 12:50,39.2
Kjevik,SN39040,22.12.2022 13:20,41.0
Kjevik,SN39040,22.12.2022 13:50,42.8
Kjevik,SN39040,22.12.2022 14:20,42.8
Kjevik,SN39040,22.12.2022 14:50,41.0
Kjevik,SN39040,22.12.2022 15:20,41.0
Kjevik,SN39040,22.12.2022 15:50,39.2
Kjevik,SN39040,22.12.2022 16:20,39.2
Kjevik,SN39040,22.12.2022 16:50,39.2
Kjevik,SN39040,22.12.2022 17:20,39.2
Kjevik,SN39040,22.12.2022 17:50,37.4
Kjevik,SN39040,22.12.2022 18:20,33.8
Kjevik,SN39040,22.12.2022 18:50,32.0
Kjevik,SN39040,22.12.2022 19:20,35.6
Kjevik,SN39040,22.12.2022 19:50,32.0
Kjevik,SN39040,22.12.2022 20:20,32.0
Kjevik,SN39040,22.12.2022 20:50,32.0
Kjevik,SN39040,22.12.2022 21:20,32.0
Kjevik,SN39040,22.12.2022 21:50,32.0
Kjevik,SN39040,22.12.2022 22:20,30.2
Kjevik,SN39040,22.12.2022 22:50,32.0
Kjevik,SN39040,22.12.2022 23:20,28.4
Kjevik,SN39040,22.12.2022 23:50,26.6
Kjevik,SN39040,23.12.2022 00:20,26.6
Kjevik,SN39040,23.12.2022 00:50,26.6
Kjevik,SN39040,23.12.2022 01:20,24.8
Kjevik,SN39040,23.12.2022 01:50,24.8
Kjevik,SN39040,23.12.2022 02:20,26.6
Kjevik,SN39040,23.12.2022 02:50,26.6
Kjevik,SN39040,23.12.2022 03:20,26.6
Kjevik,SN39040,23.12.2022 03:50,32.0
Kjevik,SN39040,23.12.2022 04:20,28.4
Kjevik,SN39040,23.12.2022 04:50,32.0
Kjevik,SN39040,23.12.2022 05:20,26.6
Kjevik,SN39040,23.12.2022 05:50,26.6
Kjevik,SN39040,23.12.2022 06:20,26.6
Kjevik,SN39040,23.12.2022 06:50,26.6
Kjevik,SN39040,23.12.2022 07:20,24.8
Kjevik,SN39040,23.12.2022 07:50,26.6
Kjevik,SN39040,23.12.2022 08:20,24.8
Kjevik,SN39040,23.12.2022 08:50,24.8
Kjevik,SN39040,23.12.2022 09:20,24.8
Kjevik,SN39040,23.12.2022 09:50,24.8
Kjevik,SN39040,23.12.2022 10:20,24.8
Kjevik,SN39040,23.12.2022 10:50,24.8
Kjevik,SN39040,23.12.2022 11:20,26.6
Kjevik,SN39040,23.12.2022 11:50,26.6
Kjevik,SN39040,23.12.2022 12:20,28.4
Kjevik,SN39040,23.12.2022 12:50,28.4
Kjevik,SN39040,23.12.2022 13:20,28.4
Kjevik,SN39040,23.12.2022 13:50,28.4
Kjevik,SN39040,23.12.2022 14:20,28.4
Kjevik,SN39040,23.12.2022 14:50,28.4
Kjevik,SN39040,23.12.2022 15:20,28.4
Kjevik,SN39040,23.12.2022 15:50,24.8
Kjevik,SN39040,23.12.2022 16:20,23.0
Kjevik,SN39040,23.12.2022 16:50,23.0
Kjevik,SN39040,23.12.2022 17:20,23.0
Kjevik,SN39040,23.12.2022 17:50,23.0
Kjevik,SN39040,23.12.2022 18:20,21.2
Kjevik,SN39040,23.12.2022 18:50,23.0
Kjevik,SN39040,23.12.2022 19:20,21.2
Kjevik,SN39040,23.12.2022 19:50,21.2
Kjevik,SN39040,23.12.2022 20:20,21.2
Kjevik,SN39040,23.12.2022 20:50,19.4
Kjevik,SN39040,23.12.2022 21:20,19.4
Kjevik,SN39040,23.12.2022 21:50,19.4
Kjevik,SN39040,23.12.2022 22:20,21.2
Kjevik,SN39040,23.12.2022 22:50,19.4
Kjevik,SN39040,23.12.2022 23:20,19.4
Kjevik,SN39040,23.12.2022 23:50,19.4
Kjevik,SN39040,24.12.2022 00:20,19.4
Kjevik,SN39040,24.12.2022 00:50,19.4
Kjevik,SN39040,24.12.2022 01:20,19.4
Kjevik,SN39040,24.12.2022 01:50,19.4
Kjevik,SN39040,24.12.2022 02:20,17.6
Kjevik,SN39040,24.12.2022 02:50,17.6
Kjevik,SN39040,24.12.2022 03:20,19.4
Kjevik,SN39040,24.12.2022 03:50,17.6
Kjevik,SN39040,24.12.2022 04:20,19.4
Kjevik,SN39040,24.12.2022 04:50,19.4
Kjevik,SN39040,24.12.2022 05:20,19.4
Kjevik,SN39040,24.12.2022 05:50,19.4
Kjevik,SN39040,24.12.2022 06:20,17.6
Kjevik,SN39040,24.12.2022 06:50,17.6
Kjevik,SN39040,24.12.2022 07:20,17.6
Kjevik,SN39040,24.12.2022 07:50,19.4
Kjevik,SN39040,24.12.2022 08:20,19.4
Kjevik,SN39040,24.12.2022 08:50,21.2
Kjevik,SN39040,24.12.2022 09:20,21.2
Kjevik,SN39040,24.12.2022 09:50,19.4
Kjevik,SN39040,24.12.2022 10:20,21.2
Kjevik,SN39040,24.12.2022 10:50,21.2
Kjevik,SN39040,24.12.2022 11:20,23.0
Kjevik,SN39040,24.12.2022 11:50,23.0
Kjevik,SN39040,24.12.2022 12:20,24.8
Kjevik,SN39040,24.12.2022 12:50,24.8
Kjevik,SN39040,24.12.2022 13:20,26.6
Kjevik,SN39040,24.12.2022 13:50,26.6
Kjevik,SN39040,24.12.2022 14:20,26.6
Kjevik,SN39040,24.12.2022 14:50,26.6
Kjevik,SN39040,24.12.2022 15:20,26.6
Kjevik,SN39040,24.12.2022 15:50,24.8
Kjevik,SN39040,24.12.2022 16:20,24.8
Kjevik,SN39040,24.12.2022 16:50,24.8
Kjevik,SN39040,24.12.2022 17:20,24.8
Kjevik,SN39040,24.12.2022 17:50,24.8
Kjevik,SN39040,24.12.2022 18:20,24.8
Kjevik,SN39040,24.12.2022 18:50,24.8
Kjevik,SN39040,24.12.2022 19:20,24.8
Kjevik,SN39040,24.12.2022 19:50,24.8
Kjevik,SN39040,24.12.2022 20:20,26.6
Kjevik,SN39040,24.12.2022 20:50,26.6
Kjevik,SN39040,24.12.2022 21:20,26.6
Kjevik,SN39040,24.12.2022 21:50,26.6
Kjevik,SN39040,24.12.2022 22:20,26.6
Kjevik,SN39040,24.12.2022 22:50,26.6
Kjevik,SN39040,24.12.2022 23:20,26.6
Kjevik,SN39040,24.12.2022 23:50,28.4
Kjevik,SN39040,25.12.2022 00:50,28.4
Kjevik,SN39040,25.12.2022 01:20,28.4
Kjevik,SN39040,25.12.2022 02:50,28.4
Kjevik,SN39040,25.12.2022 03:20,30.2
Kjevik,SN39040,25.12.2022 03:50,30.2
Kjevik,SN39040,25.12.2022 04:20,30.2
Kjevik,SN39040,25.12.2022 04:50,30.2
Kjevik,SN39040,25.12.2022 05:20,30.2
Kjevik,SN39040,25.12.2022 05:50,30.2
Kjevik,SN39040,25.12.2022 06:20,30.2
Kjevik,SN39040,25.12.2022 06:50,30.2
Kjevik,SN39040,25.12.2022 07:20,30.2
Kjevik,SN39040,25.12.2022 07:50,30.2
Kjevik,SN39040,25.12.2022 08:20,32.0
Kjevik,SN39040,25.12.2022 08:50,32.0
Kjevik,SN39040,25.12.2022 09:20,32.0
Kjevik,SN39040,25.12.2022 10:50,33.8
Kjevik,SN39040,25.12.2022 11:20,33.8
Kjevik,SN39040,25.12.2022 11:50,33.8
Kjevik,SN39040,25.12.2022 12:20,33.8
Kjevik,SN39040,25.12.2022 12:50,33.8
Kjevik,SN39040,25.12.2022 13:20,33.8
Kjevik,SN39040,25.12.2022 13:50,33.8
Kjevik,SN39040,25.12.2022 14:20,33.8
Kjevik,SN39040,25.12.2022 14:50,33.8
Kjevik,SN39040,25.12.2022 15:20,33.8
Kjevik,SN39040,25.12.2022 15:50,33.8
Kjevik,SN39040,25.12.2022 16:20,33.8
Kjevik,SN39040,25.12.2022 16:50,33.8
Kjevik,SN39040,25.12.2022 17:20,33.8
Kjevik,SN39040,25.12.2022 17:50,33.8
Kjevik,SN39040,25.12.2022 18:20,33.8
Kjevik,SN39040,25.12.2022 18:50,33.8
Kjevik,SN39040,25.12.2022 19:20,33.8
Kjevik,SN39040,25.12.2022 19:50,33.8
Kjevik,SN39040,25.12.2022 20:20,33.8
Kjevik,SN39040,25.12.2022 20:50,33.8
Kjevik,SN39040,25.12.2022 21:20,33.8
Kjevik,SN39040,25.12.2022 21:50,33.8
Kjevik,SN39040,25.12.2022 22:20,35.6
Kjevik,SN39040,25.12.2022 22:50,44.6
Kjevik,SN39040,25.12.2022 23:20,44.6
Kjevik,SN39040,25.12.2022 23:50,44.6
Kjevik,SN39040,26.12.2022 00:20,44.6
Kjevik,SN39040,26.12.2022 00:50,44.6
Kjevik,SN39040,26.12.2022 01:20,44.6
Kjevik,SN39040,26.12.2022 01:50,44.6
Kjevik,SN39040,26.12.2022 02:20,44.6
Kjevik,SN39040,26.12.2022 02:50,44.6
Kjevik,SN39040,26.12.2022 03:20,44.6
Kjevik,SN39040,26.12.2022 03:50,44.6
Kjevik,SN39040,26.12.2022 04:20,42.8
Kjevik,SN39040,26.12.2022 04:50,44.6
Kjevik,SN39040,26.12.2022 05:20,44.6
Kjevik,SN39040,26.12.2022 06:20,42.8
Kjevik,SN39040,26.12.2022 06:50,42.8
Kjevik,SN39040,26.12.2022 07:50,44.6
Kjevik,SN39040,26.12.2022 08:20,44.6
Kjevik,SN39040,26.12.2022 08:50,44.6
Kjevik,SN39040,26.12.2022 09:20,44.6
Kjevik,SN39040,26.12.2022 09:50,44.6
Kjevik,SN39040,26.12.2022 11:20,44.6
Kjevik,SN39040,26.12.2022 12:20,44.6
Kjevik,SN39040,26.12.2022 12:50,44.6
Kjevik,SN39040,26.12.2022 13:20,44.6
Kjevik,SN39040,26.12.2022 13:50,44.6
Kjevik,SN39040,26.12.2022 14:20,44.6
Kjevik,SN39040,26.12.2022 14:50,37.4
Kjevik,SN39040,26.12.2022 15:20,37.4
Kjevik,SN39040,26.12.2022 15:50,37.4
Kjevik,SN39040,26.12.2022 16:20,37.4
Kjevik,SN39040,26.12.2022 16:50,37.4
Kjevik,SN39040,26.12.2022 17:20,37.4
Kjevik,SN39040,26.12.2022 17:50,35.6
Kjevik,SN39040,26.12.2022 18:20,35.6
Kjevik,SN39040,26.12.2022 18:50,35.6
Kjevik,SN39040,26.12.2022 19:20,35.6
Kjevik,SN39040,26.12.2022 19:50,35.6
Kjevik,SN39040,26.12.2022 20:20,37.4
Kjevik,SN39040,26.12.2022 20:50,37.4
Kjevik,SN39040,26.12.2022 21:20,37.4
Kjevik,SN39040,26.12.2022 21:50,35.6
Kjevik,SN39040,26.12.2022 22:20,37.4
Kjevik,SN39040,26.12.2022 22:50,35.6
Kjevik,SN39040,26.12.2022 23:20,35.6
Kjevik,SN39040,26.12.2022 23:50,35.6
Kjevik,SN39040,27.12.2022 00:20,35.6
Kjevik,SN39040,27.12.2022 00:50,35.6
Kjevik,SN39040,27.12.2022 01:20,33.8
Kjevik,SN39040,27.12.2022 01:50,37.4
Kjevik,SN39040,27.12.2022 02:20,37.4
Kjevik,SN39040,27.12.2022 02:50,37.4
Kjevik,SN39040,27.12.2022 03:20,37.4
Kjevik,SN39040,27.12.2022 03:50,37.4
Kjevik,SN39040,27.12.2022 04:20,39.2
Kjevik,SN39040,27.12.2022 04:50,39.2
Kjevik,SN39040,27.12.2022 05:20,37.4
Kjevik,SN39040,27.12.2022 05:50,39.2
Kjevik,SN39040,27.12.2022 06:20,37.4
Kjevik,SN39040,27.12.2022 06:50,37.4
Kjevik,SN39040,27.12.2022 07:20,35.6
Kjevik,SN39040,27.12.2022 07:50,35.6
Kjevik,SN39040,27.12.2022 08:20,35.6
Kjevik,SN39040,27.12.2022 08:50,35.6
Kjevik,SN39040,27.12.2022 09:20,35.6
Kjevik,SN39040,27.12.2022 09:50,35.6
Kjevik,SN39040,27.12.2022 10:20,37.4
Kjevik,SN39040,27.12.2022 10:50,37.4
Kjevik,SN39040,27.12.2022 11:20,39.2
Kjevik,SN39040,27.12.2022 11:50,39.2
Kjevik,SN39040,27.12.2022 12:20,39.2
Kjevik,SN39040,27.12.2022 12:50,37.4
Kjevik,SN39040,27.12.2022 13:20,35.6
Kjevik,SN39040,27.12.2022 13:50,35.6
Kjevik,SN39040,27.12.2022 14:20,37.4
Kjevik,SN39040,27.12.2022 14:50,33.8
Kjevik,SN39040,27.12.2022 15:20,33.8
Kjevik,SN39040,27.12.2022 15:50,33.8
Kjevik,SN39040,27.12.2022 16:20,32.0
Kjevik,SN39040,27.12.2022 16:50,32.0
Kjevik,SN39040,27.12.2022 17:20,32.0
Kjevik,SN39040,27.12.2022 17:50,32.0
Kjevik,SN39040,27.12.2022 18:20,28.4
Kjevik,SN39040,27.12.2022 18:50,28.4
Kjevik,SN39040,27.12.2022 19:20,28.4
Kjevik,SN39040,27.12.2022 19:50,28.4
Kjevik,SN39040,27.12.2022 20:20,28.4
Kjevik,SN39040,27.12.2022 20:50,28.4
Kjevik,SN39040,27.12.2022 21:20,28.4
Kjevik,SN39040,27.12.2022 21:50,30.2
Kjevik,SN39040,27.12.2022 22:20,30.2
Kjevik,SN39040,27.12.2022 22:50,30.2
Kjevik,SN39040,27.12.2022 23:20,30.2
Kjevik,SN39040,28.12.2022 00:50,32.0
Kjevik,SN39040,28.12.2022 01:20,32.0
Kjevik,SN39040,28.12.2022 01:50,32.0
Kjevik,SN39040,28.12.2022 02:50,32.0
Kjevik,SN39040,28.12.2022 03:20,32.0
Kjevik,SN39040,28.12.2022 03:50,32.0
Kjevik,SN39040,28.12.2022 04:20,32.0
Kjevik,SN39040,28.12.2022 04:50,32.0
Kjevik,SN39040,28.12.2022 05:20,32.0
Kjevik,SN39040,28.12.2022 05:50,32.0
Kjevik,SN39040,28.12.2022 06:20,32.0
Kjevik,SN39040,28.12.2022 06:50,33.8
Kjevik,SN39040,28.12.2022 07:20,32.0
Kjevik,SN39040,28.12.2022 07:50,32.0
Kjevik,SN39040,28.12.2022 08:20,32.0
Kjevik,SN39040,28.12.2022 08:50,32.0
Kjevik,SN39040,28.12.2022 09:20,32.0
Kjevik,SN39040,28.12.2022 09:50,32.0
Kjevik,SN39040,28.12.2022 10:20,32.0
Kjevik,SN39040,28.12.2022 10:50,32.0
Kjevik,SN39040,28.12.2022 11:20,32.0
Kjevik,SN39040,28.12.2022 11:50,32.0
Kjevik,SN39040,28.12.2022 12:20,32.0
Kjevik,SN39040,28.12.2022 12:50,32.0
Kjevik,SN39040,28.12.2022 13:20,32.0
Kjevik,SN39040,28.12.2022 13:50,32.0
Kjevik,SN39040,28.12.2022 14:20,32.0
Kjevik,SN39040,28.12.2022 14:50,32.0
Kjevik,SN39040,28.12.2022 15:20,32.0
Kjevik,SN39040,28.12.2022 15:50,32.0
Kjevik,SN39040,28.12.2022 16:20,32.0
Kjevik,SN39040,28.12.2022 16:50,32.0
Kjevik,SN39040,28.12.2022 17:20,32.0
Kjevik,SN39040,28.12.2022 17:50,32.0
Kjevik,SN39040,28.12.2022 18:20,32.0
Kjevik,SN39040,28.12.2022 18:50,32.0
Kjevik,SN39040,28.12.2022 19:20,32.0
Kjevik,SN39040,28.12.2022 19:50,30.2
Kjevik,SN39040,28.12.2022 20:20,30.2
Kjevik,SN39040,28.12.2022 20:50,30.2
Kjevik,SN39040,28.12.2022 21:20,30.2
Kjevik,SN39040,28.12.2022 21:50,30.2
Kjevik,SN39040,28.12.2022 22:20,30.2
Kjevik,SN39040,28.12.2022 22:50,30.2
Kjevik,SN39040,28.12.2022 23:20,30.2
Kjevik,SN39040,28.12.2022 23:50,30.2
Kjevik,SN39040,29.12.2022 00:20,30.2
Kjevik,SN39040,29.12.2022 00:50,30.2
Kjevik,SN39040,29.12.2022 01:20,30.2
Kjevik,SN39040,29.12.2022 01:50,32.0
Kjevik,SN39040,29.12.2022 02:20,32.0
Kjevik,SN39040,29.12.2022 02:50,32.0
Kjevik,SN39040,29.12.2022 04:50,33.8
Kjevik,SN39040,29.12.2022 05:20,33.8
Kjevik,SN39040,29.12.2022 05:50,33.8
Kjevik,SN39040,29.12.2022 06:20,33.8
Kjevik,SN39040,29.12.2022 06:50,33.8
Kjevik,SN39040,29.12.2022 07:20,33.8
Kjevik,SN39040,29.12.2022 07:50,33.8
Kjevik,SN39040,29.12.2022 08:20,33.8
Kjevik,SN39040,29.12.2022 08:50,33.8
Kjevik,SN39040,29.12.2022 09:20,33.8
Kjevik,SN39040,29.12.2022 09:50,35.6
Kjevik,SN39040,29.12.2022 10:20,42.8
Kjevik,SN39040,29.12.2022 10:50,42.8
Kjevik,SN39040,29.12.2022 11:20,42.8
Kjevik,SN39040,29.12.2022 11:50,42.8
Kjevik,SN39040,29.12.2022 12:20,42.8
Kjevik,SN39040,29.12.2022 12:50,42.8
Kjevik,SN39040,29.12.2022 13:20,42.8
Kjevik,SN39040,29.12.2022 13:50,42.8
Kjevik,SN39040,29.12.2022 14:20,42.8
Kjevik,SN39040,29.12.2022 14:50,42.8
Kjevik,SN39040,29.12.2022 15:20,42.8
Kjevik,SN39040,29.12.2022 15:50,42.8
Kjevik,SN39040,29.12.2022 16:20,42.8
Kjevik,SN39040,29.12.2022 16:50,42.8
Kjevik,SN39040,29.12.2022 17:20,42.8
Kjevik,SN39040,29.12.2022 17:50,42.8
Kjevik,SN39040,29.12.2022 18:20,42.8
Kjevik,SN39040,29.12.2022 18:50,42.8
Kjevik,SN39040,29.12.2022 19:20,42.8
Kjevik,SN39040,29.12.2022 19:50,42.8
Kjevik,SN39040,29.12.2022 20:20,41.0
Kjevik,SN39040,29.12.2022 20:50,41.0
Kjevik,SN39040,29.12.2022 21:20,41.0
Kjevik,SN39040,29.12.2022 21:50,41.0
Kjevik,SN39040,29.12.2022 22:20,39.2
Kjevik,SN39040,29.12.2022 22:50,39.2
Kjevik,SN39040,29.12.2022 23:20,37.4
Kjevik,SN39040,29.12.2022 23:50,35.6
Kjevik,SN39040,30.12.2022 00:20,35.6
Kjevik,SN39040,30.12.2022 00:50,33.8
Kjevik,SN39040,30.12.2022 01:20,33.8
Kjevik,SN39040,30.12.2022 01:50,33.8
Kjevik,SN39040,30.12.2022 02:20,33.8
Kjevik,SN39040,30.12.2022 02:50,32.0
Kjevik,SN39040,30.12.2022 03:50,32.0
Kjevik,SN39040,30.12.2022 04:20,30.2
Kjevik,SN39040,30.12.2022 05:20,32.0
Kjevik,SN39040,30.12.2022 05:50,32.0
Kjevik,SN39040,30.12.2022 06:20,33.8
Kjevik,SN39040,30.12.2022 06:50,33.8
Kjevik,SN39040,30.12.2022 07:20,35.6
Kjevik,SN39040,30.12.2022 07:50,35.6
Kjevik,SN39040,30.12.2022 08:20,35.6
Kjevik,SN39040,30.12.2022 08:50,35.6
Kjevik,SN39040,30.12.2022 09:20,32.0
Kjevik,SN39040,30.12.2022 09:50,32.0
Kjevik,SN39040,30.12.2022 10:20,30.2
Kjevik,SN39040,30.12.2022 10:50,32.0
Kjevik,SN39040,30.12.2022 11:50,32.0
Kjevik,SN39040,30.12.2022 12:20,32.0
Kjevik,SN39040,30.12.2022 12:50,33.8
Kjevik,SN39040,30.12.2022 14:20,44.6
Kjevik,SN39040,30.12.2022 14:50,44.6
Kjevik,SN39040,30.12.2022 15:20,44.6
Kjevik,SN39040,30.12.2022 16:20,44.6
Kjevik,SN39040,30.12.2022 16:50,44.6
Kjevik,SN39040,30.12.2022 17:20,44.6
Kjevik,SN39040,30.12.2022 17:50,42.8
Kjevik,SN39040,30.12.2022 18:20,42.8
Kjevik,SN39040,30.12.2022 18:50,42.8
Kjevik,SN39040,30.12.2022 19:20,42.8
Kjevik,SN39040,30.12.2022 19:50,42.8
Kjevik,SN39040,30.12.2022 20:20,42.8
Kjevik,SN39040,30.12.2022 20:50,42.8
Kjevik,SN39040,30.12.2022 21:20,42.8
Kjevik,SN39040,30.12.2022 21:50,42.8
Kjevik,SN39040,30.12.2022 22:20,44.6
Kjevik,SN39040,30.12.2022 22:50,44.6
Kjevik,SN39040,30.12.2022 23:20,44.6
Kjevik,SN39040,30.12.2022 23:50,46.4
Kjevik,SN39040,31.12.2022 00:20,46.4
Kjevik,SN39040,31.12.2022 01:50,46.4
Kjevik,SN39040,31.12.2022 03:20,46.4
Kjevik,SN39040,31.12.2022 03:50,46.4
Kjevik,SN39040,31.12.2022 04:20,46.4
Kjevik,SN39040,31.12.2022 04:50,46.4
Kjevik,SN39040,31.12.2022 05:20,44.6
Kjevik,SN39040,31.12.2022 05:50,46.4
Kjevik,SN39040,31.12.2022 06:20,44.6
Kjevik,SN39040,31.12.2022 06:50,44.6
Kjevik,SN39040,31.12.2022 07:20,46.4
Kjevik,SN39040,31.12.2022 07:50,46.4
Kjevik,SN39040,31.12.2022 08:20,44.6
Kjevik,SN39040,31.12.2022 08:50,44.6
Kjevik,SN39040,31.12.2022 09:20,44.6
Kjevik,SN39040,31.12.2022 09:50,42.8
Kjevik,SN39040,31.12.2022 10:20,42.8
Kjevik,SN39040,31.12.2022 10:50,42.8
Kjevik,SN39040,31.12.2022 11:20,42.8
Kjevik,SN39040,31.12.2022 11:50,42.8
Kjevik,SN39040,31.12.2022 12:20,42.8
Kjevik,SN39040,31.12.2022 12:50,42.8
Kjevik,SN39040,31.12.2022 13:20,41.0
Kjevik,SN39040,31.12.2022 13:50,41.0
Kjevik,SN39040,31.12.2022 14:20,42.8
Kjevik,SN39040,31.12.2022 14:50,41.0
Kjevik,SN39040,31.12.2022 15:20,41.0
Kjevik,SN39040,31.12.2022 15:50,39.2
Kjevik,SN39040,31.12.2022 16:20,39.2
Kjevik,SN39040,31.12.2022 16:50,35.6
Kjevik,SN39040,31.12.2022 17:20,33.8
Kjevik,SN39040,31.12.2022 17:50,32.0
Kjevik,SN39040,31.12.2022 18:20,30.2
Kjevik,SN39040,31.12.2022 18:50,30.2
Kjevik,SN39040,31.12.2022 19:20,28.4
Kjevik,SN39040,31.12.2022 19:50,28.4
Kjevik,SN39040,31.12.2022 20:20,28.4
Kjevik,SN39040,31.12.2022 20:50,28.4
Kjevik,SN39040,31.12.2022 21:20,28.4
Kjevik,SN39040,31.12.2022 21:50,28.4
Kjevik,SN39040,31.12.2022 22:20,30.2
Kjevik,SN39040,31.12.2022 22:50,28.4
Kjevik,SN39040,31.12.2022 23:20,30.2
Kjevik,SN39040,31.12.2022 23:50,30.2
Kjevik,SN39040,01.01.2023 00:20,30.2
Kjevik,SN39040,01.01.2023 00:50,30.2
Kjevik,SN39040,01.01.2023 01:20,30.2
Kjevik,SN39040,01.01.2023 01:50,28.4
Kjevik,SN39040,01.01.2023 02:20,30.2
Kjevik,SN39040,01.01.2023 02:50,30.2
Kjevik,SN39040,01.01.2023 03:20,28.4
Kjevik,SN39040,01.01.2023 03:50,28.4
Kjevik,SN39040,01.01.2023 04:20,28.4
Kjevik,SN39040,01.01.2023 04:50,28.4
Kjevik,SN39040,01.01.2023 05:20,28.4
Kjevik,SN39040,01.01.2023 05:50,28.4
Kjevik,SN39040,01.01.2023 06:20,30.2
Kjevik,SN39040,01.01.2023 06:50,28.4
Kjevik,SN39040,01.01.2023 07:20,30.2
Kjevik,SN39040,01.01.2023 07:50,32.0
Kjevik,SN39040,01.01.2023 08:20,32.0
Kjevik,SN39040,01.01.2023 08:50,32.0
Kjevik,SN39040,01.01.2023 09:20,32.0
Kjevik,SN39040,01.01.2023 09:50,32.0
Kjevik,SN39040,01.01.2023 10:20,32.0
Kjevik,SN39040,01.01.2023 10:50,33.8
Kjevik,SN39040,01.01.2023 11:20,33.8
Kjevik,SN39040,01.01.2023 11:50,33.8
Kjevik,SN39040,01.01.2023 12:20,33.8
Kjevik,SN39040,01.01.2023 12:50,30.2
Kjevik,SN39040,01.01.2023 13:20,30.2
Kjevik,SN39040,01.01.2023 13:50,30.2
Kjevik,SN39040,01.01.2023 14:20,30.2
Kjevik,SN39040,01.01.2023 14:50,30.2
Kjevik,SN39040,01.01.2023 15:20,30.2
Kjevik,SN39040,01.01.2023 15:50,30.2
Kjevik,SN39040,01.01.2023 16:20,30.2
Kjevik,SN39040,01.01.2023 16:50,30.2
Kjevik,SN39040,01.01.2023 17:20,30.2
Kjevik,SN39040,01.01.2023 17:50,30.2
Kjevik,SN39040,01.01.2023 18:20,30.2
Kjevik,SN39040,01.01.2023 18:50,30.2
Kjevik,SN39040,01.01.2023 19:20,30.2
Kjevik,SN39040,01.01.2023 19:50,30.2
Kjevik,SN39040,01.01.2023 20:20,30.2
Kjevik,SN39040,01.01.2023 20:50,30.2
Kjevik,SN39040,01.01.2023 21:20,32.0
Kjevik,SN39040,01.01.2023 21:50,30.2
Kjevik,SN39040,01.01.2023 22:20,30.2
Kjevik,SN39040,01.01.2023 22:50,30.2
Kjevik,SN39040,01.01.2023 23:20,30.2
Kjevik,SN39040,01.01.2023 23:50,30.2
Kjevik,SN39040,02.01.2023 00:20,30.2
Kjevik,SN39040,02.01.2023 00:50,30.2
Kjevik,SN39040,02.01.2023 02:50,30.2
Kjevik,SN39040,02.01.2023 03:20,30.2
Kjevik,SN39040,02.01.2023 03:50,30.2
Kjevik,SN39040,02.01.2023 04:20,30.2
Kjevik,SN39040,02.01.2023 04:50,30.2
Kjevik,SN39040,02.01.2023 05:20,30.2
Kjevik,SN39040,02.01.2023 05:50,30.2
Kjevik,SN39040,02.01.2023 06:20,30.2
Kjevik,SN39040,02.01.2023 06:50,30.2
Kjevik,SN39040,02.01.2023 07:20,30.2
Kjevik,SN39040,02.01.2023 07:50,32.0
Kjevik,SN39040,02.01.2023 08:20,32.0
Kjevik,SN39040,02.01.2023 08:50,32.0
Kjevik,SN39040,02.01.2023 09:20,32.0
Kjevik,SN39040,02.01.2023 09:50,32.0
Kjevik,SN39040,02.01.2023 10:20,32.0
Kjevik,SN39040,02.01.2023 10:50,32.0
Kjevik,SN39040,02.01.2023 11:20,32.0
Kjevik,SN39040,02.01.2023 11:50,32.0
Kjevik,SN39040,02.01.2023 12:20,32.0
Kjevik,SN39040,02.01.2023 12:50,32.0
Kjevik,SN39040,02.01.2023 13:20,32.0
Kjevik,SN39040,02.01.2023 13:50,32.0
Kjevik,SN39040,02.01.2023 14:20,32.0
Kjevik,SN39040,02.01.2023 14:50,32.0
Kjevik,SN39040,02.01.2023 15:20,32.0
Kjevik,SN39040,02.01.2023 15:50,32.0
Kjevik,SN39040,02.01.2023 16:20,32.0
Kjevik,SN39040,02.01.2023 16:50,32.0
Kjevik,SN39040,02.01.2023 17:20,32.0
Kjevik,SN39040,02.01.2023 17:50,32.0
Kjevik,SN39040,02.01.2023 18:20,32.0
Kjevik,SN39040,02.01.2023 18:50,32.0
Kjevik,SN39040,02.01.2023 19:20,32.0
Kjevik,SN39040,02.01.2023 19:50,32.0
Kjevik,SN39040,02.01.2023 20:20,32.0
Kjevik,SN39040,02.01.2023 20:50,32.0
Kjevik,SN39040,02.01.2023 21:20,32.0
Kjevik,SN39040,02.01.2023 21:50,32.0
Kjevik,SN39040,02.01.2023 22:20,32.0
Kjevik,SN39040,02.01.2023 22:50,32.0
Kjevik,SN39040,02.01.2023 23:20,32.0
Kjevik,SN39040,03.01.2023 00:20,30.2
Kjevik,SN39040,03.01.2023 00:50,30.2
Kjevik,SN39040,03.01.2023 01:20,30.2
Kjevik,SN39040,03.01.2023 01:50,30.2
Kjevik,SN39040,03.01.2023 02:20,30.2
Kjevik,SN39040,03.01.2023 02:50,30.2
Kjevik,SN39040,03.01.2023 03:20,30.2
Kjevik,SN39040,03.01.2023 03:50,30.2
Kjevik,SN39040,03.01.2023 04:20,30.2
Kjevik,SN39040,03.01.2023 04:50,32.0
Kjevik,SN39040,03.01.2023 05:20,30.2
Kjevik,SN39040,03.01.2023 05:50,32.0
Kjevik,SN39040,03.01.2023 06:20,32.0
Kjevik,SN39040,03.01.2023 06:50,32.0
Kjevik,SN39040,03.01.2023 07:20,30.2
Kjevik,SN39040,03.01.2023 07:50,32.0
Kjevik,SN39040,03.01.2023 08:20,32.0
Kjevik,SN39040,03.01.2023 08:50,32.0
Kjevik,SN39040,03.01.2023 09:20,32.0
Kjevik,SN39040,03.01.2023 09:50,32.0
Kjevik,SN39040,03.01.2023 10:20,32.0
Kjevik,SN39040,03.01.2023 10:50,32.0
Kjevik,SN39040,03.01.2023 11:20,32.0
Kjevik,SN39040,03.01.2023 11:50,32.0
Kjevik,SN39040,03.01.2023 12:20,33.8
Kjevik,SN39040,03.01.2023 12:50,33.8
Kjevik,SN39040,03.01.2023 13:20,33.8
Kjevik,SN39040,03.01.2023 13:50,33.8
Kjevik,SN39040,03.01.2023 14:20,33.8
Kjevik,SN39040,03.01.2023 14:50,33.8
Kjevik,SN39040,03.01.2023 15:20,33.8
Kjevik,SN39040,03.01.2023 15:50,33.8
Kjevik,SN39040,03.01.2023 16:20,32.0
Kjevik,SN39040,03.01.2023 16:50,32.0
Kjevik,SN39040,03.01.2023 17:20,32.0
Kjevik,SN39040,03.01.2023 17:50,32.0
Kjevik,SN39040,03.01.2023 18:20,33.8
Kjevik,SN39040,03.01.2023 18:50,32.0
Kjevik,SN39040,03.01.2023 19:20,33.8
Kjevik,SN39040,03.01.2023 19:50,33.8
Kjevik,SN39040,03.01.2023 20:20,33.8
Kjevik,SN39040,03.01.2023 20:50,33.8
Kjevik,SN39040,03.01.2023 21:20,33.8
Kjevik,SN39040,03.01.2023 21:50,33.8
Kjevik,SN39040,03.01.2023 22:20,33.8
Kjevik,SN39040,03.01.2023 23:50,35.6
Kjevik,SN39040,04.01.2023 00:20,35.6
Kjevik,SN39040,04.01.2023 02:20,39.2
Kjevik,SN39040,04.01.2023 02:50,39.2
Kjevik,SN39040,04.01.2023 03:20,39.2
Kjevik,SN39040,04.01.2023 03:50,41.0
Kjevik,SN39040,04.01.2023 04:20,39.2
Kjevik,SN39040,04.01.2023 04:50,41.0
Kjevik,SN39040,04.01.2023 05:20,41.0
Kjevik,SN39040,04.01.2023 05:50,41.0
Kjevik,SN39040,04.01.2023 06:20,41.0
Kjevik,SN39040,04.01.2023 06:50,41.0
Kjevik,SN39040,04.01.2023 07:20,41.0
Kjevik,SN39040,04.01.2023 07:50,41.0
Kjevik,SN39040,04.01.2023 08:20,42.8
Kjevik,SN39040,04.01.2023 08:50,42.8
Kjevik,SN39040,04.01.2023 09:20,42.8
Kjevik,SN39040,04.01.2023 09:50,42.8
Kjevik,SN39040,04.01.2023 10:20,42.8
Kjevik,SN39040,04.01.2023 10:50,42.8
Kjevik,SN39040,04.01.2023 11:20,35.6
Kjevik,SN39040,04.01.2023 11:50,35.6
Kjevik,SN39040,04.01.2023 12:20,35.6
Kjevik,SN39040,04.01.2023 12:50,35.6
Kjevik,SN39040,04.01.2023 13:20,33.8
Kjevik,SN39040,04.01.2023 13:50,33.8
Kjevik,SN39040,04.01.2023 14:20,33.8
Kjevik,SN39040,04.01.2023 14:50,33.8
Kjevik,SN39040,04.01.2023 15:20,32.0
Kjevik,SN39040,04.01.2023 15:50,32.0
Kjevik,SN39040,04.01.2023 16:20,32.0
Kjevik,SN39040,04.01.2023 16:50,32.0
Kjevik,SN39040,04.01.2023 17:20,30.2
Kjevik,SN39040,04.01.2023 17:50,30.2
Kjevik,SN39040,04.01.2023 18:20,30.2
Kjevik,SN39040,04.01.2023 18:50,30.2
Kjevik,SN39040,04.01.2023 19:20,30.2
Kjevik,SN39040,04.01.2023 19:50,28.4
Kjevik,SN39040,04.01.2023 20:20,28.4
Kjevik,SN39040,04.01.2023 20:50,28.4
Kjevik,SN39040,04.01.2023 21:20,28.4
Kjevik,SN39040,04.01.2023 21:50,28.4
Kjevik,SN39040,04.01.2023 22:20,30.2
Kjevik,SN39040,04.01.2023 23:20,30.2
Kjevik,SN39040,04.01.2023 23:50,30.2
Kjevik,SN39040,05.01.2023 00:20,30.2
Kjevik,SN39040,05.01.2023 00:50,30.2
Kjevik,SN39040,05.01.2023 01:50,32.0
Kjevik,SN39040,05.01.2023 02:20,32.0
Kjevik,SN39040,05.01.2023 02:50,32.0
Kjevik,SN39040,05.01.2023 03:20,32.0
Kjevik,SN39040,05.01.2023 03:50,32.0
Kjevik,SN39040,05.01.2023 04:20,32.0
Kjevik,SN39040,05.01.2023 04:50,32.0
Kjevik,SN39040,05.01.2023 05:20,32.0
Kjevik,SN39040,05.01.2023 05:50,32.0
Kjevik,SN39040,05.01.2023 06:20,32.0
Kjevik,SN39040,05.01.2023 06:50,32.0
Kjevik,SN39040,05.01.2023 07:20,32.0
Kjevik,SN39040,05.01.2023 07:50,32.0
Kjevik,SN39040,05.01.2023 08:20,32.0
Kjevik,SN39040,05.01.2023 08:50,32.0
Kjevik,SN39040,05.01.2023 09:20,30.2
Kjevik,SN39040,05.01.2023 09:50,30.2
Kjevik,SN39040,05.01.2023 10:20,30.2
Kjevik,SN39040,05.01.2023 10:50,30.2
Kjevik,SN39040,05.01.2023 11:20,30.2
Kjevik,SN39040,05.01.2023 11:50,30.2
Kjevik,SN39040,05.01.2023 12:20,30.2
Kjevik,SN39040,05.01.2023 12:50,30.2
Kjevik,SN39040,05.01.2023 13:20,30.2
Kjevik,SN39040,05.01.2023 13:50,30.2
Kjevik,SN39040,05.01.2023 14:20,30.2
Kjevik,SN39040,05.01.2023 14:50,30.2
Kjevik,SN39040,05.01.2023 15:20,30.2
Kjevik,SN39040,05.01.2023 15:50,30.2
Kjevik,SN39040,05.01.2023 16:20,30.2
Kjevik,SN39040,05.01.2023 16:50,30.2
Kjevik,SN39040,05.01.2023 17:20,30.2
Kjevik,SN39040,05.01.2023 17:50,30.2
Kjevik,SN39040,05.01.2023 18:20,30.2
Kjevik,SN39040,05.01.2023 18:50,30.2
Kjevik,SN39040,05.01.2023 19:20,30.2
Kjevik,SN39040,05.01.2023 19:50,30.2
Kjevik,SN39040,05.01.2023 20:20,30.2
Kjevik,SN39040,05.01.2023 20:50,30.2
Kjevik,SN39040,05.01.2023 21:20,30.2
Kjevik,SN39040,05.01.2023 21:50,30.2
Kjevik,SN39040,05.01.2023 22:20,30.2
Kjevik,SN39040,06.01.2023 02:20,37.4
Kjevik,SN39040,06.01.2023 02:50,35.6
Kjevik,SN39040,06.01.2023 03:20,37.4
Kjevik,SN39040,06.01.2023 03:50,37.4
Kjevik,SN39040,06.01.2023 04:20,37.4
Kjevik,SN39040,06.01.2023 05:20,37.4
Kjevik,SN39040,06.01.2023 05:50,37.4
Kjevik,SN39040,06.01.2023 06:20,35.6
Kjevik,SN39040,06.01.2023 06:50,35.6
Kjevik,SN39040,06.01.2023 07:20,35.6
Kjevik,SN39040,06.01.2023 07:50,37.4
Kjevik,SN39040,06.01.2023 08:20,37.4
Kjevik,SN39040,06.01.2023 08:50,39.2
Kjevik,SN39040,06.01.2023 09:20,39.2
Kjevik,SN39040,06.01.2023 09:50,41.0
Kjevik,SN39040,06.01.2023 10:20,41.0
Kjevik,SN39040,06.01.2023 10:50,39.2
Kjevik,SN39040,06.01.2023 11:20,37.4
Kjevik,SN39040,06.01.2023 11:50,37.4
Kjevik,SN39040,06.01.2023 12:20,37.4
Kjevik,SN39040,06.01.2023 12:50,37.4
Kjevik,SN39040,06.01.2023 13:20,37.4
Kjevik,SN39040,06.01.2023 13:50,37.4
Kjevik,SN39040,06.01.2023 14:20,37.4
Kjevik,SN39040,06.01.2023 14:50,35.6
Kjevik,SN39040,06.01.2023 15:20,35.6
Kjevik,SN39040,06.01.2023 15:50,33.8
Kjevik,SN39040,06.01.2023 16:20,33.8
Kjevik,SN39040,06.01.2023 16:50,33.8
Kjevik,SN39040,06.01.2023 17:20,32.0
Kjevik,SN39040,06.01.2023 17:50,32.0
Kjevik,SN39040,06.01.2023 18:20,32.0
Kjevik,SN39040,06.01.2023 18:50,32.0
Kjevik,SN39040,06.01.2023 19:20,32.0
Kjevik,SN39040,06.01.2023 19:50,32.0
Kjevik,SN39040,06.01.2023 20:20,32.0
Kjevik,SN39040,06.01.2023 20:50,32.0
Kjevik,SN39040,06.01.2023 21:20,32.0
Kjevik,SN39040,06.01.2023 21:50,32.0
Kjevik,SN39040,06.01.2023 22:20,32.0
Kjevik,SN39040,06.01.2023 22:50,32.0
Kjevik,SN39040,06.01.2023 23:20,32.0
Kjevik,SN39040,06.01.2023 23:50,32.0
Kjevik,SN39040,07.01.2023 00:20,32.0
Kjevik,SN39040,07.01.2023 00:50,32.0
Kjevik,SN39040,07.01.2023 01:20,32.0
Kjevik,SN39040,07.01.2023 01:50,32.0
Kjevik,SN39040,07.01.2023 02:20,32.0
Kjevik,SN39040,07.01.2023 02:50,32.0
Kjevik,SN39040,07.01.2023 03:20,32.0
Kjevik,SN39040,07.01.2023 03:50,32.0
Kjevik,SN39040,07.01.2023 04:20,32.0
Kjevik,SN39040,07.01.2023 04:50,32.0
Kjevik,SN39040,07.01.2023 05:20,32.0
Kjevik,SN39040,07.01.2023 05:50,32.0
Kjevik,SN39040,07.01.2023 06:20,32.0
Kjevik,SN39040,07.01.2023 06:50,32.0
Kjevik,SN39040,07.01.2023 07:20,32.0
Kjevik,SN39040,07.01.2023 07:50,33.8
Kjevik,SN39040,07.01.2023 08:20,33.8
Kjevik,SN39040,07.01.2023 08:50,33.8
Kjevik,SN39040,07.01.2023 09:20,33.8
Kjevik,SN39040,07.01.2023 09:50,33.8
Kjevik,SN39040,07.01.2023 10:20,33.8
Kjevik,SN39040,07.01.2023 10:50,33.8
Kjevik,SN39040,07.01.2023 11:20,35.6
Kjevik,SN39040,07.01.2023 11:50,35.6
Kjevik,SN39040,07.01.2023 12:20,35.6
Kjevik,SN39040,07.01.2023 12:50,37.4
Kjevik,SN39040,07.01.2023 13:20,35.6
Kjevik,SN39040,07.01.2023 13:50,35.6
Kjevik,SN39040,07.01.2023 14:20,37.4
Kjevik,SN39040,07.01.2023 14:50,37.4
Kjevik,SN39040,07.01.2023 15:20,35.6
Kjevik,SN39040,07.01.2023 15:50,35.6
Kjevik,SN39040,07.01.2023 16:20,35.6
Kjevik,SN39040,07.01.2023 16:50,35.6
Kjevik,SN39040,07.01.2023 17:20,37.4
Kjevik,SN39040,07.01.2023 17:50,44.6
Kjevik,SN39040,07.01.2023 18:20,46.4
Kjevik,SN39040,07.01.2023 18:50,46.4
Kjevik,SN39040,07.01.2023 19:20,46.4
Kjevik,SN39040,07.01.2023 19:50,46.4
Kjevik,SN39040,07.01.2023 20:20,46.4
Kjevik,SN39040,07.01.2023 20:50,46.4
Kjevik,SN39040,07.01.2023 21:20,46.4
Kjevik,SN39040,07.01.2023 21:50,46.4
Kjevik,SN39040,07.01.2023 22:20,46.4
Kjevik,SN39040,07.01.2023 22:50,46.4
Kjevik,SN39040,07.01.2023 23:50,44.6
Kjevik,SN39040,08.01.2023 00:20,44.6
Kjevik,SN39040,08.01.2023 01:20,44.6
Kjevik,SN39040,08.01.2023 01:50,44.6
Kjevik,SN39040,08.01.2023 02:20,44.6
Kjevik,SN39040,08.01.2023 02:50,44.6
Kjevik,SN39040,08.01.2023 03:20,44.6
Kjevik,SN39040,08.01.2023 03:50,44.6
Kjevik,SN39040,08.01.2023 04:20,44.6
Kjevik,SN39040,08.01.2023 04:50,46.4
Kjevik,SN39040,08.01.2023 05:20,46.4
Kjevik,SN39040,08.01.2023 05:50,44.6
Kjevik,SN39040,08.01.2023 06:20,44.6
Kjevik,SN39040,08.01.2023 06:50,44.6
Kjevik,SN39040,08.01.2023 07:20,44.6
Kjevik,SN39040,08.01.2023 07:50,44.6
Kjevik,SN39040,08.01.2023 08:20,44.6
Kjevik,SN39040,08.01.2023 08:50,44.6
Kjevik,SN39040,08.01.2023 09:20,44.6
Kjevik,SN39040,08.01.2023 09:50,44.6
Kjevik,SN39040,08.01.2023 10:20,42.8
Kjevik,SN39040,08.01.2023 10:50,42.8
Kjevik,SN39040,08.01.2023 11:20,44.6
Kjevik,SN39040,08.01.2023 11:50,44.6
Kjevik,SN39040,08.01.2023 12:20,42.8
Kjevik,SN39040,08.01.2023 12:50,42.8
Kjevik,SN39040,08.01.2023 13:20,42.8
Kjevik,SN39040,08.01.2023 14:20,44.6
Kjevik,SN39040,08.01.2023 14:50,44.6
Kjevik,SN39040,08.01.2023 15:20,42.8
Kjevik,SN39040,08.01.2023 16:20,42.8
Kjevik,SN39040,08.01.2023 16:50,42.8
Kjevik,SN39040,08.01.2023 17:20,42.8
Kjevik,SN39040,08.01.2023 18:20,42.8
Kjevik,SN39040,08.01.2023 18:50,42.8
Kjevik,SN39040,08.01.2023 19:20,42.8
Kjevik,SN39040,08.01.2023 20:20,44.6
Kjevik,SN39040,08.01.2023 20:50,44.6
Kjevik,SN39040,08.01.2023 21:20,44.6
Kjevik,SN39040,08.01.2023 21:50,44.6
Kjevik,SN39040,08.01.2023 22:20,44.6
Kjevik,SN39040,08.01.2023 22:50,44.6
Kjevik,SN39040,08.01.2023 23:20,42.8
Kjevik,SN39040,08.01.2023 23:50,42.8
Kjevik,SN39040,09.01.2023 00:20,42.8
Kjevik,SN39040,09.01.2023 00:50,44.6
Kjevik,SN39040,09.01.2023 01:20,44.6
Kjevik,SN39040,09.01.2023 01:50,44.6
Kjevik,SN39040,09.01.2023 02:20,44.6
Kjevik,SN39040,09.01.2023 02:50,44.6
Kjevik,SN39040,09.01.2023 03:20,44.6
Kjevik,SN39040,09.01.2023 03:50,44.6
Kjevik,SN39040,09.01.2023 04:20,44.6
Kjevik,SN39040,09.01.2023 04:50,44.6
Kjevik,SN39040,09.01.2023 05:20,42.8
Kjevik,SN39040,09.01.2023 05:50,42.8
Kjevik,SN39040,09.01.2023 06:20,42.8
Kjevik,SN39040,09.01.2023 06:50,42.8
Kjevik,SN39040,09.01.2023 07:20,42.8
Kjevik,SN39040,09.01.2023 07:50,42.8
Kjevik,SN39040,09.01.2023 08:20,42.8
Kjevik,SN39040,09.01.2023 08:50,42.8
Kjevik,SN39040,09.01.2023 09:20,42.8
Kjevik,SN39040,09.01.2023 09:50,42.8
Kjevik,SN39040,09.01.2023 10:20,42.8
Kjevik,SN39040,09.01.2023 10:50,42.8
Kjevik,SN39040,09.01.2023 11:20,42.8
Kjevik,SN39040,09.01.2023 11:50,42.8
Kjevik,SN39040,09.01.2023 12:20,42.8
Kjevik,SN39040,09.01.2023 12:50,42.8
Kjevik,SN39040,09.01.2023 13:20,41.0
Kjevik,SN39040,09.01.2023 13:50,41.0
Kjevik,SN39040,09.01.2023 14:20,41.0
Kjevik,SN39040,09.01.2023 14:50,41.0
Kjevik,SN39040,09.01.2023 15:20,42.8
Kjevik,SN39040,09.01.2023 15:50,41.0
Kjevik,SN39040,09.01.2023 16:20,41.0
Kjevik,SN39040,09.01.2023 16:50,41.0
Kjevik,SN39040,09.01.2023 17:20,39.2
Kjevik,SN39040,09.01.2023 17:50,39.2
Kjevik,SN39040,09.01.2023 18:20,39.2
Kjevik,SN39040,09.01.2023 18:50,39.2
Kjevik,SN39040,09.01.2023 19:20,37.4
Kjevik,SN39040,09.01.2023 19:50,39.2
Kjevik,SN39040,09.01.2023 20:20,37.4
Kjevik,SN39040,09.01.2023 20:50,37.4
Kjevik,SN39040,09.01.2023 21:20,37.4
Kjevik,SN39040,09.01.2023 21:50,35.6
Kjevik,SN39040,09.01.2023 22:20,35.6
Kjevik,SN39040,09.01.2023 22:50,35.6
Kjevik,SN39040,09.01.2023 23:20,33.8
Kjevik,SN39040,09.01.2023 23:50,32.0
Kjevik,SN39040,10.01.2023 00:20,32.0
Kjevik,SN39040,10.01.2023 00:50,30.2
Kjevik,SN39040,10.01.2023 01:20,30.2
Kjevik,SN39040,10.01.2023 01:50,30.2
Kjevik,SN39040,10.01.2023 02:20,30.2
Kjevik,SN39040,10.01.2023 02:50,30.2
Kjevik,SN39040,10.01.2023 03:20,30.2
Kjevik,SN39040,10.01.2023 03:50,30.2
Kjevik,SN39040,10.01.2023 04:20,28.4
Kjevik,SN39040,10.01.2023 04:50,30.2
Kjevik,SN39040,10.01.2023 05:20,30.2
Kjevik,SN39040,10.01.2023 05:50,30.2
Kjevik,SN39040,10.01.2023 06:20,30.2
Kjevik,SN39040,10.01.2023 06:50,30.2
Kjevik,SN39040,10.01.2023 07:20,32.0
Kjevik,SN39040,10.01.2023 07:50,30.2
Kjevik,SN39040,10.01.2023 08:20,32.0
Kjevik,SN39040,10.01.2023 08:50,32.0
Kjevik,SN39040,10.01.2023 09:20,32.0
Kjevik,SN39040,10.01.2023 09:50,32.0
Kjevik,SN39040,10.01.2023 10:20,32.0
Kjevik,SN39040,10.01.2023 10:50,32.0
Kjevik,SN39040,10.01.2023 11:20,33.8
Kjevik,SN39040,10.01.2023 11:50,33.8
Kjevik,SN39040,10.01.2023 12:20,33.8
Kjevik,SN39040,10.01.2023 12:50,35.6
Kjevik,SN39040,10.01.2023 13:20,37.4
Kjevik,SN39040,10.01.2023 13:50,37.4
Kjevik,SN39040,10.01.2023 14:20,39.2
Kjevik,SN39040,10.01.2023 14:50,39.2
Kjevik,SN39040,10.01.2023 15:20,39.2
Kjevik,SN39040,10.01.2023 15:50,41.0
Kjevik,SN39040,10.01.2023 16:20,41.0
Kjevik,SN39040,10.01.2023 16:50,41.0
Kjevik,SN39040,10.01.2023 17:20,41.0
Kjevik,SN39040,10.01.2023 17:50,41.0
Kjevik,SN39040,10.01.2023 18:20,41.0
Kjevik,SN39040,10.01.2023 18:50,41.0
Kjevik,SN39040,10.01.2023 19:20,42.8
Kjevik,SN39040,10.01.2023 19:50,42.8
Kjevik,SN39040,10.01.2023 20:20,42.8
Kjevik,SN39040,10.01.2023 20:50,42.8
Kjevik,SN39040,10.01.2023 21:20,42.8
Kjevik,SN39040,10.01.2023 21:50,42.8
Kjevik,SN39040,10.01.2023 22:20,42.8
Kjevik,SN39040,10.01.2023 23:20,42.8
Kjevik,SN39040,10.01.2023 23:50,42.8
Kjevik,SN39040,11.01.2023 00:50,41.0
Kjevik,SN39040,11.01.2023 01:50,41.0
Kjevik,SN39040,11.01.2023 02:20,41.0
Kjevik,SN39040,11.01.2023 02:50,42.8
Kjevik,SN39040,11.01.2023 03:20,42.8
Kjevik,SN39040,11.01.2023 03:50,44.6
Kjevik,SN39040,11.01.2023 05:20,46.4
Kjevik,SN39040,11.01.2023 05:50,46.4
Kjevik,SN39040,11.01.2023 06:20,46.4
Kjevik,SN39040,11.01.2023 06:50,46.4
Kjevik,SN39040,11.01.2023 07:20,46.4
Kjevik,SN39040,11.01.2023 07:50,46.4
Kjevik,SN39040,11.01.2023 08:20,44.6
Kjevik,SN39040,11.01.2023 08:50,44.6
Kjevik,SN39040,11.01.2023 09:20,44.6
Kjevik,SN39040,11.01.2023 09:50,44.6
Kjevik,SN39040,11.01.2023 10:20,44.6
Kjevik,SN39040,11.01.2023 10:50,44.6
Kjevik,SN39040,11.01.2023 11:20,44.6
Kjevik,SN39040,11.01.2023 11:50,44.6
Kjevik,SN39040,11.01.2023 12:20,46.4
Kjevik,SN39040,11.01.2023 12:50,46.4
Kjevik,SN39040,11.01.2023 13:20,46.4
Kjevik,SN39040,11.01.2023 13:50,44.6
Kjevik,SN39040,11.01.2023 14:20,44.6
Kjevik,SN39040,11.01.2023 14:50,44.6
Kjevik,SN39040,11.01.2023 15:20,42.8
Kjevik,SN39040,11.01.2023 15:50,42.8
Kjevik,SN39040,11.01.2023 16:20,42.8
Kjevik,SN39040,11.01.2023 16:50,44.6
Kjevik,SN39040,11.01.2023 17:20,42.8
Kjevik,SN39040,11.01.2023 17:50,42.8
Kjevik,SN39040,11.01.2023 18:20,42.8
Kjevik,SN39040,11.01.2023 18:50,42.8
Kjevik,SN39040,11.01.2023 19:20,41.0
Kjevik,SN39040,11.01.2023 19:50,42.8
Kjevik,SN39040,11.01.2023 20:20,42.8
Kjevik,SN39040,11.01.2023 20:50,41.0
Kjevik,SN39040,11.01.2023 21:20,41.0
Kjevik,SN39040,11.01.2023 21:50,39.2
Kjevik,SN39040,11.01.2023 22:20,39.2
Kjevik,SN39040,11.01.2023 23:20,39.2
Kjevik,SN39040,12.01.2023 00:20,41.0
Kjevik,SN39040,12.01.2023 01:20,41.0
Kjevik,SN39040,12.01.2023 02:20,39.2
Kjevik,SN39040,12.01.2023 02:50,39.2
Kjevik,SN39040,12.01.2023 03:20,37.4
Kjevik,SN39040,12.01.2023 03:50,33.8
Kjevik,SN39040,12.01.2023 04:20,32.0
Kjevik,SN39040,12.01.2023 04:50,32.0
Kjevik,SN39040,12.01.2023 05:20,32.0
Kjevik,SN39040,12.01.2023 05:50,30.2
Kjevik,SN39040,12.01.2023 06:20,30.2
Kjevik,SN39040,12.01.2023 06:50,32.0
Kjevik,SN39040,12.01.2023 07:20,32.0
Kjevik,SN39040,12.01.2023 07:50,32.0
Kjevik,SN39040,12.01.2023 08:20,32.0
Kjevik,SN39040,12.01.2023 08:50,33.8
Kjevik,SN39040,12.01.2023 09:20,33.8
Kjevik,SN39040,12.01.2023 09:50,33.8
Kjevik,SN39040,12.01.2023 10:20,35.6
Kjevik,SN39040,12.01.2023 10:50,37.4
Kjevik,SN39040,12.01.2023 11:20,39.2
Kjevik,SN39040,12.01.2023 11:50,39.2
Kjevik,SN39040,12.01.2023 12:20,41.0
Kjevik,SN39040,12.01.2023 12:50,42.8
Kjevik,SN39040,12.01.2023 13:20,41.0
Kjevik,SN39040,12.01.2023 13:50,42.8
Kjevik,SN39040,12.01.2023 14:20,41.0
Kjevik,SN39040,12.01.2023 14:50,41.0
Kjevik,SN39040,12.01.2023 15:20,41.0
Kjevik,SN39040,12.01.2023 15:50,41.0
Kjevik,SN39040,12.01.2023 16:20,41.0
Kjevik,SN39040,12.01.2023 16:50,41.0
Kjevik,SN39040,12.01.2023 17:20,41.0
Kjevik,SN39040,12.01.2023 17:50,39.2
Kjevik,SN39040,12.01.2023 18:20,39.2
Kjevik,SN39040,12.01.2023 18:50,39.2
Kjevik,SN39040,12.01.2023 19:20,39.2
Kjevik,SN39040,12.01.2023 19:50,37.4
Kjevik,SN39040,12.01.2023 20:20,37.4
Kjevik,SN39040,12.01.2023 20:50,37.4
Kjevik,SN39040,12.01.2023 21:20,37.4
Kjevik,SN39040,12.01.2023 21:50,37.4
Kjevik,SN39040,12.01.2023 22:20,37.4
Kjevik,SN39040,12.01.2023 23:50,42.8
Kjevik,SN39040,13.01.2023 01:20,42.8
Kjevik,SN39040,13.01.2023 02:20,42.8
Kjevik,SN39040,13.01.2023 02:50,42.8
Kjevik,SN39040,13.01.2023 05:50,41.0
Kjevik,SN39040,13.01.2023 06:20,41.0
Kjevik,SN39040,13.01.2023 06:50,41.0
Kjevik,SN39040,13.01.2023 07:20,41.0
Kjevik,SN39040,13.01.2023 07:50,41.0
Kjevik,SN39040,13.01.2023 08:20,42.8
Kjevik,SN39040,13.01.2023 08:50,42.8
Kjevik,SN39040,13.01.2023 09:20,42.8
Kjevik,SN39040,13.01.2023 09:50,42.8
Kjevik,SN39040,13.01.2023 10:20,42.8
Kjevik,SN39040,13.01.2023 10:50,42.8
Kjevik,SN39040,13.01.2023 11:20,42.8
Kjevik,SN39040,13.01.2023 11:50,42.8
Kjevik,SN39040,13.01.2023 12:20,44.6
Kjevik,SN39040,13.01.2023 12:50,42.8
Kjevik,SN39040,13.01.2023 13:20,42.8
Kjevik,SN39040,13.01.2023 13:50,42.8
Kjevik,SN39040,13.01.2023 14:20,42.8
Kjevik,SN39040,13.01.2023 14:50,42.8
Kjevik,SN39040,13.01.2023 15:20,42.8
Kjevik,SN39040,13.01.2023 15:50,42.8
Kjevik,SN39040,13.01.2023 16:20,41.0
Kjevik,SN39040,13.01.2023 16:50,42.8
Kjevik,SN39040,13.01.2023 17:20,41.0
Kjevik,SN39040,13.01.2023 17:50,41.0
Kjevik,SN39040,13.01.2023 18:20,39.2
Kjevik,SN39040,13.01.2023 18:50,39.2
Kjevik,SN39040,13.01.2023 19:20,39.2
Kjevik,SN39040,13.01.2023 19:50,37.4
Kjevik,SN39040,13.01.2023 20:20,35.6
Kjevik,SN39040,13.01.2023 20:50,35.6
Kjevik,SN39040,13.01.2023 21:20,35.6
Kjevik,SN39040,13.01.2023 21:50,33.8
Kjevik,SN39040,13.01.2023 22:20,32.0
Kjevik,SN39040,13.01.2023 22:50,30.2
Kjevik,SN39040,13.01.2023 23:20,30.2
Kjevik,SN39040,13.01.2023 23:50,30.2
Kjevik,SN39040,14.01.2023 00:20,28.4
Kjevik,SN39040,14.01.2023 00:50,28.4
Kjevik,SN39040,14.01.2023 01:20,28.4
Kjevik,SN39040,14.01.2023 01:50,32.0
Kjevik,SN39040,14.01.2023 02:20,30.2
Kjevik,SN39040,14.01.2023 02:50,32.0
Kjevik,SN39040,14.01.2023 03:20,33.8
Kjevik,SN39040,14.01.2023 03:50,30.2
Kjevik,SN39040,14.01.2023 04:20,28.4
Kjevik,SN39040,14.01.2023 04:50,28.4
Kjevik,SN39040,14.01.2023 05:20,30.2
Kjevik,SN39040,14.01.2023 05:50,30.2
Kjevik,SN39040,14.01.2023 06:20,30.2
Kjevik,SN39040,14.01.2023 06:50,26.6
Kjevik,SN39040,14.01.2023 07:20,26.6
Kjevik,SN39040,14.01.2023 07:50,30.2
Kjevik,SN39040,14.01.2023 08:20,28.4
Kjevik,SN39040,14.01.2023 08:50,26.6
Kjevik,SN39040,14.01.2023 09:20,28.4
Kjevik,SN39040,14.01.2023 09:50,26.6
Kjevik,SN39040,14.01.2023 10:20,28.4
Kjevik,SN39040,14.01.2023 10:50,28.4
Kjevik,SN39040,14.01.2023 11:20,32.0
Kjevik,SN39040,14.01.2023 11:50,32.0
Kjevik,SN39040,14.01.2023 12:20,32.0
Kjevik,SN39040,14.01.2023 12:50,32.0
Kjevik,SN39040,14.01.2023 13:20,32.0
Kjevik,SN39040,14.01.2023 13:50,32.0
Kjevik,SN39040,14.01.2023 14:20,33.8
Kjevik,SN39040,14.01.2023 14:50,33.8
Kjevik,SN39040,14.01.2023 15:20,33.8
Kjevik,SN39040,14.01.2023 15:50,35.6
Kjevik,SN39040,14.01.2023 16:20,35.6
Kjevik,SN39040,14.01.2023 16:50,35.6
Kjevik,SN39040,14.01.2023 17:20,39.2
Kjevik,SN39040,14.01.2023 17:50,39.2
Kjevik,SN39040,14.01.2023 18:20,39.2
Kjevik,SN39040,14.01.2023 18:50,39.2
Kjevik,SN39040,14.01.2023 19:20,39.2
Kjevik,SN39040,14.01.2023 19:50,39.2
Kjevik,SN39040,14.01.2023 20:20,39.2
Kjevik,SN39040,14.01.2023 20:50,39.2
Kjevik,SN39040,14.01.2023 21:20,37.4
Kjevik,SN39040,14.01.2023 21:50,39.2
Kjevik,SN39040,14.01.2023 22:20,41.0
Kjevik,SN39040,15.01.2023 00:20,39.2
Kjevik,SN39040,15.01.2023 00:50,39.2
Kjevik,SN39040,15.01.2023 01:50,35.6
Kjevik,SN39040,15.01.2023 02:20,37.4
Kjevik,SN39040,15.01.2023 02:50,35.6
Kjevik,SN39040,15.01.2023 05:20,41.0
Kjevik,SN39040,15.01.2023 05:50,41.0
Kjevik,SN39040,15.01.2023 06:20,41.0
Kjevik,SN39040,15.01.2023 06:50,41.0
Kjevik,SN39040,15.01.2023 07:20,41.0
Kjevik,SN39040,15.01.2023 07:50,41.0
Kjevik,SN39040,15.01.2023 08:20,39.2
Kjevik,SN39040,15.01.2023 08:50,41.0
Kjevik,SN39040,15.01.2023 09:20,41.0
Kjevik,SN39040,15.01.2023 09:50,39.2
Kjevik,SN39040,15.01.2023 10:20,41.0
Kjevik,SN39040,15.01.2023 10:50,39.2
Kjevik,SN39040,15.01.2023 11:20,39.2
Kjevik,SN39040,15.01.2023 11:50,41.0
Kjevik,SN39040,15.01.2023 12:20,41.0
Kjevik,SN39040,15.01.2023 12:50,41.0
Kjevik,SN39040,15.01.2023 13:20,41.0
Kjevik,SN39040,15.01.2023 13:50,41.0
Kjevik,SN39040,15.01.2023 14:20,39.2
Kjevik,SN39040,15.01.2023 14:50,39.2
Kjevik,SN39040,15.01.2023 15:20,39.2
Kjevik,SN39040,15.01.2023 15:50,37.4
Kjevik,SN39040,15.01.2023 16:20,35.6
Kjevik,SN39040,15.01.2023 16:50,37.4
Kjevik,SN39040,15.01.2023 17:20,35.6
Kjevik,SN39040,15.01.2023 17:50,35.6
Kjevik,SN39040,15.01.2023 18:20,35.6
Kjevik,SN39040,15.01.2023 18:50,33.8
Kjevik,SN39040,15.01.2023 19:20,35.6
Kjevik,SN39040,15.01.2023 19:50,37.4
Kjevik,SN39040,15.01.2023 20:20,39.2
Kjevik,SN39040,15.01.2023 20:50,39.2
Kjevik,SN39040,15.01.2023 21:20,37.4
Kjevik,SN39040,15.01.2023 21:50,37.4
Kjevik,SN39040,15.01.2023 22:20,37.4
Kjevik,SN39040,15.01.2023 22:50,37.4
Kjevik,SN39040,15.01.2023 23:20,39.2
Kjevik,SN39040,15.01.2023 23:50,39.2
Kjevik,SN39040,16.01.2023 00:20,39.2
Kjevik,SN39040,16.01.2023 00:50,39.2
Kjevik,SN39040,16.01.2023 01:20,37.4
Kjevik,SN39040,16.01.2023 01:50,37.4
Kjevik,SN39040,16.01.2023 02:20,37.4
Kjevik,SN39040,16.01.2023 02:50,37.4
Kjevik,SN39040,16.01.2023 03:20,35.6
Kjevik,SN39040,16.01.2023 03:50,32.0
Kjevik,SN39040,16.01.2023 04:20,32.0
Kjevik,SN39040,16.01.2023 04:50,33.8
Kjevik,SN39040,16.01.2023 05:20,32.0
Kjevik,SN39040,16.01.2023 05:50,32.0
Kjevik,SN39040,16.01.2023 06:20,28.4
Kjevik,SN39040,16.01.2023 06:50,28.4
Kjevik,SN39040,16.01.2023 07:20,30.2
Kjevik,SN39040,16.01.2023 07:50,28.4
Kjevik,SN39040,16.01.2023 08:20,28.4
Kjevik,SN39040,16.01.2023 08:50,28.4
Kjevik,SN39040,16.01.2023 09:20,28.4
Kjevik,SN39040,16.01.2023 09:50,30.2
Kjevik,SN39040,16.01.2023 10:20,30.2
Kjevik,SN39040,16.01.2023 10:50,30.2
Kjevik,SN39040,16.01.2023 11:20,32.0
Kjevik,SN39040,16.01.2023 11:50,32.0
Kjevik,SN39040,16.01.2023 12:20,32.0
Kjevik,SN39040,16.01.2023 12:50,32.0
Kjevik,SN39040,16.01.2023 13:20,33.8
Kjevik,SN39040,16.01.2023 13:50,33.8
Kjevik,SN39040,16.01.2023 14:20,33.8
Kjevik,SN39040,16.01.2023 14:50,33.8
Kjevik,SN39040,16.01.2023 15:20,33.8
Kjevik,SN39040,16.01.2023 15:50,33.8
Kjevik,SN39040,16.01.2023 16:20,33.8
Kjevik,SN39040,16.01.2023 16:50,33.8
Kjevik,SN39040,16.01.2023 17:20,33.8
Kjevik,SN39040,16.01.2023 17:50,39.2
Kjevik,SN39040,16.01.2023 18:20,39.2
Kjevik,SN39040,16.01.2023 18:50,39.2
Kjevik,SN39040,16.01.2023 19:20,39.2
Kjevik,SN39040,16.01.2023 19:50,39.2
Kjevik,SN39040,16.01.2023 20:20,37.4
Kjevik,SN39040,16.01.2023 20:50,39.2
Kjevik,SN39040,16.01.2023 21:20,37.4
Kjevik,SN39040,16.01.2023 21:50,35.6
Kjevik,SN39040,16.01.2023 22:20,35.6
Kjevik,SN39040,16.01.2023 23:20,37.4
Kjevik,SN39040,16.01.2023 23:50,37.4
Kjevik,SN39040,17.01.2023 00:20,35.6
Kjevik,SN39040,17.01.2023 01:50,33.8
Kjevik,SN39040,17.01.2023 02:20,33.8
Kjevik,SN39040,17.01.2023 02:50,35.6
Kjevik,SN39040,17.01.2023 04:20,37.4
Kjevik,SN39040,17.01.2023 05:20,35.6
Kjevik,SN39040,17.01.2023 05:50,35.6
Kjevik,SN39040,17.01.2023 06:20,35.6
Kjevik,SN39040,17.01.2023 06:50,35.6
Kjevik,SN39040,17.01.2023 07:20,33.8
Kjevik,SN39040,17.01.2023 07:50,35.6
Kjevik,SN39040,17.01.2023 08:20,37.4
Kjevik,SN39040,17.01.2023 08:50,37.4
Kjevik,SN39040,17.01.2023 09:20,37.4
Kjevik,SN39040,17.01.2023 09:50,37.4
Kjevik,SN39040,17.01.2023 10:20,37.4
Kjevik,SN39040,17.01.2023 10:50,37.4
Kjevik,SN39040,17.01.2023 11:20,37.4
Kjevik,SN39040,17.01.2023 11:50,37.4
Kjevik,SN39040,17.01.2023 12:20,37.4
Kjevik,SN39040,17.01.2023 12:50,37.4
Kjevik,SN39040,17.01.2023 13:20,39.2
Kjevik,SN39040,17.01.2023 13:50,37.4
Kjevik,SN39040,17.01.2023 14:20,37.4
Kjevik,SN39040,17.01.2023 14:50,37.4
Kjevik,SN39040,17.01.2023 15:20,37.4
Kjevik,SN39040,17.01.2023 15:50,35.6
Kjevik,SN39040,17.01.2023 16:20,33.8
Kjevik,SN39040,17.01.2023 16:50,33.8
Kjevik,SN39040,17.01.2023 17:20,35.6
Kjevik,SN39040,17.01.2023 17:50,33.8
Kjevik,SN39040,17.01.2023 18:20,35.6
Kjevik,SN39040,17.01.2023 18:50,35.6
Kjevik,SN39040,17.01.2023 19:20,35.6
Kjevik,SN39040,17.01.2023 19:50,33.8
Kjevik,SN39040,17.01.2023 20:20,32.0
Kjevik,SN39040,17.01.2023 20:50,32.0
Kjevik,SN39040,17.01.2023 21:20,32.0
Kjevik,SN39040,17.01.2023 21:50,32.0
Kjevik,SN39040,17.01.2023 23:20,33.8
Kjevik,SN39040,17.01.2023 23:50,33.8
Kjevik,SN39040,18.01.2023 00:20,33.8
Kjevik,SN39040,18.01.2023 00:50,33.8
Kjevik,SN39040,18.01.2023 01:20,33.8
Kjevik,SN39040,18.01.2023 01:50,33.8
Kjevik,SN39040,18.01.2023 02:20,33.8
Kjevik,SN39040,18.01.2023 02:50,33.8
Kjevik,SN39040,18.01.2023 04:50,33.8
Kjevik,SN39040,18.01.2023 05:20,35.6
Kjevik,SN39040,18.01.2023 05:50,33.8
Kjevik,SN39040,18.01.2023 06:20,33.8
Kjevik,SN39040,18.01.2023 06:50,33.8
Kjevik,SN39040,18.01.2023 07:20,33.8
Kjevik,SN39040,18.01.2023 07:50,32.0
Kjevik,SN39040,18.01.2023 08:20,32.0
Kjevik,SN39040,18.01.2023 08:50,32.0
Kjevik,SN39040,18.01.2023 09:20,32.0
Kjevik,SN39040,18.01.2023 09:50,32.0
Kjevik,SN39040,18.01.2023 10:20,32.0
Kjevik,SN39040,18.01.2023 10:50,32.0
Kjevik,SN39040,18.01.2023 11:20,33.8
Kjevik,SN39040,18.01.2023 11:50,33.8
Kjevik,SN39040,18.01.2023 12:20,33.8
Kjevik,SN39040,18.01.2023 12:50,35.6
Kjevik,SN39040,18.01.2023 13:20,35.6
Kjevik,SN39040,18.01.2023 13:50,35.6
Kjevik,SN39040,18.01.2023 14:20,37.4
Kjevik,SN39040,18.01.2023 14:50,35.6
Kjevik,SN39040,18.01.2023 15:20,33.8
Kjevik,SN39040,18.01.2023 15:50,33.8
Kjevik,SN39040,18.01.2023 16:20,35.6
Kjevik,SN39040,18.01.2023 16:50,33.8
Kjevik,SN39040,18.01.2023 17:20,33.8
Kjevik,SN39040,18.01.2023 17:50,33.8
Kjevik,SN39040,18.01.2023 18:20,32.0
Kjevik,SN39040,18.01.2023 18:50,32.0
Kjevik,SN39040,18.01.2023 19:20,30.2
Kjevik,SN39040,18.01.2023 19:50,28.4
Kjevik,SN39040,18.01.2023 20:20,30.2
Kjevik,SN39040,18.01.2023 20:50,30.2
Kjevik,SN39040,18.01.2023 21:20,30.2
Kjevik,SN39040,18.01.2023 21:50,30.2
Kjevik,SN39040,18.01.2023 22:20,30.2
Kjevik,SN39040,18.01.2023 22:50,30.2
Kjevik,SN39040,18.01.2023 23:20,30.2
Kjevik,SN39040,18.01.2023 23:50,30.2
Kjevik,SN39040,19.01.2023 02:20,32.0
Kjevik,SN39040,19.01.2023 02:50,32.0
Kjevik,SN39040,19.01.2023 03:50,32.0
Kjevik,SN39040,19.01.2023 04:50,32.0
Kjevik,SN39040,19.01.2023 05:20,32.0
Kjevik,SN39040,19.01.2023 05:50,32.0
Kjevik,SN39040,19.01.2023 06:20,32.0
Kjevik,SN39040,19.01.2023 06:50,32.0
Kjevik,SN39040,19.01.2023 07:20,32.0
Kjevik,SN39040,19.01.2023 07:50,32.0
Kjevik,SN39040,19.01.2023 08:20,32.0
Kjevik,SN39040,19.01.2023 08:50,32.0
Kjevik,SN39040,19.01.2023 09:20,30.2
Kjevik,SN39040,19.01.2023 09:50,30.2
Kjevik,SN39040,19.01.2023 10:20,32.0
Kjevik,SN39040,19.01.2023 10:50,33.8
Kjevik,SN39040,19.01.2023 11:20,32.0
Kjevik,SN39040,19.01.2023 11:50,33.8
Kjevik,SN39040,19.01.2023 12:20,33.8
Kjevik,SN39040,19.01.2023 12:50,33.8
Kjevik,SN39040,19.01.2023 13:20,33.8
Kjevik,SN39040,19.01.2023 13:50,33.8
Kjevik,SN39040,19.01.2023 14:20,32.0
Kjevik,SN39040,19.01.2023 14:50,32.0
Kjevik,SN39040,19.01.2023 15:20,33.8
Kjevik,SN39040,19.01.2023 15:50,32.0
Kjevik,SN39040,19.01.2023 16:20,32.0
Kjevik,SN39040,19.01.2023 16:50,32.0
Kjevik,SN39040,19.01.2023 17:20,30.2
Kjevik,SN39040,19.01.2023 17:50,30.2
Kjevik,SN39040,19.01.2023 18:20,30.2
Kjevik,SN39040,19.01.2023 18:50,30.2
Kjevik,SN39040,19.01.2023 19:20,30.2
Kjevik,SN39040,19.01.2023 19:50,28.4
Kjevik,SN39040,19.01.2023 20:20,28.4
Kjevik,SN39040,19.01.2023 20:50,30.2
Kjevik,SN39040,19.01.2023 21:20,28.4
Kjevik,SN39040,19.01.2023 21:50,28.4
Kjevik,SN39040,19.01.2023 22:20,30.2
Kjevik,SN39040,19.01.2023 22:50,30.2
Kjevik,SN39040,19.01.2023 23:20,30.2
Kjevik,SN39040,20.01.2023 00:50,32.0
Kjevik,SN39040,20.01.2023 01:20,30.2
Kjevik,SN39040,20.01.2023 01:50,32.0
Kjevik,SN39040,20.01.2023 02:20,32.0
Kjevik,SN39040,20.01.2023 02:50,32.0
Kjevik,SN39040,20.01.2023 03:20,30.2
Kjevik,SN39040,20.01.2023 03:50,30.2
Kjevik,SN39040,20.01.2023 04:20,28.4
Kjevik,SN39040,20.01.2023 04:50,28.4
Kjevik,SN39040,20.01.2023 05:20,28.4
Kjevik,SN39040,20.01.2023 05:50,28.4
Kjevik,SN39040,20.01.2023 06:20,26.6
Kjevik,SN39040,20.01.2023 06:50,26.6
Kjevik,SN39040,20.01.2023 07:20,26.6
Kjevik,SN39040,20.01.2023 07:50,24.8
Kjevik,SN39040,20.01.2023 08:20,23.0
Kjevik,SN39040,20.01.2023 08:50,24.8
Kjevik,SN39040,20.01.2023 09:20,24.8
Kjevik,SN39040,20.01.2023 09:50,24.8
Kjevik,SN39040,20.01.2023 10:20,24.8
Kjevik,SN39040,20.01.2023 10:50,26.6
Kjevik,SN39040,20.01.2023 11:20,26.6
Kjevik,SN39040,20.01.2023 11:50,28.4
Kjevik,SN39040,20.01.2023 12:20,30.2
Kjevik,SN39040,20.01.2023 12:50,28.4
Kjevik,SN39040,20.01.2023 13:20,30.2
Kjevik,SN39040,20.01.2023 13:50,30.2
Kjevik,SN39040,20.01.2023 14:20,30.2
Kjevik,SN39040,20.01.2023 14:50,30.2
Kjevik,SN39040,20.01.2023 15:20,30.2
Kjevik,SN39040,20.01.2023 15:50,30.2
Kjevik,SN39040,20.01.2023 16:20,28.4
Kjevik,SN39040,20.01.2023 16:50,26.6
Kjevik,SN39040,20.01.2023 17:20,26.6
Kjevik,SN39040,20.01.2023 17:50,24.8
Kjevik,SN39040,20.01.2023 18:20,24.8
Kjevik,SN39040,20.01.2023 18:50,24.8
Kjevik,SN39040,20.01.2023 19:20,23.0
Kjevik,SN39040,20.01.2023 19:50,23.0
Kjevik,SN39040,20.01.2023 20:20,23.0
Kjevik,SN39040,20.01.2023 20:50,23.0
Kjevik,SN39040,20.01.2023 21:20,23.0
Kjevik,SN39040,20.01.2023 21:50,21.2
Kjevik,SN39040,20.01.2023 22:20,21.2
Kjevik,SN39040,20.01.2023 22:50,19.4
Kjevik,SN39040,20.01.2023 23:20,19.4
Kjevik,SN39040,20.01.2023 23:50,19.4
Kjevik,SN39040,21.01.2023 00:20,19.4
Kjevik,SN39040,21.01.2023 00:50,19.4
Kjevik,SN39040,21.01.2023 01:20,17.6
Kjevik,SN39040,21.01.2023 01:50,17.6
Kjevik,SN39040,21.01.2023 02:20,17.6
Kjevik,SN39040,21.01.2023 02:50,17.6
Kjevik,SN39040,21.01.2023 03:20,17.6
Kjevik,SN39040,21.01.2023 03:50,17.6
Kjevik,SN39040,21.01.2023 04:20,17.6
Kjevik,SN39040,21.01.2023 04:50,17.6
Kjevik,SN39040,21.01.2023 05:20,17.6
Kjevik,SN39040,21.01.2023 05:50,17.6
Kjevik,SN39040,21.01.2023 06:20,17.6
Kjevik,SN39040,21.01.2023 06:50,17.6
Kjevik,SN39040,21.01.2023 07:20,17.6
Kjevik,SN39040,21.01.2023 07:50,17.6
Kjevik,SN39040,21.01.2023 08:20,19.4
Kjevik,SN39040,21.01.2023 08:50,19.4
Kjevik,SN39040,21.01.2023 09:20,19.4
Kjevik,SN39040,21.01.2023 09:50,19.4
Kjevik,SN39040,21.01.2023 10:20,19.4
Kjevik,SN39040,21.01.2023 10:50,21.2
Kjevik,SN39040,21.01.2023 11:20,21.2
Kjevik,SN39040,21.01.2023 11:50,23.0
Kjevik,SN39040,21.01.2023 12:20,24.8
Kjevik,SN39040,21.01.2023 12:50,24.8
Kjevik,SN39040,21.01.2023 13:20,26.6
Kjevik,SN39040,21.01.2023 13:50,26.6
Kjevik,SN39040,21.01.2023 14:20,28.4
Kjevik,SN39040,21.01.2023 14:50,28.4
Kjevik,SN39040,21.01.2023 15:20,28.4
Kjevik,SN39040,21.01.2023 15:50,28.4
Kjevik,SN39040,21.01.2023 16:20,26.6
Kjevik,SN39040,21.01.2023 16:50,24.8
Kjevik,SN39040,21.01.2023 17:20,23.0
Kjevik,SN39040,21.01.2023 17:50,21.2
Kjevik,SN39040,21.01.2023 18:20,21.2
Kjevik,SN39040,21.01.2023 18:50,21.2
Kjevik,SN39040,21.01.2023 19:20,19.4
Kjevik,SN39040,21.01.2023 19:50,19.4
Kjevik,SN39040,21.01.2023 20:20,17.6
Kjevik,SN39040,21.01.2023 20:50,17.6
Kjevik,SN39040,21.01.2023 21:20,17.6
Kjevik,SN39040,21.01.2023 21:50,17.6
Kjevik,SN39040,21.01.2023 22:20,21.2
Kjevik,SN39040,21.01.2023 22:50,21.2
Kjevik,SN39040,21.01.2023 23:20,21.2
Kjevik,SN39040,21.01.2023 23:50,21.2
Kjevik,SN39040,22.01.2023 00:20,21.2
Kjevik,SN39040,22.01.2023 00:50,21.2
Kjevik,SN39040,22.01.2023 01:20,21.2
Kjevik,SN39040,22.01.2023 01:50,21.2
Kjevik,SN39040,22.01.2023 02:20,23.0
Kjevik,SN39040,22.01.2023 02:50,23.0
Kjevik,SN39040,22.01.2023 03:20,23.0
Kjevik,SN39040,22.01.2023 03:50,23.0
Kjevik,SN39040,22.01.2023 04:20,23.0
Kjevik,SN39040,22.01.2023 04:50,23.0
Kjevik,SN39040,22.01.2023 05:20,23.0
Kjevik,SN39040,22.01.2023 05:50,23.0
Kjevik,SN39040,22.01.2023 06:20,23.0
Kjevik,SN39040,22.01.2023 06:50,23.0
Kjevik,SN39040,22.01.2023 07:20,23.0
Kjevik,SN39040,22.01.2023 07:50,23.0
Kjevik,SN39040,22.01.2023 08:20,23.0
Kjevik,SN39040,22.01.2023 08:50,23.0
Kjevik,SN39040,22.01.2023 09:20,23.0
Kjevik,SN39040,22.01.2023 09:50,23.0
Kjevik,SN39040,22.01.2023 10:20,24.8
Kjevik,SN39040,22.01.2023 10:50,24.8
Kjevik,SN39040,22.01.2023 11:20,24.8
Kjevik,SN39040,22.01.2023 11:50,26.6
Kjevik,SN39040,22.01.2023 12:20,26.6
Kjevik,SN39040,22.01.2023 12:50,26.6
Kjevik,SN39040,22.01.2023 13:20,28.4
Kjevik,SN39040,22.01.2023 13:50,28.4
Kjevik,SN39040,22.01.2023 14:20,28.4
Kjevik,SN39040,22.01.2023 14:50,30.2
Kjevik,SN39040,22.01.2023 15:20,30.2
Kjevik,SN39040,22.01.2023 15:50,28.4
Kjevik,SN39040,22.01.2023 16:20,28.4
Kjevik,SN39040,22.01.2023 16:50,28.4
Kjevik,SN39040,22.01.2023 17:20,28.4
Kjevik,SN39040,22.01.2023 17:50,28.4
Kjevik,SN39040,22.01.2023 18:20,28.4
Kjevik,SN39040,22.01.2023 18:50,28.4
Kjevik,SN39040,22.01.2023 19:20,26.6
Kjevik,SN39040,22.01.2023 19:50,28.4
Kjevik,SN39040,22.01.2023 20:20,28.4
Kjevik,SN39040,22.01.2023 20:50,28.4
Kjevik,SN39040,22.01.2023 21:20,28.4
Kjevik,SN39040,22.01.2023 21:50,28.4
Kjevik,SN39040,22.01.2023 22:20,28.4
Kjevik,SN39040,22.01.2023 22:50,28.4
Kjevik,SN39040,22.01.2023 23:20,28.4
Kjevik,SN39040,22.01.2023 23:50,28.4
Kjevik,SN39040,23.01.2023 00:20,28.4
Kjevik,SN39040,23.01.2023 00:50,28.4
Kjevik,SN39040,23.01.2023 01:20,28.4
Kjevik,SN39040,23.01.2023 01:50,28.4
Kjevik,SN39040,23.01.2023 02:20,28.4
Kjevik,SN39040,23.01.2023 02:50,28.4
Kjevik,SN39040,23.01.2023 03:20,28.4
Kjevik,SN39040,23.01.2023 03:50,28.4
Kjevik,SN39040,23.01.2023 04:20,28.4
Kjevik,SN39040,23.01.2023 04:50,28.4
Kjevik,SN39040,23.01.2023 05:20,28.4
Kjevik,SN39040,23.01.2023 05:50,28.4
Kjevik,SN39040,23.01.2023 06:20,28.4
Kjevik,SN39040,23.01.2023 06:50,28.4
Kjevik,SN39040,23.01.2023 07:20,28.4
Kjevik,SN39040,23.01.2023 07:50,28.4
Kjevik,SN39040,23.01.2023 08:20,28.4
Kjevik,SN39040,23.01.2023 08:50,28.4
Kjevik,SN39040,23.01.2023 09:20,28.4
Kjevik,SN39040,23.01.2023 09:50,28.4
Kjevik,SN39040,23.01.2023 10:20,30.2
Kjevik,SN39040,23.01.2023 10:50,30.2
Kjevik,SN39040,23.01.2023 11:20,30.2
Kjevik,SN39040,23.01.2023 11:50,30.2
Kjevik,SN39040,23.01.2023 12:20,30.2
Kjevik,SN39040,23.01.2023 12:50,32.0
Kjevik,SN39040,23.01.2023 13:20,32.0
Kjevik,SN39040,23.01.2023 13:50,32.0
Kjevik,SN39040,23.01.2023 14:20,32.0
Kjevik,SN39040,23.01.2023 14:50,32.0
Kjevik,SN39040,23.01.2023 15:20,32.0
Kjevik,SN39040,23.01.2023 15:50,32.0
Kjevik,SN39040,23.01.2023 16:20,32.0
Kjevik,SN39040,23.01.2023 16:50,32.0
Kjevik,SN39040,23.01.2023 17:20,32.0
Kjevik,SN39040,23.01.2023 17:50,32.0
Kjevik,SN39040,23.01.2023 18:20,35.6
Kjevik,SN39040,23.01.2023 18:50,37.4
Kjevik,SN39040,23.01.2023 19:20,37.4
Kjevik,SN39040,23.01.2023 19:50,37.4
Kjevik,SN39040,23.01.2023 20:20,37.4
Kjevik,SN39040,23.01.2023 20:50,35.6
Kjevik,SN39040,23.01.2023 21:20,35.6
Kjevik,SN39040,23.01.2023 21:50,35.6
Kjevik,SN39040,23.01.2023 22:20,35.6
Kjevik,SN39040,23.01.2023 22:50,37.4
Kjevik,SN39040,23.01.2023 23:20,37.4
Kjevik,SN39040,23.01.2023 23:50,37.4
Kjevik,SN39040,24.01.2023 00:20,39.2
Kjevik,SN39040,24.01.2023 00:50,39.2
Kjevik,SN39040,24.01.2023 01:20,39.2
Kjevik,SN39040,24.01.2023 01:50,39.2
Kjevik,SN39040,24.01.2023 02:20,39.2
Kjevik,SN39040,24.01.2023 02:50,39.2
Kjevik,SN39040,24.01.2023 03:20,39.2
Kjevik,SN39040,24.01.2023 03:50,37.4
Kjevik,SN39040,24.01.2023 04:20,39.2
Kjevik,SN39040,24.01.2023 04:50,39.2
Kjevik,SN39040,24.01.2023 05:20,39.2
Kjevik,SN39040,24.01.2023 05:50,39.2
Kjevik,SN39040,24.01.2023 06:20,39.2
Kjevik,SN39040,24.01.2023 06:50,39.2
Kjevik,SN39040,24.01.2023 07:20,41.0
Kjevik,SN39040,24.01.2023 07:50,41.0
Kjevik,SN39040,24.01.2023 08:20,41.0
Kjevik,SN39040,24.01.2023 08:50,41.0
Kjevik,SN39040,24.01.2023 09:20,41.0
Kjevik,SN39040,24.01.2023 09:50,37.4
Kjevik,SN39040,24.01.2023 10:20,37.4
Kjevik,SN39040,24.01.2023 10:50,39.2
Kjevik,SN39040,24.01.2023 11:20,41.0
Kjevik,SN39040,24.01.2023 11:50,41.0
Kjevik,SN39040,24.01.2023 12:20,41.0
Kjevik,SN39040,24.01.2023 12:50,42.8
Kjevik,SN39040,24.01.2023 13:20,42.8
Kjevik,SN39040,24.01.2023 13:50,42.8
Kjevik,SN39040,24.01.2023 14:20,42.8
Kjevik,SN39040,24.01.2023 14:50,42.8
Kjevik,SN39040,24.01.2023 15:20,42.8
Kjevik,SN39040,24.01.2023 15:50,42.8
Kjevik,SN39040,24.01.2023 16:20,42.8
Kjevik,SN39040,24.01.2023 16:50,42.8
Kjevik,SN39040,24.01.2023 17:20,41.0
Kjevik,SN39040,24.01.2023 17:50,41.0
Kjevik,SN39040,24.01.2023 18:20,41.0
Kjevik,SN39040,24.01.2023 18:50,42.8
Kjevik,SN39040,24.01.2023 19:20,42.8
Kjevik,SN39040,24.01.2023 19:50,42.8
Kjevik,SN39040,24.01.2023 20:20,42.8
Kjevik,SN39040,24.01.2023 20:50,42.8
Kjevik,SN39040,24.01.2023 21:20,41.0
Kjevik,SN39040,24.01.2023 21:50,42.8
Kjevik,SN39040,24.01.2023 22:20,42.8
Kjevik,SN39040,24.01.2023 22:50,42.8
Kjevik,SN39040,24.01.2023 23:20,42.8
Kjevik,SN39040,24.01.2023 23:50,42.8
Kjevik,SN39040,25.01.2023 00:20,41.0
Kjevik,SN39040,25.01.2023 00:50,42.8
Kjevik,SN39040,25.01.2023 01:20,42.8
Kjevik,SN39040,25.01.2023 01:50,42.8
Kjevik,SN39040,25.01.2023 02:20,42.8
Kjevik,SN39040,25.01.2023 02:50,42.8
Kjevik,SN39040,25.01.2023 03:20,42.8
Kjevik,SN39040,25.01.2023 03:50,42.8
Kjevik,SN39040,25.01.2023 04:20,42.8
Kjevik,SN39040,25.01.2023 04:50,42.8
Kjevik,SN39040,25.01.2023 05:20,42.8
Kjevik,SN39040,25.01.2023 05:50,42.8
Kjevik,SN39040,25.01.2023 06:20,42.8
Kjevik,SN39040,25.01.2023 06:50,44.6
Kjevik,SN39040,25.01.2023 07:20,42.8
Kjevik,SN39040,25.01.2023 07:50,42.8
Kjevik,SN39040,25.01.2023 08:20,42.8
Kjevik,SN39040,25.01.2023 08:50,42.8
Kjevik,SN39040,25.01.2023 09:20,42.8
Kjevik,SN39040,25.01.2023 09:50,42.8
Kjevik,SN39040,25.01.2023 10:20,44.6
Kjevik,SN39040,25.01.2023 10:50,44.6
Kjevik,SN39040,25.01.2023 11:20,44.6
Kjevik,SN39040,25.01.2023 11:50,44.6
Kjevik,SN39040,25.01.2023 12:20,44.6
Kjevik,SN39040,25.01.2023 12:50,44.6
Kjevik,SN39040,25.01.2023 13:20,44.6
Kjevik,SN39040,25.01.2023 13:50,46.4
Kjevik,SN39040,25.01.2023 14:20,44.6
Kjevik,SN39040,25.01.2023 14:50,44.6
Kjevik,SN39040,25.01.2023 15:20,46.4
Kjevik,SN39040,25.01.2023 15:50,46.4
Kjevik,SN39040,25.01.2023 16:20,44.6
Kjevik,SN39040,25.01.2023 16:50,44.6
Kjevik,SN39040,25.01.2023 17:20,44.6
Kjevik,SN39040,25.01.2023 17:50,44.6
Kjevik,SN39040,25.01.2023 18:20,42.8
Kjevik,SN39040,25.01.2023 18:50,42.8
Kjevik,SN39040,25.01.2023 19:20,41.0
Kjevik,SN39040,25.01.2023 19:50,42.8
Kjevik,SN39040,25.01.2023 20:20,41.0
Kjevik,SN39040,25.01.2023 20:50,41.0
Kjevik,SN39040,25.01.2023 21:20,39.2
Kjevik,SN39040,25.01.2023 21:50,41.0
Kjevik,SN39040,25.01.2023 22:20,39.2
Kjevik,SN39040,25.01.2023 22:50,37.4
Kjevik,SN39040,25.01.2023 23:20,37.4
Kjevik,SN39040,25.01.2023 23:50,33.8
Kjevik,SN39040,26.01.2023 00:20,35.6
Kjevik,SN39040,26.01.2023 00:50,37.4
Kjevik,SN39040,26.01.2023 01:20,37.4
Kjevik,SN39040,26.01.2023 01:50,37.4
Kjevik,SN39040,26.01.2023 02:20,30.2
Kjevik,SN39040,26.01.2023 02:50,33.8
Kjevik,SN39040,26.01.2023 03:20,30.2
Kjevik,SN39040,26.01.2023 03:50,30.2
Kjevik,SN39040,26.01.2023 04:20,28.4
Kjevik,SN39040,26.01.2023 04:50,30.2
Kjevik,SN39040,26.01.2023 05:20,28.4
Kjevik,SN39040,26.01.2023 05:50,28.4
Kjevik,SN39040,26.01.2023 06:20,30.2
Kjevik,SN39040,26.01.2023 06:50,30.2
Kjevik,SN39040,26.01.2023 07:20,28.4
Kjevik,SN39040,26.01.2023 07:50,30.2
Kjevik,SN39040,26.01.2023 08:20,28.4
Kjevik,SN39040,26.01.2023 08:50,28.4
Kjevik,SN39040,26.01.2023 09:20,28.4
Kjevik,SN39040,26.01.2023 09:50,32.0
Kjevik,SN39040,26.01.2023 10:20,32.0
Kjevik,SN39040,26.01.2023 10:50,32.0
Kjevik,SN39040,26.01.2023 11:20,35.6
Kjevik,SN39040,26.01.2023 11:50,35.6
Kjevik,SN39040,26.01.2023 12:20,39.2
Kjevik,SN39040,26.01.2023 12:50,41.0
Kjevik,SN39040,26.01.2023 13:20,42.8
Kjevik,SN39040,26.01.2023 13:50,44.6
Kjevik,SN39040,26.01.2023 14:20,42.8
Kjevik,SN39040,26.01.2023 14:50,42.8
Kjevik,SN39040,26.01.2023 15:20,42.8
Kjevik,SN39040,26.01.2023 15:50,41.0
Kjevik,SN39040,26.01.2023 16:20,41.0
Kjevik,SN39040,26.01.2023 16:50,37.4
Kjevik,SN39040,26.01.2023 17:20,33.8
Kjevik,SN39040,26.01.2023 17:50,32.0
Kjevik,SN39040,26.01.2023 18:20,30.2
Kjevik,SN39040,26.01.2023 18:50,32.0
Kjevik,SN39040,26.01.2023 19:20,32.0
Kjevik,SN39040,26.01.2023 19:50,32.0
Kjevik,SN39040,26.01.2023 20:20,30.2
Kjevik,SN39040,26.01.2023 20:50,32.0
Kjevik,SN39040,26.01.2023 21:20,32.0
Kjevik,SN39040,26.01.2023 21:50,30.2
Kjevik,SN39040,26.01.2023 22:20,28.4
Kjevik,SN39040,26.01.2023 22:50,28.4
Kjevik,SN39040,26.01.2023 23:20,28.4
Kjevik,SN39040,26.01.2023 23:50,26.6
Kjevik,SN39040,27.01.2023 00:20,26.6
Kjevik,SN39040,27.01.2023 00:50,26.6
Kjevik,SN39040,27.01.2023 01:20,26.6
Kjevik,SN39040,27.01.2023 01:50,26.6
Kjevik,SN39040,27.01.2023 02:20,24.8
Kjevik,SN39040,27.01.2023 02:50,26.6
Kjevik,SN39040,27.01.2023 03:20,26.6
Kjevik,SN39040,27.01.2023 03:50,26.6
Kjevik,SN39040,27.01.2023 04:20,26.6
Kjevik,SN39040,27.01.2023 04:50,24.8
Kjevik,SN39040,27.01.2023 05:20,24.8
Kjevik,SN39040,27.01.2023 05:50,24.8
Kjevik,SN39040,27.01.2023 06:20,23.0
Kjevik,SN39040,27.01.2023 06:50,24.8
Kjevik,SN39040,27.01.2023 07:20,24.8
Kjevik,SN39040,27.01.2023 07:50,24.8
Kjevik,SN39040,27.01.2023 08:20,24.8
Kjevik,SN39040,27.01.2023 08:50,24.8
Kjevik,SN39040,27.01.2023 09:20,24.8
Kjevik,SN39040,27.01.2023 09:50,24.8
Kjevik,SN39040,27.01.2023 10:20,24.8
Kjevik,SN39040,27.01.2023 10:50,26.6
Kjevik,SN39040,27.01.2023 11:20,28.4
Kjevik,SN39040,27.01.2023 11:50,30.2
Kjevik,SN39040,27.01.2023 12:20,33.8
Kjevik,SN39040,27.01.2023 12:50,35.6
Kjevik,SN39040,27.01.2023 13:20,35.6
Kjevik,SN39040,27.01.2023 13:50,37.4
Kjevik,SN39040,27.01.2023 14:20,37.4
Kjevik,SN39040,27.01.2023 14:50,37.4
Kjevik,SN39040,27.01.2023 15:20,37.4
Kjevik,SN39040,27.01.2023 15:50,37.4
Kjevik,SN39040,27.01.2023 16:20,37.4
Kjevik,SN39040,27.01.2023 16:50,35.6
Kjevik,SN39040,27.01.2023 17:20,35.6
Kjevik,SN39040,27.01.2023 17:50,35.6
Kjevik,SN39040,27.01.2023 18:20,35.6
Kjevik,SN39040,27.01.2023 18:50,35.6
Kjevik,SN39040,27.01.2023 19:20,33.8
Kjevik,SN39040,27.01.2023 19:50,33.8
Kjevik,SN39040,27.01.2023 20:20,33.8
Kjevik,SN39040,27.01.2023 20:50,33.8
Kjevik,SN39040,27.01.2023 21:20,33.8
Kjevik,SN39040,27.01.2023 21:50,35.6
Kjevik,SN39040,27.01.2023 22:20,35.6
Kjevik,SN39040,27.01.2023 22:50,35.6
Kjevik,SN39040,28.01.2023 00:20,37.4
Kjevik,SN39040,28.01.2023 00:50,37.4
Kjevik,SN39040,28.01.2023 01:20,37.4
Kjevik,SN39040,28.01.2023 01:50,37.4
Kjevik,SN39040,28.01.2023 02:20,39.2
Kjevik,SN39040,28.01.2023 02:50,39.2
Kjevik,SN39040,28.01.2023 03:20,39.2
Kjevik,SN39040,28.01.2023 03:50,39.2
Kjevik,SN39040,28.01.2023 04:20,39.2
Kjevik,SN39040,28.01.2023 05:20,39.2
Kjevik,SN39040,28.01.2023 05:50,39.2
Kjevik,SN39040,28.01.2023 06:20,41.0
Kjevik,SN39040,28.01.2023 06:50,41.0
Kjevik,SN39040,28.01.2023 07:20,41.0
Kjevik,SN39040,28.01.2023 07:50,41.0
Kjevik,SN39040,28.01.2023 08:20,39.2
Kjevik,SN39040,28.01.2023 08:50,41.0
Kjevik,SN39040,28.01.2023 09:20,41.0
Kjevik,SN39040,28.01.2023 09:50,41.0
Kjevik,SN39040,28.01.2023 10:20,41.0
Kjevik,SN39040,28.01.2023 10:50,42.8
Kjevik,SN39040,28.01.2023 11:20,41.0
Kjevik,SN39040,28.01.2023 11:50,41.0
Kjevik,SN39040,28.01.2023 12:20,41.0
Kjevik,SN39040,28.01.2023 12:50,41.0
Kjevik,SN39040,28.01.2023 13:20,41.0
Kjevik,SN39040,28.01.2023 13:50,41.0
Kjevik,SN39040,28.01.2023 14:20,42.8
Kjevik,SN39040,28.01.2023 14:50,42.8
Kjevik,SN39040,28.01.2023 15:20,42.8
Kjevik,SN39040,28.01.2023 15:50,42.8
Kjevik,SN39040,28.01.2023 16:20,42.8
Kjevik,SN39040,28.01.2023 16:50,41.0
Kjevik,SN39040,28.01.2023 17:20,41.0
Kjevik,SN39040,28.01.2023 17:50,41.0
Kjevik,SN39040,28.01.2023 18:20,39.2
Kjevik,SN39040,28.01.2023 18:50,39.2
Kjevik,SN39040,28.01.2023 19:20,37.4
Kjevik,SN39040,28.01.2023 19:50,37.4
Kjevik,SN39040,28.01.2023 20:20,39.2
Kjevik,SN39040,28.01.2023 20:50,37.4
Kjevik,SN39040,28.01.2023 21:20,39.2
Kjevik,SN39040,28.01.2023 21:50,37.4
Kjevik,SN39040,28.01.2023 22:20,37.4
Kjevik,SN39040,28.01.2023 22:50,39.2
Kjevik,SN39040,28.01.2023 23:20,39.2
Kjevik,SN39040,28.01.2023 23:50,37.4
Kjevik,SN39040,29.01.2023 00:20,39.2
Kjevik,SN39040,29.01.2023 00:50,39.2
Kjevik,SN39040,29.01.2023 01:20,39.2
Kjevik,SN39040,29.01.2023 01:50,39.2
Kjevik,SN39040,29.01.2023 02:20,39.2
Kjevik,SN39040,29.01.2023 02:50,39.2
Kjevik,SN39040,29.01.2023 03:20,41.0
Kjevik,SN39040,29.01.2023 03:50,41.0
Kjevik,SN39040,29.01.2023 04:20,41.0
Kjevik,SN39040,29.01.2023 04:50,41.0
Kjevik,SN39040,29.01.2023 05:20,41.0
Kjevik,SN39040,29.01.2023 05:50,41.0
Kjevik,SN39040,29.01.2023 06:20,42.8
Kjevik,SN39040,29.01.2023 06:50,41.0
Kjevik,SN39040,29.01.2023 07:20,41.0
Kjevik,SN39040,29.01.2023 08:20,42.8
Kjevik,SN39040,29.01.2023 08:50,42.8
Kjevik,SN39040,29.01.2023 09:20,42.8
Kjevik,SN39040,29.01.2023 09:50,42.8
Kjevik,SN39040,29.01.2023 10:20,42.8
Kjevik,SN39040,29.01.2023 10:50,42.8
Kjevik,SN39040,29.01.2023 11:20,42.8
Kjevik,SN39040,29.01.2023 11:50,42.8
Kjevik,SN39040,29.01.2023 12:20,42.8
Kjevik,SN39040,29.01.2023 12:50,42.8
Kjevik,SN39040,29.01.2023 13:20,44.6
Kjevik,SN39040,29.01.2023 13:50,42.8
Kjevik,SN39040,29.01.2023 14:20,42.8
Kjevik,SN39040,29.01.2023 14:50,44.6
Kjevik,SN39040,29.01.2023 15:20,44.6
Kjevik,SN39040,29.01.2023 15:50,44.6
Kjevik,SN39040,29.01.2023 16:20,44.6
Kjevik,SN39040,29.01.2023 16:50,44.6
Kjevik,SN39040,29.01.2023 17:20,44.6
Kjevik,SN39040,29.01.2023 17:50,44.6
Kjevik,SN39040,29.01.2023 18:20,44.6
Kjevik,SN39040,29.01.2023 18:50,44.6
Kjevik,SN39040,29.01.2023 19:20,44.6
Kjevik,SN39040,29.01.2023 19:50,44.6
Kjevik,SN39040,29.01.2023 20:20,44.6
Kjevik,SN39040,29.01.2023 20:50,44.6
Kjevik,SN39040,29.01.2023 21:20,44.6
Kjevik,SN39040,29.01.2023 21:50,42.8
Kjevik,SN39040,29.01.2023 22:20,42.8
Kjevik,SN39040,29.01.2023 22:50,41.0
Kjevik,SN39040,29.01.2023 23:20,41.0
Kjevik,SN39040,29.01.2023 23:50,41.0
Kjevik,SN39040,30.01.2023 00:20,41.0
Kjevik,SN39040,30.01.2023 00:50,41.0
Kjevik,SN39040,30.01.2023 01:20,41.0
Kjevik,SN39040,30.01.2023 01:50,39.2
Kjevik,SN39040,30.01.2023 02:20,39.2
Kjevik,SN39040,30.01.2023 02:50,39.2
Kjevik,SN39040,30.01.2023 03:20,39.2
Kjevik,SN39040,30.01.2023 03:50,39.2
Kjevik,SN39040,30.01.2023 04:20,37.4
Kjevik,SN39040,30.01.2023 04:50,37.4
Kjevik,SN39040,30.01.2023 05:20,37.4
Kjevik,SN39040,30.01.2023 05:50,37.4
Kjevik,SN39040,30.01.2023 06:20,37.4
Kjevik,SN39040,30.01.2023 06:50,37.4
Kjevik,SN39040,30.01.2023 07:20,37.4
Kjevik,SN39040,30.01.2023 07:50,37.4
Kjevik,SN39040,30.01.2023 08:20,37.4
Kjevik,SN39040,30.01.2023 08:50,37.4
Kjevik,SN39040,30.01.2023 09:20,37.4
Kjevik,SN39040,30.01.2023 09:50,37.4
Kjevik,SN39040,30.01.2023 10:20,39.2
Kjevik,SN39040,30.01.2023 10:50,41.0
Kjevik,SN39040,30.01.2023 11:20,42.8
Kjevik,SN39040,30.01.2023 11:50,42.8
Kjevik,SN39040,30.01.2023 12:20,42.8
Kjevik,SN39040,30.01.2023 12:50,42.8
Kjevik,SN39040,30.01.2023 13:20,42.8
Kjevik,SN39040,30.01.2023 13:50,42.8
Kjevik,SN39040,30.01.2023 14:20,42.8
Kjevik,SN39040,30.01.2023 14:50,42.8
Kjevik,SN39040,30.01.2023 15:20,41.0
Kjevik,SN39040,30.01.2023 15:50,41.0
Kjevik,SN39040,30.01.2023 16:20,41.0
Kjevik,SN39040,30.01.2023 16:50,39.2
Kjevik,SN39040,30.01.2023 17:20,39.2
Kjevik,SN39040,30.01.2023 17:50,37.4
Kjevik,SN39040,30.01.2023 18:20,37.4
Kjevik,SN39040,30.01.2023 18:50,37.4
Kjevik,SN39040,30.01.2023 19:20,37.4
Kjevik,SN39040,30.01.2023 19:50,37.4
Kjevik,SN39040,30.01.2023 20:20,37.4
Kjevik,SN39040,30.01.2023 20:50,35.6
Kjevik,SN39040,30.01.2023 21:20,33.8
Kjevik,SN39040,30.01.2023 21:50,35.6
Kjevik,SN39040,30.01.2023 22:20,35.6
Kjevik,SN39040,30.01.2023 22:50,33.8
Kjevik,SN39040,30.01.2023 23:20,33.8
Kjevik,SN39040,30.01.2023 23:50,33.8
Kjevik,SN39040,31.01.2023 00:20,35.6
Kjevik,SN39040,31.01.2023 00:50,37.4
Kjevik,SN39040,31.01.2023 01:20,37.4
Kjevik,SN39040,31.01.2023 01:50,35.6
Kjevik,SN39040,31.01.2023 02:20,35.6
Kjevik,SN39040,31.01.2023 02:50,35.6
Kjevik,SN39040,31.01.2023 03:20,35.6
Kjevik,SN39040,31.01.2023 03:50,35.6
Kjevik,SN39040,31.01.2023 04:20,35.6
Kjevik,SN39040,31.01.2023 04:50,33.8
Kjevik,SN39040,31.01.2023 05:20,35.6
Kjevik,SN39040,31.01.2023 05:50,35.6
Kjevik,SN39040,31.01.2023 06:20,35.6
Kjevik,SN39040,31.01.2023 06:50,33.8
Kjevik,SN39040,31.01.2023 07:20,35.6
Kjevik,SN39040,31.01.2023 07:50,33.8
Kjevik,SN39040,31.01.2023 08:20,32.0
Kjevik,SN39040,31.01.2023 08:50,32.0
Kjevik,SN39040,31.01.2023 09:20,33.8
Kjevik,SN39040,31.01.2023 09:50,32.0
Kjevik,SN39040,31.01.2023 10:20,32.0
Kjevik,SN39040,31.01.2023 10:50,33.8
Kjevik,SN39040,31.01.2023 11:20,33.8
Kjevik,SN39040,31.01.2023 11:50,33.8
Kjevik,SN39040,31.01.2023 12:20,33.8
Kjevik,SN39040,31.01.2023 12:50,33.8
Kjevik,SN39040,31.01.2023 13:20,37.4
Kjevik,SN39040,31.01.2023 13:50,37.4
Kjevik,SN39040,31.01.2023 14:20,37.4
Kjevik,SN39040,31.01.2023 14:50,37.4
Kjevik,SN39040,31.01.2023 15:20,39.2
Kjevik,SN39040,31.01.2023 15:50,39.2
Kjevik,SN39040,31.01.2023 16:20,37.4
Kjevik,SN39040,31.01.2023 16:50,37.4
Kjevik,SN39040,31.01.2023 17:20,39.2
Kjevik,SN39040,31.01.2023 17:50,37.4
Kjevik,SN39040,31.01.2023 18:20,37.4
Kjevik,SN39040,31.01.2023 18:50,37.4
Kjevik,SN39040,31.01.2023 19:20,37.4
Kjevik,SN39040,31.01.2023 19:50,37.4
Kjevik,SN39040,31.01.2023 20:20,39.2
Kjevik,SN39040,31.01.2023 20:50,37.4
Kjevik,SN39040,31.01.2023 21:20,39.2
Kjevik,SN39040,31.01.2023 21:50,39.2
Kjevik,SN39040,31.01.2023 22:20,37.4
Kjevik,SN39040,31.01.2023 22:50,39.2
Kjevik,SN39040,31.01.2023 23:20,39.2
Kjevik,SN39040,31.01.2023 23:50,39.2
Kjevik,SN39040,01.02.2023 00:20,39.2
Kjevik,SN39040,01.02.2023 00:50,37.4
Kjevik,SN39040,01.02.2023 01:20,39.2
Kjevik,SN39040,01.02.2023 01:50,39.2
Kjevik,SN39040,01.02.2023 02:20,39.2
Kjevik,SN39040,01.02.2023 02:50,39.2
Kjevik,SN39040,01.02.2023 03:20,39.2
Kjevik,SN39040,01.02.2023 03:50,39.2
Kjevik,SN39040,01.02.2023 04:20,37.4
Kjevik,SN39040,01.02.2023 04:50,39.2
Kjevik,SN39040,01.02.2023 05:20,37.4
Kjevik,SN39040,01.02.2023 05:50,37.4
Kjevik,SN39040,01.02.2023 06:20,37.4
Kjevik,SN39040,01.02.2023 06:50,39.2
Kjevik,SN39040,01.02.2023 07:20,37.4
Kjevik,SN39040,01.02.2023 07:50,39.2
Kjevik,SN39040,01.02.2023 08:20,37.4
Kjevik,SN39040,01.02.2023 08:50,37.4
Kjevik,SN39040,01.02.2023 09:20,35.6
Kjevik,SN39040,01.02.2023 09:50,37.4
Kjevik,SN39040,01.02.2023 10:20,37.4
Kjevik,SN39040,01.02.2023 10:50,39.2
Kjevik,SN39040,01.02.2023 11:20,39.2
Kjevik,SN39040,01.02.2023 11:50,39.2
Kjevik,SN39040,01.02.2023 12:20,39.2
Kjevik,SN39040,01.02.2023 12:50,39.2
Kjevik,SN39040,01.02.2023 13:20,39.2
Kjevik,SN39040,01.02.2023 13:50,39.2
Kjevik,SN39040,01.02.2023 14:20,41.0
Kjevik,SN39040,01.02.2023 14:50,39.2
Kjevik,SN39040,01.02.2023 15:20,39.2
Kjevik,SN39040,01.02.2023 15:50,39.2
Kjevik,SN39040,01.02.2023 16:20,39.2
Kjevik,SN39040,01.02.2023 16:50,37.4
Kjevik,SN39040,01.02.2023 17:20,35.6
Kjevik,SN39040,01.02.2023 17:50,35.6
Kjevik,SN39040,01.02.2023 18:20,33.8
Kjevik,SN39040,01.02.2023 18:50,32.0
Kjevik,SN39040,01.02.2023 19:20,32.0
Kjevik,SN39040,01.02.2023 19:50,30.2
Kjevik,SN39040,01.02.2023 20:20,30.2
Kjevik,SN39040,01.02.2023 20:50,28.4
Kjevik,SN39040,01.02.2023 21:20,28.4
Kjevik,SN39040,01.02.2023 21:50,26.6
Kjevik,SN39040,01.02.2023 22:20,28.4
Kjevik,SN39040,01.02.2023 22:50,26.6
Kjevik,SN39040,01.02.2023 23:20,28.4
Kjevik,SN39040,01.02.2023 23:50,26.6
Kjevik,SN39040,02.02.2023 00:20,28.4
Kjevik,SN39040,02.02.2023 00:50,28.4
Kjevik,SN39040,02.02.2023 01:20,28.4
Kjevik,SN39040,02.02.2023 01:50,28.4
Kjevik,SN39040,02.02.2023 02:20,28.4
Kjevik,SN39040,02.02.2023 02:50,26.6
Kjevik,SN39040,02.02.2023 03:20,26.6
Kjevik,SN39040,02.02.2023 03:50,24.8
Kjevik,SN39040,02.02.2023 04:20,23.0
Kjevik,SN39040,02.02.2023 04:50,24.8
Kjevik,SN39040,02.02.2023 05:20,24.8
Kjevik,SN39040,02.02.2023 05:50,23.0
Kjevik,SN39040,02.02.2023 06:20,24.8
Kjevik,SN39040,02.02.2023 06:50,24.8
Kjevik,SN39040,02.02.2023 07:20,23.0
Kjevik,SN39040,02.02.2023 07:50,23.0
Kjevik,SN39040,02.02.2023 08:20,23.0
Kjevik,SN39040,02.02.2023 08:50,21.2
Kjevik,SN39040,02.02.2023 09:20,23.0
Kjevik,SN39040,02.02.2023 09:50,24.8
Kjevik,SN39040,02.02.2023 10:20,24.8
Kjevik,SN39040,02.02.2023 10:50,26.6
Kjevik,SN39040,02.02.2023 11:20,28.4
Kjevik,SN39040,02.02.2023 11:50,30.2
Kjevik,SN39040,02.02.2023 12:20,32.0
Kjevik,SN39040,02.02.2023 12:50,32.0
Kjevik,SN39040,02.02.2023 13:20,33.8
Kjevik,SN39040,02.02.2023 13:50,32.0
Kjevik,SN39040,02.02.2023 14:20,33.8
Kjevik,SN39040,02.02.2023 14:50,33.8
Kjevik,SN39040,02.02.2023 15:20,33.8
Kjevik,SN39040,02.02.2023 15:50,32.0
Kjevik,SN39040,02.02.2023 16:20,32.0
Kjevik,SN39040,02.02.2023 16:50,32.0
Kjevik,SN39040,02.02.2023 17:20,30.2
Kjevik,SN39040,02.02.2023 17:50,30.2
Kjevik,SN39040,02.02.2023 18:20,30.2
Kjevik,SN39040,02.02.2023 18:50,30.2
Kjevik,SN39040,02.02.2023 19:20,30.2
Kjevik,SN39040,02.02.2023 19:50,32.0
Kjevik,SN39040,02.02.2023 20:20,32.0
Kjevik,SN39040,02.02.2023 20:50,32.0
Kjevik,SN39040,02.02.2023 21:20,32.0
Kjevik,SN39040,02.02.2023 21:50,32.0
Kjevik,SN39040,02.02.2023 22:20,33.8
Kjevik,SN39040,02.02.2023 22:50,33.8
Kjevik,SN39040,02.02.2023 23:50,35.6
Kjevik,SN39040,03.02.2023 01:20,33.8
Kjevik,SN39040,03.02.2023 01:50,33.8
Kjevik,SN39040,03.02.2023 02:20,33.8
Kjevik,SN39040,03.02.2023 02:50,33.8
Kjevik,SN39040,03.02.2023 03:20,33.8
Kjevik,SN39040,03.02.2023 04:20,35.6
Kjevik,SN39040,03.02.2023 04:50,33.8
Kjevik,SN39040,03.02.2023 05:20,33.8
Kjevik,SN39040,03.02.2023 05:50,33.8
Kjevik,SN39040,03.02.2023 06:20,33.8
Kjevik,SN39040,03.02.2023 06:50,33.8
Kjevik,SN39040,03.02.2023 07:20,35.6
Kjevik,SN39040,03.02.2023 08:20,33.8
Kjevik,SN39040,03.02.2023 08:50,35.6
Kjevik,SN39040,03.02.2023 09:20,35.6
Kjevik,SN39040,03.02.2023 09:50,35.6
Kjevik,SN39040,03.02.2023 10:20,33.8
Kjevik,SN39040,03.02.2023 10:50,33.8
Kjevik,SN39040,03.02.2023 11:20,33.8
Kjevik,SN39040,03.02.2023 11:50,33.8
Kjevik,SN39040,03.02.2023 12:20,33.8
Kjevik,SN39040,03.02.2023 12:50,33.8
Kjevik,SN39040,03.02.2023 13:20,33.8
Kjevik,SN39040,03.02.2023 13:50,33.8
Kjevik,SN39040,03.02.2023 14:20,33.8
Kjevik,SN39040,03.02.2023 14:50,33.8
Kjevik,SN39040,03.02.2023 15:20,33.8
Kjevik,SN39040,03.02.2023 15:50,33.8
Kjevik,SN39040,03.02.2023 16:20,33.8
Kjevik,SN39040,03.02.2023 16:50,33.8
Kjevik,SN39040,03.02.2023 17:20,33.8
Kjevik,SN39040,03.02.2023 17:50,33.8
Kjevik,SN39040,03.02.2023 18:20,32.0
Kjevik,SN39040,03.02.2023 18:50,32.0
Kjevik,SN39040,03.02.2023 19:20,32.0
Kjevik,SN39040,03.02.2023 19:50,32.0
Kjevik,SN39040,03.02.2023 20:20,32.0
Kjevik,SN39040,03.02.2023 20:50,30.2
Kjevik,SN39040,03.02.2023 21:20,32.0
Kjevik,SN39040,03.02.2023 21:50,32.0
Kjevik,SN39040,03.02.2023 22:20,30.2
Kjevik,SN39040,03.02.2023 22:50,30.2
Kjevik,SN39040,03.02.2023 23:20,30.2
Kjevik,SN39040,03.02.2023 23:50,30.2
Kjevik,SN39040,04.02.2023 00:20,30.2
Kjevik,SN39040,04.02.2023 00:50,28.4
Kjevik,SN39040,04.02.2023 01:20,28.4
Kjevik,SN39040,04.02.2023 01:50,28.4
Kjevik,SN39040,04.02.2023 02:20,28.4
Kjevik,SN39040,04.02.2023 02:50,28.4
Kjevik,SN39040,04.02.2023 03:20,28.4
Kjevik,SN39040,04.02.2023 03:50,28.4
Kjevik,SN39040,04.02.2023 04:20,28.4
Kjevik,SN39040,04.02.2023 04:50,28.4
Kjevik,SN39040,04.02.2023 05:20,28.4
Kjevik,SN39040,04.02.2023 05:50,28.4
Kjevik,SN39040,04.02.2023 06:20,30.2
Kjevik,SN39040,04.02.2023 06:50,30.2
Kjevik,SN39040,04.02.2023 07:20,28.4
Kjevik,SN39040,04.02.2023 07:50,28.4
Kjevik,SN39040,04.02.2023 08:20,28.4
Kjevik,SN39040,04.02.2023 08:50,28.4
Kjevik,SN39040,04.02.2023 09:20,30.2
Kjevik,SN39040,04.02.2023 09:50,30.2
Kjevik,SN39040,04.02.2023 10:20,30.2
Kjevik,SN39040,04.02.2023 10:50,30.2
Kjevik,SN39040,04.02.2023 11:20,30.2
Kjevik,SN39040,04.02.2023 11:50,30.2
Kjevik,SN39040,04.02.2023 12:20,32.0
Kjevik,SN39040,04.02.2023 12:50,32.0
Kjevik,SN39040,04.02.2023 13:20,32.0
Kjevik,SN39040,04.02.2023 13:50,32.0
Kjevik,SN39040,04.02.2023 14:20,32.0
Kjevik,SN39040,04.02.2023 14:50,32.0
Kjevik,SN39040,04.02.2023 15:20,32.0
Kjevik,SN39040,04.02.2023 15:50,33.8
Kjevik,SN39040,04.02.2023 16:20,33.8
Kjevik,SN39040,04.02.2023 16:50,33.8
Kjevik,SN39040,04.02.2023 17:20,33.8
Kjevik,SN39040,04.02.2023 17:50,33.8
Kjevik,SN39040,04.02.2023 18:20,35.6
Kjevik,SN39040,04.02.2023 18:50,35.6
Kjevik,SN39040,04.02.2023 19:20,35.6
Kjevik,SN39040,04.02.2023 19:50,35.6
Kjevik,SN39040,04.02.2023 20:20,35.6
Kjevik,SN39040,04.02.2023 20:50,37.4
Kjevik,SN39040,04.02.2023 21:20,37.4
Kjevik,SN39040,04.02.2023 21:50,37.4
Kjevik,SN39040,04.02.2023 22:20,37.4
Kjevik,SN39040,04.02.2023 22:50,37.4
Kjevik,SN39040,04.02.2023 23:20,37.4
Kjevik,SN39040,04.02.2023 23:50,35.6
Kjevik,SN39040,05.02.2023 00:20,35.6
Kjevik,SN39040,05.02.2023 00:50,37.4
Kjevik,SN39040,05.02.2023 01:20,37.4
Kjevik,SN39040,05.02.2023 01:50,39.2
Kjevik,SN39040,05.02.2023 02:20,39.2
Kjevik,SN39040,05.02.2023 02:50,39.2
Kjevik,SN39040,05.02.2023 03:20,39.2
Kjevik,SN39040,05.02.2023 03:50,41.0
Kjevik,SN39040,05.02.2023 04:20,41.0
Kjevik,SN39040,05.02.2023 06:50,37.4
Kjevik,SN39040,05.02.2023 07:20,37.4
Kjevik,SN39040,05.02.2023 07:50,39.2
Kjevik,SN39040,05.02.2023 08:20,37.4
Kjevik,SN39040,05.02.2023 08:50,37.4
Kjevik,SN39040,05.02.2023 09:20,39.2
Kjevik,SN39040,05.02.2023 09:50,39.2
Kjevik,SN39040,05.02.2023 10:20,39.2
Kjevik,SN39040,05.02.2023 10:50,41.0
Kjevik,SN39040,05.02.2023 11:20,41.0
Kjevik,SN39040,05.02.2023 11:50,42.8
Kjevik,SN39040,05.02.2023 12:20,42.8
Kjevik,SN39040,05.02.2023 12:50,42.8
Kjevik,SN39040,05.02.2023 13:20,42.8
Kjevik,SN39040,05.02.2023 13:50,42.8
Kjevik,SN39040,05.02.2023 14:20,42.8
Kjevik,SN39040,05.02.2023 14:50,44.6
Kjevik,SN39040,05.02.2023 15:20,42.8
Kjevik,SN39040,05.02.2023 15:50,42.8
Kjevik,SN39040,05.02.2023 16:20,42.8
Kjevik,SN39040,05.02.2023 16:50,42.8
Kjevik,SN39040,05.02.2023 17:20,39.2
Kjevik,SN39040,05.02.2023 17:50,35.6
Kjevik,SN39040,05.02.2023 18:20,33.8
Kjevik,SN39040,05.02.2023 18:50,32.0
Kjevik,SN39040,05.02.2023 19:20,30.2
Kjevik,SN39040,05.02.2023 19:50,32.0
Kjevik,SN39040,05.02.2023 20:20,32.0
Kjevik,SN39040,05.02.2023 20:50,32.0
Kjevik,SN39040,05.02.2023 21:20,32.0
Kjevik,SN39040,05.02.2023 21:50,32.0
Kjevik,SN39040,05.02.2023 22:20,32.0
Kjevik,SN39040,05.02.2023 22:50,32.0
Kjevik,SN39040,05.02.2023 23:20,32.0
Kjevik,SN39040,05.02.2023 23:50,30.2
Kjevik,SN39040,06.02.2023 00:20,32.0
Kjevik,SN39040,06.02.2023 00:50,30.2
Kjevik,SN39040,06.02.2023 01:20,30.2
Kjevik,SN39040,06.02.2023 01:50,32.0
Kjevik,SN39040,06.02.2023 02:20,32.0
Kjevik,SN39040,06.02.2023 02:50,32.0
Kjevik,SN39040,06.02.2023 03:20,30.2
Kjevik,SN39040,06.02.2023 03:50,30.2
Kjevik,SN39040,06.02.2023 04:20,30.2
Kjevik,SN39040,06.02.2023 04:50,32.0
Kjevik,SN39040,06.02.2023 05:20,32.0
Kjevik,SN39040,06.02.2023 05:50,32.0
Kjevik,SN39040,06.02.2023 06:20,32.0
Kjevik,SN39040,06.02.2023 06:50,30.2
Kjevik,SN39040,06.02.2023 07:20,32.0
Kjevik,SN39040,06.02.2023 07:50,30.2
Kjevik,SN39040,06.02.2023 08:20,28.4
Kjevik,SN39040,06.02.2023 08:50,32.0
Kjevik,SN39040,06.02.2023 09:20,32.0
Kjevik,SN39040,06.02.2023 09:50,32.0
Kjevik,SN39040,06.02.2023 10:20,33.8
Kjevik,SN39040,06.02.2023 10:50,33.8
Kjevik,SN39040,06.02.2023 11:20,35.6
Kjevik,SN39040,06.02.2023 11:50,35.6
Kjevik,SN39040,06.02.2023 12:20,35.6
Kjevik,SN39040,06.02.2023 12:50,35.6
Kjevik,SN39040,06.02.2023 13:20,37.4
Kjevik,SN39040,06.02.2023 13:50,37.4
Kjevik,SN39040,06.02.2023 14:20,37.4
Kjevik,SN39040,06.02.2023 14:50,39.2
Kjevik,SN39040,06.02.2023 15:20,39.2
Kjevik,SN39040,06.02.2023 15:50,37.4
Kjevik,SN39040,06.02.2023 16:20,39.2
Kjevik,SN39040,06.02.2023 16:50,41.0
Kjevik,SN39040,06.02.2023 17:20,39.2
Kjevik,SN39040,06.02.2023 17:50,39.2
Kjevik,SN39040,06.02.2023 18:20,39.2
Kjevik,SN39040,06.02.2023 18:50,39.2
Kjevik,SN39040,06.02.2023 19:20,39.2
Kjevik,SN39040,06.02.2023 19:50,37.4
Kjevik,SN39040,06.02.2023 20:20,37.4
Kjevik,SN39040,06.02.2023 20:50,37.4
Kjevik,SN39040,06.02.2023 21:20,37.4
Kjevik,SN39040,06.02.2023 21:50,37.4
Kjevik,SN39040,06.02.2023 22:20,37.4
Kjevik,SN39040,06.02.2023 22:50,39.2
Kjevik,SN39040,06.02.2023 23:20,37.4
Kjevik,SN39040,06.02.2023 23:50,39.2
Kjevik,SN39040,07.02.2023 00:50,39.2
Kjevik,SN39040,07.02.2023 01:20,39.2
Kjevik,SN39040,07.02.2023 02:20,37.4
Kjevik,SN39040,07.02.2023 02:50,35.6
Kjevik,SN39040,07.02.2023 03:20,35.6
Kjevik,SN39040,07.02.2023 03:50,35.6
Kjevik,SN39040,07.02.2023 04:20,35.6
Kjevik,SN39040,07.02.2023 05:20,35.6
Kjevik,SN39040,07.02.2023 05:50,33.8
Kjevik,SN39040,07.02.2023 06:20,35.6
Kjevik,SN39040,07.02.2023 06:50,35.6
Kjevik,SN39040,07.02.2023 07:20,35.6
Kjevik,SN39040,07.02.2023 07:50,35.6
Kjevik,SN39040,07.02.2023 08:20,35.6
Kjevik,SN39040,07.02.2023 08:50,35.6
Kjevik,SN39040,07.02.2023 09:20,37.4
Kjevik,SN39040,07.02.2023 09:50,37.4
Kjevik,SN39040,07.02.2023 10:20,39.2
Kjevik,SN39040,07.02.2023 10:50,39.2
Kjevik,SN39040,07.02.2023 11:20,42.8
Kjevik,SN39040,07.02.2023 11:50,42.8
Kjevik,SN39040,07.02.2023 12:20,42.8
Kjevik,SN39040,07.02.2023 12:50,41.0
Kjevik,SN39040,07.02.2023 13:20,41.0
Kjevik,SN39040,07.02.2023 13:50,41.0
Kjevik,SN39040,07.02.2023 14:20,41.0
Kjevik,SN39040,07.02.2023 14:50,41.0
Kjevik,SN39040,07.02.2023 15:20,41.0
Kjevik,SN39040,07.02.2023 15:50,41.0
Kjevik,SN39040,07.02.2023 16:20,41.0
Kjevik,SN39040,07.02.2023 16:50,41.0
Kjevik,SN39040,07.02.2023 17:20,41.0
Kjevik,SN39040,07.02.2023 17:50,39.2
Kjevik,SN39040,07.02.2023 18:20,41.0
Kjevik,SN39040,07.02.2023 18:50,39.2
Kjevik,SN39040,07.02.2023 19:20,39.2
Kjevik,SN39040,07.02.2023 19:50,37.4
Kjevik,SN39040,07.02.2023 20:20,35.6
Kjevik,SN39040,07.02.2023 20:50,37.4
Kjevik,SN39040,07.02.2023 21:20,35.6
Kjevik,SN39040,07.02.2023 21:50,35.6
Kjevik,SN39040,07.02.2023 22:20,35.6
Kjevik,SN39040,07.02.2023 22:50,37.4
Kjevik,SN39040,07.02.2023 23:20,37.4
Kjevik,SN39040,07.02.2023 23:50,37.4
Kjevik,SN39040,08.02.2023 00:50,37.4
Kjevik,SN39040,08.02.2023 01:20,39.2
Kjevik,SN39040,08.02.2023 01:50,39.2
Kjevik,SN39040,08.02.2023 02:20,39.2
Kjevik,SN39040,08.02.2023 02:50,39.2
Kjevik,SN39040,08.02.2023 03:20,39.2
Kjevik,SN39040,08.02.2023 03:50,41.0
Kjevik,SN39040,08.02.2023 04:20,39.2
Kjevik,SN39040,08.02.2023 04:50,39.2
Kjevik,SN39040,08.02.2023 05:20,39.2
Kjevik,SN39040,08.02.2023 05:50,39.2
Kjevik,SN39040,08.02.2023 06:20,41.0
Kjevik,SN39040,08.02.2023 06:50,41.0
Kjevik,SN39040,08.02.2023 07:20,41.0
Kjevik,SN39040,08.02.2023 07:50,41.0
Kjevik,SN39040,08.02.2023 08:20,41.0
Kjevik,SN39040,08.02.2023 08:50,41.0
Kjevik,SN39040,08.02.2023 09:20,41.0
Kjevik,SN39040,08.02.2023 09:50,41.0
Kjevik,SN39040,08.02.2023 10:20,41.0
Kjevik,SN39040,08.02.2023 10:50,41.0
Kjevik,SN39040,08.02.2023 11:20,41.0
Kjevik,SN39040,08.02.2023 11:50,42.8
Kjevik,SN39040,08.02.2023 12:20,41.0
Kjevik,SN39040,08.02.2023 12:50,41.0
Kjevik,SN39040,08.02.2023 13:20,41.0
Kjevik,SN39040,08.02.2023 13:50,42.8
Kjevik,SN39040,08.02.2023 14:20,42.8
Kjevik,SN39040,08.02.2023 14:50,41.0
Kjevik,SN39040,08.02.2023 15:20,41.0
Kjevik,SN39040,08.02.2023 15:50,42.8
Kjevik,SN39040,08.02.2023 16:20,41.0
Kjevik,SN39040,08.02.2023 16:50,41.0
Kjevik,SN39040,08.02.2023 17:20,41.0
Kjevik,SN39040,08.02.2023 17:50,41.0
Kjevik,SN39040,08.02.2023 18:20,41.0
Kjevik,SN39040,08.02.2023 18:50,41.0
Kjevik,SN39040,08.02.2023 19:20,41.0
Kjevik,SN39040,08.02.2023 19:50,41.0
Kjevik,SN39040,08.02.2023 20:20,41.0
Kjevik,SN39040,08.02.2023 20:50,41.0
Kjevik,SN39040,08.02.2023 21:20,41.0
Kjevik,SN39040,08.02.2023 21:50,41.0
Kjevik,SN39040,08.02.2023 22:20,41.0
Kjevik,SN39040,08.02.2023 22:50,41.0
Kjevik,SN39040,08.02.2023 23:20,41.0
Kjevik,SN39040,08.02.2023 23:50,41.0
Kjevik,SN39040,09.02.2023 00:20,41.0
Kjevik,SN39040,09.02.2023 00:50,41.0
Kjevik,SN39040,09.02.2023 01:20,42.8
Kjevik,SN39040,09.02.2023 01:50,42.8
Kjevik,SN39040,09.02.2023 02:20,42.8
Kjevik,SN39040,09.02.2023 02:50,42.8
Kjevik,SN39040,09.02.2023 03:20,42.8
Kjevik,SN39040,09.02.2023 03:50,42.8
Kjevik,SN39040,09.02.2023 04:50,44.6
Kjevik,SN39040,09.02.2023 05:20,42.8
Kjevik,SN39040,09.02.2023 05:50,42.8
Kjevik,SN39040,09.02.2023 06:20,41.0
Kjevik,SN39040,09.02.2023 06:50,39.2
Kjevik,SN39040,09.02.2023 07:20,39.2
Kjevik,SN39040,09.02.2023 07:50,39.2
Kjevik,SN39040,09.02.2023 08:20,39.2
Kjevik,SN39040,09.02.2023 08:50,39.2
Kjevik,SN39040,09.02.2023 09:20,39.2
Kjevik,SN39040,09.02.2023 09:50,41.0
Kjevik,SN39040,09.02.2023 10:20,41.0
Kjevik,SN39040,09.02.2023 10:50,42.8
Kjevik,SN39040,09.02.2023 11:20,42.8
Kjevik,SN39040,09.02.2023 11:50,42.8
Kjevik,SN39040,09.02.2023 12:20,44.6
Kjevik,SN39040,09.02.2023 12:50,44.6
Kjevik,SN39040,09.02.2023 13:20,46.4
Kjevik,SN39040,09.02.2023 13:50,41.0
Kjevik,SN39040,09.02.2023 14:20,42.8
Kjevik,SN39040,09.02.2023 14:50,42.8
Kjevik,SN39040,09.02.2023 15:20,42.8
Kjevik,SN39040,09.02.2023 15:50,42.8
Kjevik,SN39040,09.02.2023 16:20,42.8
Kjevik,SN39040,09.02.2023 16:50,42.8
Kjevik,SN39040,09.02.2023 17:20,42.8
Kjevik,SN39040,09.02.2023 17:50,37.4
Kjevik,SN39040,09.02.2023 18:20,39.2
Kjevik,SN39040,09.02.2023 18:50,39.2
Kjevik,SN39040,09.02.2023 19:20,39.2
Kjevik,SN39040,09.02.2023 19:50,39.2
Kjevik,SN39040,09.02.2023 20:20,39.2
Kjevik,SN39040,09.02.2023 20:50,39.2
Kjevik,SN39040,09.02.2023 21:20,37.4
Kjevik,SN39040,09.02.2023 21:50,37.4
Kjevik,SN39040,09.02.2023 22:20,37.4
Kjevik,SN39040,09.02.2023 22:50,37.4
Kjevik,SN39040,09.02.2023 23:20,37.4
Kjevik,SN39040,09.02.2023 23:50,37.4
Kjevik,SN39040,10.02.2023 00:20,37.4
Kjevik,SN39040,10.02.2023 00:50,35.6
Kjevik,SN39040,10.02.2023 01:20,35.6
Kjevik,SN39040,10.02.2023 01:50,35.6
Kjevik,SN39040,10.02.2023 02:20,35.6
Kjevik,SN39040,10.02.2023 02:50,33.8
Kjevik,SN39040,10.02.2023 03:20,32.0
Kjevik,SN39040,10.02.2023 03:50,28.4
Kjevik,SN39040,10.02.2023 04:20,28.4
Kjevik,SN39040,10.02.2023 04:50,26.6
Kjevik,SN39040,10.02.2023 05:20,24.8
Kjevik,SN39040,10.02.2023 05:50,24.8
Kjevik,SN39040,10.02.2023 06:20,24.8
Kjevik,SN39040,10.02.2023 06:50,24.8
Kjevik,SN39040,10.02.2023 07:20,24.8
Kjevik,SN39040,10.02.2023 07:50,26.6
Kjevik,SN39040,10.02.2023 08:20,24.8
Kjevik,SN39040,10.02.2023 08:50,24.8
Kjevik,SN39040,10.02.2023 09:20,28.4
Kjevik,SN39040,10.02.2023 09:50,30.2
Kjevik,SN39040,10.02.2023 10:20,30.2
Kjevik,SN39040,10.02.2023 10:50,30.2
Kjevik,SN39040,10.02.2023 11:20,32.0
Kjevik,SN39040,10.02.2023 11:50,32.0
Kjevik,SN39040,10.02.2023 12:20,33.8
Kjevik,SN39040,10.02.2023 12:50,33.8
Kjevik,SN39040,10.02.2023 13:20,37.4
Kjevik,SN39040,10.02.2023 13:50,42.8
Kjevik,SN39040,10.02.2023 14:20,42.8
Kjevik,SN39040,10.02.2023 14:50,42.8
Kjevik,SN39040,10.02.2023 15:20,42.8
Kjevik,SN39040,10.02.2023 15:50,42.8
Kjevik,SN39040,10.02.2023 16:20,42.8
Kjevik,SN39040,10.02.2023 16:50,42.8
Kjevik,SN39040,10.02.2023 17:20,42.8
Kjevik,SN39040,10.02.2023 17:50,42.8
Kjevik,SN39040,10.02.2023 18:20,44.6
Kjevik,SN39040,10.02.2023 18:50,46.4
Kjevik,SN39040,10.02.2023 19:20,46.4
Kjevik,SN39040,10.02.2023 19:50,48.2
Kjevik,SN39040,10.02.2023 20:20,48.2
Kjevik,SN39040,10.02.2023 20:50,48.2
Kjevik,SN39040,10.02.2023 21:20,48.2
Kjevik,SN39040,10.02.2023 21:50,48.2
Kjevik,SN39040,10.02.2023 22:20,48.2
Kjevik,SN39040,10.02.2023 22:50,48.2
Kjevik,SN39040,10.02.2023 23:20,48.2
Kjevik,SN39040,10.02.2023 23:50,48.2
Kjevik,SN39040,11.02.2023 00:20,48.2
Kjevik,SN39040,11.02.2023 00:50,48.2
Kjevik,SN39040,11.02.2023 01:20,48.2
Kjevik,SN39040,11.02.2023 01:50,48.2
Kjevik,SN39040,11.02.2023 02:20,48.2
Kjevik,SN39040,11.02.2023 02:50,48.2
Kjevik,SN39040,11.02.2023 03:20,48.2
Kjevik,SN39040,11.02.2023 03:50,48.2
Kjevik,SN39040,11.02.2023 04:20,48.2
Kjevik,SN39040,11.02.2023 04:50,48.2
Kjevik,SN39040,11.02.2023 05:20,48.2
Kjevik,SN39040,11.02.2023 05:50,48.2
Kjevik,SN39040,11.02.2023 06:20,48.2
Kjevik,SN39040,11.02.2023 06:50,48.2
Kjevik,SN39040,11.02.2023 07:20,48.2
Kjevik,SN39040,11.02.2023 07:50,48.2
Kjevik,SN39040,11.02.2023 08:20,46.4
Kjevik,SN39040,11.02.2023 08:50,46.4
Kjevik,SN39040,11.02.2023 09:20,46.4
Kjevik,SN39040,11.02.2023 09:50,46.4
Kjevik,SN39040,11.02.2023 10:20,46.4
Kjevik,SN39040,11.02.2023 10:50,48.2
Kjevik,SN39040,11.02.2023 11:20,48.2
Kjevik,SN39040,11.02.2023 11:50,48.2
Kjevik,SN39040,11.02.2023 12:20,50.0
Kjevik,SN39040,11.02.2023 12:50,48.2
Kjevik,SN39040,11.02.2023 13:20,50.0
Kjevik,SN39040,11.02.2023 13:50,50.0
Kjevik,SN39040,11.02.2023 14:20,50.0
Kjevik,SN39040,11.02.2023 14:50,50.0
Kjevik,SN39040,11.02.2023 15:20,50.0
Kjevik,SN39040,11.02.2023 15:50,50.0
Kjevik,SN39040,11.02.2023 16:20,48.2
Kjevik,SN39040,11.02.2023 16:50,46.4
Kjevik,SN39040,11.02.2023 17:20,46.4
Kjevik,SN39040,11.02.2023 17:50,44.6
Kjevik,SN39040,11.02.2023 18:20,46.4
Kjevik,SN39040,11.02.2023 18:50,42.8
Kjevik,SN39040,11.02.2023 19:20,42.8
Kjevik,SN39040,11.02.2023 19:50,44.6
Kjevik,SN39040,11.02.2023 20:20,42.8
Kjevik,SN39040,11.02.2023 20:50,44.6
Kjevik,SN39040,11.02.2023 21:20,42.8
Kjevik,SN39040,11.02.2023 21:50,42.8
Kjevik,SN39040,11.02.2023 22:20,42.8
Kjevik,SN39040,11.02.2023 22:50,42.8
Kjevik,SN39040,11.02.2023 23:20,42.8
Kjevik,SN39040,11.02.2023 23:50,42.8
Kjevik,SN39040,12.02.2023 00:20,42.8
Kjevik,SN39040,12.02.2023 00:50,41.0
Kjevik,SN39040,12.02.2023 01:20,42.8
Kjevik,SN39040,12.02.2023 01:50,42.8
Kjevik,SN39040,12.02.2023 02:50,42.8
Kjevik,SN39040,12.02.2023 03:20,42.8
Kjevik,SN39040,12.02.2023 03:50,39.2
Kjevik,SN39040,12.02.2023 04:20,39.2
Kjevik,SN39040,12.02.2023 04:50,39.2
Kjevik,SN39040,12.02.2023 05:20,41.0
Kjevik,SN39040,12.02.2023 05:50,41.0
Kjevik,SN39040,12.02.2023 06:20,41.0
Kjevik,SN39040,12.02.2023 06:50,41.0
Kjevik,SN39040,12.02.2023 07:20,41.0
Kjevik,SN39040,12.02.2023 07:50,39.2
Kjevik,SN39040,12.02.2023 08:20,39.2
Kjevik,SN39040,12.02.2023 08:50,42.8
Kjevik,SN39040,12.02.2023 09:20,42.8
Kjevik,SN39040,12.02.2023 09:50,42.8
Kjevik,SN39040,12.02.2023 10:20,42.8
Kjevik,SN39040,12.02.2023 10:50,44.6
Kjevik,SN39040,12.02.2023 11:20,46.4
Kjevik,SN39040,12.02.2023 11:50,48.2
Kjevik,SN39040,12.02.2023 12:20,48.2
Kjevik,SN39040,15.02.2023 00:50,41.0
Kjevik,SN39040,15.02.2023 01:20,41.0
Kjevik,SN39040,15.02.2023 01:50,39.2
Kjevik,SN39040,15.02.2023 02:20,41.0
Kjevik,SN39040,15.02.2023 05:20,39.2
Kjevik,SN39040,15.02.2023 05:50,39.2
Kjevik,SN39040,15.02.2023 06:20,39.2
Kjevik,SN39040,15.02.2023 06:50,39.2
Kjevik,SN39040,15.02.2023 07:20,39.2
Kjevik,SN39040,15.02.2023 07:50,39.2
Kjevik,SN39040,15.02.2023 08:20,39.2
Kjevik,SN39040,15.02.2023 08:50,39.2
Kjevik,SN39040,15.02.2023 09:20,39.2
Kjevik,SN39040,15.02.2023 09:50,41.0
Kjevik,SN39040,15.02.2023 10:20,41.0
Kjevik,SN39040,15.02.2023 10:50,41.0
Kjevik,SN39040,15.02.2023 11:20,41.0
Kjevik,SN39040,15.02.2023 11:50,41.0
Kjevik,SN39040,15.02.2023 12:20,41.0
Kjevik,SN39040,15.02.2023 12:50,42.8
Kjevik,SN39040,15.02.2023 13:20,42.8
Kjevik,SN39040,15.02.2023 13:50,42.8
Kjevik,SN39040,15.02.2023 14:20,41.0
Kjevik,SN39040,15.02.2023 14:50,41.0
Kjevik,SN39040,15.02.2023 15:20,41.0
Kjevik,SN39040,15.02.2023 15:50,41.0
Kjevik,SN39040,15.02.2023 16:20,41.0
Kjevik,SN39040,15.02.2023 16:50,41.0
Kjevik,SN39040,15.02.2023 17:20,41.0
Kjevik,SN39040,15.02.2023 17:50,41.0
Kjevik,SN39040,15.02.2023 18:20,41.0
Kjevik,SN39040,15.02.2023 18:50,41.0
Kjevik,SN39040,15.02.2023 19:20,41.0
Kjevik,SN39040,15.02.2023 19:50,39.2
Kjevik,SN39040,15.02.2023 20:20,41.0
Kjevik,SN39040,15.02.2023 20:50,41.0
Kjevik,SN39040,15.02.2023 21:20,41.0
Kjevik,SN39040,15.02.2023 21:50,41.0
Kjevik,SN39040,15.02.2023 22:20,41.0
Kjevik,SN39040,15.02.2023 22:50,41.0
Kjevik,SN39040,15.02.2023 23:20,41.0
Kjevik,SN39040,15.02.2023 23:50,41.0
Kjevik,SN39040,16.02.2023 00:20,39.2
Kjevik,SN39040,16.02.2023 00:50,41.0
Kjevik,SN39040,16.02.2023 01:20,39.2
Kjevik,SN39040,16.02.2023 01:50,39.2
Kjevik,SN39040,16.02.2023 02:20,39.2
Kjevik,SN39040,16.02.2023 02:50,39.2
Kjevik,SN39040,16.02.2023 03:20,39.2
Kjevik,SN39040,16.02.2023 03:50,37.4
Kjevik,SN39040,16.02.2023 04:20,37.4
Kjevik,SN39040,16.02.2023 04:50,37.4
Kjevik,SN39040,16.02.2023 05:20,35.6
Kjevik,SN39040,16.02.2023 05:50,35.6
Kjevik,SN39040,16.02.2023 06:20,35.6
Kjevik,SN39040,16.02.2023 06:50,35.6
Kjevik,SN39040,16.02.2023 07:20,37.4
Kjevik,SN39040,16.02.2023 07:50,35.6
Kjevik,SN39040,16.02.2023 08:20,35.6
Kjevik,SN39040,16.02.2023 08:50,37.4
Kjevik,SN39040,16.02.2023 09:20,39.2
Kjevik,SN39040,16.02.2023 09:50,41.0
Kjevik,SN39040,16.02.2023 10:20,41.0
Kjevik,SN39040,16.02.2023 10:50,42.8
Kjevik,SN39040,16.02.2023 11:20,42.8
Kjevik,SN39040,16.02.2023 11:50,44.6
Kjevik,SN39040,16.02.2023 12:20,46.4
Kjevik,SN39040,16.02.2023 12:50,46.4
Kjevik,SN39040,16.02.2023 13:20,46.4
Kjevik,SN39040,16.02.2023 13:50,46.4
Kjevik,SN39040,16.02.2023 14:20,44.6
Kjevik,SN39040,16.02.2023 14:50,46.4
Kjevik,SN39040,16.02.2023 15:20,46.4
Kjevik,SN39040,16.02.2023 15:50,44.6
Kjevik,SN39040,16.02.2023 16:20,46.4
Kjevik,SN39040,16.02.2023 16:50,42.8
Kjevik,SN39040,16.02.2023 17:20,42.8
Kjevik,SN39040,16.02.2023 17:50,42.8
Kjevik,SN39040,16.02.2023 18:20,42.8
Kjevik,SN39040,16.02.2023 18:50,42.8
Kjevik,SN39040,16.02.2023 19:20,42.8
Kjevik,SN39040,16.02.2023 19:50,42.8
Kjevik,SN39040,16.02.2023 20:20,42.8
Kjevik,SN39040,16.02.2023 20:50,42.8
Kjevik,SN39040,16.02.2023 21:20,42.8
Kjevik,SN39040,16.02.2023 21:50,42.8
Kjevik,SN39040,16.02.2023 22:20,42.8
Kjevik,SN39040,16.02.2023 22:50,42.8
Kjevik,SN39040,16.02.2023 23:20,42.8
Kjevik,SN39040,17.02.2023 01:20,41.0
Kjevik,SN39040,17.02.2023 02:50,41.0
Kjevik,SN39040,17.02.2023 03:20,42.8
Kjevik,SN39040,17.02.2023 04:20,42.8
Kjevik,SN39040,17.02.2023 04:50,42.8
Kjevik,SN39040,17.02.2023 05:20,41.0
Kjevik,SN39040,17.02.2023 05:50,41.0
Kjevik,SN39040,17.02.2023 06:20,41.0
Kjevik,SN39040,17.02.2023 06:50,41.0
Kjevik,SN39040,17.02.2023 07:20,42.8
Kjevik,SN39040,17.02.2023 07:50,42.8
Kjevik,SN39040,17.02.2023 08:20,42.8
Kjevik,SN39040,17.02.2023 08:50,42.8
Kjevik,SN39040,17.02.2023 09:20,42.8
Kjevik,SN39040,17.02.2023 09:50,42.8
Kjevik,SN39040,17.02.2023 10:20,44.6
Kjevik,SN39040,17.02.2023 10:50,44.6
Kjevik,SN39040,17.02.2023 11:20,46.4
Kjevik,SN39040,17.02.2023 11:50,46.4
Kjevik,SN39040,17.02.2023 12:20,48.2
Kjevik,SN39040,17.02.2023 12:50,48.2
Kjevik,SN39040,17.02.2023 13:20,46.4
Kjevik,SN39040,17.02.2023 13:50,44.6
Kjevik,SN39040,17.02.2023 14:20,44.6
Kjevik,SN39040,17.02.2023 14:50,46.4
Kjevik,SN39040,17.02.2023 15:20,46.4
Kjevik,SN39040,17.02.2023 15:50,46.4
Kjevik,SN39040,17.02.2023 16:20,46.4
Kjevik,SN39040,17.02.2023 16:50,48.2
Kjevik,SN39040,17.02.2023 17:20,46.4
Kjevik,SN39040,17.02.2023 17:50,46.4
Kjevik,SN39040,17.02.2023 18:20,46.4
Kjevik,SN39040,17.02.2023 18:50,46.4
Kjevik,SN39040,17.02.2023 19:20,46.4
Kjevik,SN39040,17.02.2023 19:50,46.4
Kjevik,SN39040,17.02.2023 20:20,44.6
Kjevik,SN39040,17.02.2023 20:50,44.6
Kjevik,SN39040,17.02.2023 21:20,44.6
Kjevik,SN39040,17.02.2023 21:50,42.8
Kjevik,SN39040,17.02.2023 22:20,42.8
Kjevik,SN39040,17.02.2023 22:50,42.8
Kjevik,SN39040,17.02.2023 23:20,42.8
Kjevik,SN39040,17.02.2023 23:50,42.8
Kjevik,SN39040,18.02.2023 00:20,42.8
Kjevik,SN39040,18.02.2023 00:50,41.0
Kjevik,SN39040,18.02.2023 01:20,41.0
Kjevik,SN39040,18.02.2023 01:50,41.0
Kjevik,SN39040,18.02.2023 02:20,41.0
Kjevik,SN39040,18.02.2023 02:50,39.2
Kjevik,SN39040,18.02.2023 03:20,37.4
Kjevik,SN39040,18.02.2023 03:50,39.2
Kjevik,SN39040,18.02.2023 04:20,37.4
Kjevik,SN39040,18.02.2023 04:50,35.6
Kjevik,SN39040,18.02.2023 05:20,32.0
Kjevik,SN39040,18.02.2023 05:50,33.8
Kjevik,SN39040,18.02.2023 06:20,37.4
Kjevik,SN39040,18.02.2023 06:50,35.6
Kjevik,SN39040,18.02.2023 07:20,35.6
Kjevik,SN39040,18.02.2023 07:50,35.6
Kjevik,SN39040,18.02.2023 08:20,35.6
Kjevik,SN39040,18.02.2023 08:50,33.8
Kjevik,SN39040,18.02.2023 09:20,35.6
Kjevik,SN39040,18.02.2023 09:50,37.4
Kjevik,SN39040,18.02.2023 10:20,39.2
Kjevik,SN39040,18.02.2023 10:50,39.2
Kjevik,SN39040,18.02.2023 11:20,39.2
Kjevik,SN39040,18.02.2023 11:50,41.0
Kjevik,SN39040,18.02.2023 12:20,42.8
Kjevik,SN39040,18.02.2023 12:50,42.8
Kjevik,SN39040,18.02.2023 13:20,42.8
Kjevik,SN39040,18.02.2023 13:50,42.8
Kjevik,SN39040,18.02.2023 14:20,42.8
Kjevik,SN39040,18.02.2023 14:50,42.8
Kjevik,SN39040,18.02.2023 15:20,42.8
Kjevik,SN39040,18.02.2023 15:50,42.8
Kjevik,SN39040,18.02.2023 16:20,42.8
Kjevik,SN39040,18.02.2023 16:50,41.0
Kjevik,SN39040,18.02.2023 17:20,41.0
Kjevik,SN39040,18.02.2023 17:50,39.2
Kjevik,SN39040,18.02.2023 18:20,37.4
Kjevik,SN39040,18.02.2023 18:50,35.6
Kjevik,SN39040,18.02.2023 19:20,33.8
Kjevik,SN39040,18.02.2023 19:50,33.8
Kjevik,SN39040,18.02.2023 20:20,32.0
Kjevik,SN39040,18.02.2023 20:50,30.2
Kjevik,SN39040,18.02.2023 21:20,30.2
Kjevik,SN39040,18.02.2023 21:50,30.2
Kjevik,SN39040,18.02.2023 22:20,28.4
Kjevik,SN39040,18.02.2023 22:50,33.8
Kjevik,SN39040,18.02.2023 23:20,35.6
Kjevik,SN39040,18.02.2023 23:50,33.8
Kjevik,SN39040,19.02.2023 00:20,32.0
Kjevik,SN39040,19.02.2023 00:50,32.0
Kjevik,SN39040,19.02.2023 01:20,33.8
Kjevik,SN39040,19.02.2023 01:50,33.8
Kjevik,SN39040,19.02.2023 02:20,33.8
Kjevik,SN39040,19.02.2023 02:50,33.8
Kjevik,SN39040,19.02.2023 03:20,33.8
Kjevik,SN39040,19.02.2023 03:50,33.8
Kjevik,SN39040,19.02.2023 04:20,33.8
Kjevik,SN39040,19.02.2023 04:50,33.8
Kjevik,SN39040,19.02.2023 05:20,33.8
Kjevik,SN39040,19.02.2023 05:50,33.8
Kjevik,SN39040,19.02.2023 06:20,33.8
Kjevik,SN39040,19.02.2023 06:50,33.8
Kjevik,SN39040,19.02.2023 07:20,35.6
Kjevik,SN39040,19.02.2023 07:50,35.6
Kjevik,SN39040,19.02.2023 08:20,35.6
Kjevik,SN39040,19.02.2023 08:50,35.6
Kjevik,SN39040,19.02.2023 09:20,33.8
Kjevik,SN39040,19.02.2023 09:50,35.6
Kjevik,SN39040,19.02.2023 10:20,37.4
Kjevik,SN39040,19.02.2023 10:50,37.4
Kjevik,SN39040,19.02.2023 11:20,41.0
Kjevik,SN39040,19.02.2023 11:50,41.0
Kjevik,SN39040,19.02.2023 12:20,44.6
Kjevik,SN39040,19.02.2023 12:50,44.6
Kjevik,SN39040,19.02.2023 13:20,42.8
Kjevik,SN39040,19.02.2023 13:50,42.8
Kjevik,SN39040,19.02.2023 14:20,44.6
Kjevik,SN39040,19.02.2023 14:50,42.8
Kjevik,SN39040,19.02.2023 15:20,42.8
Kjevik,SN39040,19.02.2023 15:50,42.8
Kjevik,SN39040,19.02.2023 16:20,42.8
Kjevik,SN39040,19.02.2023 16:50,42.8
Kjevik,SN39040,19.02.2023 17:20,41.0
Kjevik,SN39040,19.02.2023 17:50,41.0
Kjevik,SN39040,19.02.2023 18:20,39.2
Kjevik,SN39040,19.02.2023 18:50,39.2
Kjevik,SN39040,19.02.2023 19:20,41.0
Kjevik,SN39040,19.02.2023 19:50,41.0
Kjevik,SN39040,19.02.2023 20:20,39.2
Kjevik,SN39040,19.02.2023 20:50,39.2
Kjevik,SN39040,19.02.2023 21:20,41.0
Kjevik,SN39040,19.02.2023 21:50,39.2
Kjevik,SN39040,19.02.2023 22:20,39.2
Kjevik,SN39040,19.02.2023 22:50,41.0
Kjevik,SN39040,19.02.2023 23:20,42.8
Kjevik,SN39040,19.02.2023 23:50,42.8
Kjevik,SN39040,20.02.2023 00:50,44.6
Kjevik,SN39040,20.02.2023 01:20,44.6
Kjevik,SN39040,20.02.2023 02:20,44.6
Kjevik,SN39040,20.02.2023 04:20,46.4
Kjevik,SN39040,20.02.2023 05:20,46.4
Kjevik,SN39040,20.02.2023 05:50,46.4
Kjevik,SN39040,20.02.2023 06:20,48.2
Kjevik,SN39040,20.02.2023 06:50,48.2
Kjevik,SN39040,20.02.2023 07:20,48.2
Kjevik,SN39040,20.02.2023 07:50,48.2
Kjevik,SN39040,20.02.2023 08:20,46.4
Kjevik,SN39040,20.02.2023 08:50,46.4
Kjevik,SN39040,20.02.2023 09:20,44.6
Kjevik,SN39040,20.02.2023 09:50,46.4
Kjevik,SN39040,20.02.2023 10:20,44.6
Kjevik,SN39040,20.02.2023 10:50,46.4
Kjevik,SN39040,20.02.2023 11:20,48.2
Kjevik,SN39040,20.02.2023 11:50,46.4
Kjevik,SN39040,20.02.2023 12:20,46.4
Kjevik,SN39040,20.02.2023 12:50,46.4
Kjevik,SN39040,20.02.2023 13:20,46.4
Kjevik,SN39040,20.02.2023 13:50,48.2
Kjevik,SN39040,20.02.2023 14:20,48.2
Kjevik,SN39040,20.02.2023 14:50,46.4
Kjevik,SN39040,20.02.2023 15:20,46.4
Kjevik,SN39040,20.02.2023 15:50,46.4
Kjevik,SN39040,20.02.2023 16:20,44.6
Kjevik,SN39040,20.02.2023 16:50,44.6
Kjevik,SN39040,20.02.2023 17:20,44.6
Kjevik,SN39040,20.02.2023 17:50,42.8
Kjevik,SN39040,20.02.2023 18:20,42.8
Kjevik,SN39040,20.02.2023 18:50,42.8
Kjevik,SN39040,20.02.2023 19:20,42.8
Kjevik,SN39040,20.02.2023 19:50,42.8
Kjevik,SN39040,20.02.2023 20:20,42.8
Kjevik,SN39040,20.02.2023 20:50,42.8
Kjevik,SN39040,20.02.2023 21:20,44.6
Kjevik,SN39040,20.02.2023 21:50,44.6
Kjevik,SN39040,20.02.2023 22:20,44.6
Kjevik,SN39040,20.02.2023 22:50,44.6
Kjevik,SN39040,20.02.2023 23:20,44.6
Kjevik,SN39040,20.02.2023 23:50,44.6
Kjevik,SN39040,21.02.2023 00:20,44.6
Kjevik,SN39040,21.02.2023 00:50,44.6
Kjevik,SN39040,21.02.2023 01:20,44.6
Kjevik,SN39040,21.02.2023 01:50,44.6
Kjevik,SN39040,21.02.2023 02:20,44.6
Kjevik,SN39040,21.02.2023 02:50,44.6
Kjevik,SN39040,21.02.2023 03:20,44.6
Kjevik,SN39040,21.02.2023 03:50,44.6
Kjevik,SN39040,21.02.2023 04:20,42.8
Kjevik,SN39040,21.02.2023 04:50,42.8
Kjevik,SN39040,21.02.2023 05:20,42.8
Kjevik,SN39040,21.02.2023 05:50,42.8
Kjevik,SN39040,21.02.2023 06:20,42.8
Kjevik,SN39040,21.02.2023 06:50,42.8
Kjevik,SN39040,21.02.2023 07:20,42.8
Kjevik,SN39040,21.02.2023 07:50,42.8
Kjevik,SN39040,21.02.2023 08:20,41.0
Kjevik,SN39040,21.02.2023 08:50,42.8
Kjevik,SN39040,21.02.2023 09:20,44.6
Kjevik,SN39040,21.02.2023 09:50,44.6
Kjevik,SN39040,21.02.2023 10:20,46.4
Kjevik,SN39040,21.02.2023 10:50,46.4
Kjevik,SN39040,21.02.2023 11:20,46.4
Kjevik,SN39040,21.02.2023 11:50,48.2
Kjevik,SN39040,21.02.2023 12:20,48.2
Kjevik,SN39040,21.02.2023 12:50,50.0
Kjevik,SN39040,21.02.2023 13:20,44.6
Kjevik,SN39040,21.02.2023 13:50,44.6
Kjevik,SN39040,21.02.2023 14:20,42.8
Kjevik,SN39040,21.02.2023 14:50,41.0
Kjevik,SN39040,21.02.2023 15:20,41.0
Kjevik,SN39040,21.02.2023 15:50,41.0
Kjevik,SN39040,21.02.2023 16:20,39.2
Kjevik,SN39040,21.02.2023 16:50,39.2
Kjevik,SN39040,21.02.2023 17:20,39.2
Kjevik,SN39040,21.02.2023 17:50,39.2
Kjevik,SN39040,21.02.2023 18:20,37.4
Kjevik,SN39040,21.02.2023 18:50,37.4
Kjevik,SN39040,21.02.2023 19:20,37.4
Kjevik,SN39040,21.02.2023 19:50,37.4
Kjevik,SN39040,21.02.2023 20:20,35.6
Kjevik,SN39040,21.02.2023 20:50,35.6
Kjevik,SN39040,21.02.2023 21:20,35.6
Kjevik,SN39040,21.02.2023 21:50,35.6
Kjevik,SN39040,21.02.2023 22:20,35.6
Kjevik,SN39040,21.02.2023 22:50,35.6
Kjevik,SN39040,21.02.2023 23:20,35.6
Kjevik,SN39040,21.02.2023 23:50,37.4
Kjevik,SN39040,22.02.2023 00:20,35.6
Kjevik,SN39040,22.02.2023 00:50,37.4
Kjevik,SN39040,22.02.2023 01:20,35.6
Kjevik,SN39040,22.02.2023 01:50,35.6
Kjevik,SN39040,22.02.2023 02:50,35.6
Kjevik,SN39040,22.02.2023 03:20,35.6
Kjevik,SN39040,22.02.2023 03:50,33.8
Kjevik,SN39040,22.02.2023 04:50,35.6
Kjevik,SN39040,22.02.2023 05:20,35.6
Kjevik,SN39040,22.02.2023 05:50,35.6
Kjevik,SN39040,22.02.2023 06:20,35.6
Kjevik,SN39040,22.02.2023 06:50,37.4
Kjevik,SN39040,22.02.2023 07:20,37.4
Kjevik,SN39040,22.02.2023 07:50,37.4
Kjevik,SN39040,22.02.2023 08:20,37.4
Kjevik,SN39040,22.02.2023 08:50,37.4
Kjevik,SN39040,22.02.2023 09:20,39.2
Kjevik,SN39040,22.02.2023 09:50,39.2
Kjevik,SN39040,22.02.2023 10:20,41.0
Kjevik,SN39040,22.02.2023 10:50,41.0
Kjevik,SN39040,22.02.2023 11:20,41.0
Kjevik,SN39040,22.02.2023 11:50,41.0
Kjevik,SN39040,22.02.2023 12:20,41.0
Kjevik,SN39040,22.02.2023 12:50,41.0
Kjevik,SN39040,22.02.2023 13:20,41.0
Kjevik,SN39040,22.02.2023 13:50,41.0
Kjevik,SN39040,22.02.2023 14:20,41.0
Kjevik,SN39040,22.02.2023 14:50,41.0
Kjevik,SN39040,22.02.2023 15:20,41.0
Kjevik,SN39040,22.02.2023 15:50,41.0
Kjevik,SN39040,22.02.2023 16:20,41.0
Kjevik,SN39040,22.02.2023 16:50,41.0
Kjevik,SN39040,22.02.2023 17:20,42.8
Kjevik,SN39040,22.02.2023 17:50,42.8
Kjevik,SN39040,22.02.2023 18:20,42.8
Kjevik,SN39040,22.02.2023 18:50,42.8
Kjevik,SN39040,22.02.2023 19:20,42.8
Kjevik,SN39040,22.02.2023 19:50,42.8
Kjevik,SN39040,22.02.2023 20:20,42.8
Kjevik,SN39040,22.02.2023 20:50,42.8
Kjevik,SN39040,22.02.2023 21:20,42.8
Kjevik,SN39040,22.02.2023 21:50,42.8
Kjevik,SN39040,22.02.2023 22:20,42.8
Kjevik,SN39040,22.02.2023 22:50,42.8
Kjevik,SN39040,22.02.2023 23:20,42.8
Kjevik,SN39040,22.02.2023 23:50,42.8
Kjevik,SN39040,23.02.2023 00:20,42.8
Kjevik,SN39040,23.02.2023 00:50,41.0
Kjevik,SN39040,23.02.2023 01:20,41.0
Kjevik,SN39040,23.02.2023 01:50,41.0
Kjevik,SN39040,23.02.2023 02:20,41.0
Kjevik,SN39040,23.02.2023 02:50,41.0
Kjevik,SN39040,23.02.2023 03:20,41.0
Kjevik,SN39040,23.02.2023 03:50,41.0
Kjevik,SN39040,23.02.2023 04:20,41.0
Kjevik,SN39040,23.02.2023 04:50,41.0
Kjevik,SN39040,23.02.2023 05:20,39.2
Kjevik,SN39040,23.02.2023 05:50,39.2
Kjevik,SN39040,23.02.2023 06:20,39.2
Kjevik,SN39040,23.02.2023 06:50,39.2
Kjevik,SN39040,23.02.2023 07:20,39.2
Kjevik,SN39040,23.02.2023 07:50,39.2
Kjevik,SN39040,23.02.2023 08:20,39.2
Kjevik,SN39040,23.02.2023 08:50,39.2
Kjevik,SN39040,23.02.2023 09:20,39.2
Kjevik,SN39040,23.02.2023 09:50,39.2
Kjevik,SN39040,23.02.2023 10:20,39.2
Kjevik,SN39040,23.02.2023 10:50,41.0
Kjevik,SN39040,23.02.2023 11:20,41.0
Kjevik,SN39040,23.02.2023 11:50,42.8
Kjevik,SN39040,23.02.2023 12:20,42.8
Kjevik,SN39040,23.02.2023 12:50,42.8
Kjevik,SN39040,23.02.2023 13:20,42.8
Kjevik,SN39040,23.02.2023 13:50,44.6
Kjevik,SN39040,23.02.2023 14:20,44.6
Kjevik,SN39040,23.02.2023 14:50,44.6
Kjevik,SN39040,23.02.2023 15:20,44.6
Kjevik,SN39040,23.02.2023 15:50,44.6
Kjevik,SN39040,23.02.2023 16:20,42.8
Kjevik,SN39040,23.02.2023 16:50,42.8
Kjevik,SN39040,23.02.2023 17:20,41.0
Kjevik,SN39040,23.02.2023 17:50,39.2
Kjevik,SN39040,23.02.2023 18:20,37.4
Kjevik,SN39040,23.02.2023 18:50,37.4
Kjevik,SN39040,23.02.2023 19:20,37.4
Kjevik,SN39040,23.02.2023 19:50,37.4
Kjevik,SN39040,23.02.2023 20:20,37.4
Kjevik,SN39040,23.02.2023 20:50,37.4
Kjevik,SN39040,23.02.2023 21:20,37.4
Kjevik,SN39040,23.02.2023 21:50,37.4
Kjevik,SN39040,23.02.2023 22:20,37.4
Kjevik,SN39040,23.02.2023 22:50,37.4
Kjevik,SN39040,23.02.2023 23:20,37.4
Kjevik,SN39040,23.02.2023 23:50,39.2
Kjevik,SN39040,24.02.2023 00:20,39.2
Kjevik,SN39040,24.02.2023 00:50,39.2
Kjevik,SN39040,24.02.2023 01:20,39.2
Kjevik,SN39040,24.02.2023 01:50,39.2
Kjevik,SN39040,24.02.2023 02:20,41.0
Kjevik,SN39040,24.02.2023 02:50,39.2
Kjevik,SN39040,24.02.2023 03:20,37.4
Kjevik,SN39040,24.02.2023 03:50,37.4
Kjevik,SN39040,24.02.2023 04:20,37.4
Kjevik,SN39040,24.02.2023 04:50,37.4
Kjevik,SN39040,24.02.2023 05:20,35.6
Kjevik,SN39040,24.02.2023 05:50,35.6
Kjevik,SN39040,24.02.2023 06:20,37.4
Kjevik,SN39040,24.02.2023 06:50,37.4
Kjevik,SN39040,24.02.2023 07:20,33.8
Kjevik,SN39040,24.02.2023 07:50,32.0
Kjevik,SN39040,24.02.2023 08:20,32.0
Kjevik,SN39040,24.02.2023 08:50,32.0
Kjevik,SN39040,24.02.2023 09:20,39.2
Kjevik,SN39040,24.02.2023 09:50,41.0
Kjevik,SN39040,24.02.2023 10:20,41.0
Kjevik,SN39040,24.02.2023 10:50,42.8
Kjevik,SN39040,24.02.2023 11:20,44.6
Kjevik,SN39040,24.02.2023 11:50,44.6
Kjevik,SN39040,24.02.2023 12:20,46.4
Kjevik,SN39040,24.02.2023 12:50,46.4
Kjevik,SN39040,24.02.2023 13:20,46.4
Kjevik,SN39040,24.02.2023 13:50,46.4
Kjevik,SN39040,24.02.2023 14:20,46.4
Kjevik,SN39040,24.02.2023 14:50,46.4
Kjevik,SN39040,24.02.2023 15:20,44.6
Kjevik,SN39040,24.02.2023 15:50,44.6
Kjevik,SN39040,24.02.2023 16:20,44.6
Kjevik,SN39040,24.02.2023 16:50,44.6
Kjevik,SN39040,24.02.2023 17:20,42.8
Kjevik,SN39040,24.02.2023 17:50,42.8
Kjevik,SN39040,24.02.2023 18:20,41.0
Kjevik,SN39040,24.02.2023 18:50,41.0
Kjevik,SN39040,24.02.2023 19:20,39.2
Kjevik,SN39040,24.02.2023 19:50,37.4
Kjevik,SN39040,24.02.2023 20:20,37.4
Kjevik,SN39040,24.02.2023 20:50,37.4
Kjevik,SN39040,24.02.2023 21:20,35.6
Kjevik,SN39040,24.02.2023 21:50,37.4
Kjevik,SN39040,24.02.2023 22:20,37.4
Kjevik,SN39040,24.02.2023 22:50,35.6
Kjevik,SN39040,24.02.2023 23:20,35.6
Kjevik,SN39040,24.02.2023 23:50,33.8
Kjevik,SN39040,25.02.2023 00:20,30.2
Kjevik,SN39040,25.02.2023 00:50,30.2
Kjevik,SN39040,25.02.2023 01:20,28.4
Kjevik,SN39040,25.02.2023 01:50,26.6
Kjevik,SN39040,25.02.2023 02:20,26.6
Kjevik,SN39040,25.02.2023 02:50,26.6
Kjevik,SN39040,25.02.2023 03:20,26.6
Kjevik,SN39040,25.02.2023 03:50,26.6
Kjevik,SN39040,25.02.2023 04:20,26.6
Kjevik,SN39040,25.02.2023 04:50,30.2
Kjevik,SN39040,25.02.2023 05:20,28.4
Kjevik,SN39040,25.02.2023 05:50,26.6
Kjevik,SN39040,25.02.2023 06:20,26.6
Kjevik,SN39040,25.02.2023 06:50,32.0
Kjevik,SN39040,25.02.2023 07:20,28.4
Kjevik,SN39040,25.02.2023 07:50,30.2
Kjevik,SN39040,25.02.2023 08:20,30.2
Kjevik,SN39040,25.02.2023 08:50,33.8
Kjevik,SN39040,25.02.2023 09:20,35.6
Kjevik,SN39040,25.02.2023 09:50,35.6
Kjevik,SN39040,25.02.2023 10:20,37.4
Kjevik,SN39040,25.02.2023 10:50,39.2
Kjevik,SN39040,25.02.2023 11:20,39.2
Kjevik,SN39040,25.02.2023 11:50,41.0
Kjevik,SN39040,25.02.2023 12:20,41.0
Kjevik,SN39040,25.02.2023 12:50,41.0
Kjevik,SN39040,25.02.2023 13:20,41.0
Kjevik,SN39040,25.02.2023 13:50,41.0
Kjevik,SN39040,25.02.2023 14:20,41.0
Kjevik,SN39040,25.02.2023 14:50,41.0
Kjevik,SN39040,25.02.2023 15:20,42.8
Kjevik,SN39040,25.02.2023 15:50,42.8
Kjevik,SN39040,25.02.2023 16:20,41.0
Kjevik,SN39040,25.02.2023 16:50,41.0
Kjevik,SN39040,25.02.2023 17:20,41.0
Kjevik,SN39040,25.02.2023 17:50,39.2
Kjevik,SN39040,25.02.2023 18:20,39.2
Kjevik,SN39040,25.02.2023 18:50,37.4
Kjevik,SN39040,25.02.2023 19:20,35.6
Kjevik,SN39040,25.02.2023 19:50,35.6
Kjevik,SN39040,25.02.2023 20:20,35.6
Kjevik,SN39040,25.02.2023 20:50,35.6
Kjevik,SN39040,25.02.2023 21:20,35.6
Kjevik,SN39040,25.02.2023 21:50,33.8
Kjevik,SN39040,25.02.2023 22:20,33.8
Kjevik,SN39040,25.02.2023 22:50,33.8
Kjevik,SN39040,25.02.2023 23:20,32.0
Kjevik,SN39040,25.02.2023 23:50,32.0
Kjevik,SN39040,26.02.2023 00:20,30.2
Kjevik,SN39040,26.02.2023 00:50,28.4
Kjevik,SN39040,26.02.2023 01:20,30.2
Kjevik,SN39040,26.02.2023 01:50,30.2
Kjevik,SN39040,26.02.2023 02:20,28.4
Kjevik,SN39040,26.02.2023 02:50,28.4
Kjevik,SN39040,26.02.2023 03:20,26.6
Kjevik,SN39040,26.02.2023 03:50,28.4
Kjevik,SN39040,26.02.2023 04:20,28.4
Kjevik,SN39040,26.02.2023 04:50,28.4
Kjevik,SN39040,26.02.2023 05:20,28.4
Kjevik,SN39040,26.02.2023 05:50,24.8
Kjevik,SN39040,26.02.2023 06:20,26.6
Kjevik,SN39040,26.02.2023 06:50,28.4
Kjevik,SN39040,26.02.2023 07:20,28.4
Kjevik,SN39040,26.02.2023 07:50,26.6
Kjevik,SN39040,26.02.2023 08:20,28.4
Kjevik,SN39040,26.02.2023 08:50,32.0
Kjevik,SN39040,26.02.2023 09:20,33.8
Kjevik,SN39040,26.02.2023 09:50,37.4
Kjevik,SN39040,26.02.2023 10:20,39.2
Kjevik,SN39040,26.02.2023 10:50,39.2
Kjevik,SN39040,26.02.2023 11:20,42.8
Kjevik,SN39040,26.02.2023 11:50,42.8
Kjevik,SN39040,26.02.2023 12:20,44.6
Kjevik,SN39040,26.02.2023 12:50,44.6
Kjevik,SN39040,26.02.2023 13:20,44.6
Kjevik,SN39040,26.02.2023 13:50,46.4
Kjevik,SN39040,26.02.2023 14:20,46.4
Kjevik,SN39040,26.02.2023 14:50,44.6
Kjevik,SN39040,26.02.2023 15:20,42.8
Kjevik,SN39040,26.02.2023 15:50,41.0
Kjevik,SN39040,26.02.2023 16:20,41.0
Kjevik,SN39040,26.02.2023 16:50,41.0
Kjevik,SN39040,26.02.2023 17:20,39.2
Kjevik,SN39040,26.02.2023 17:50,35.6
Kjevik,SN39040,26.02.2023 18:20,33.8
Kjevik,SN39040,26.02.2023 18:50,32.0
Kjevik,SN39040,26.02.2023 19:20,30.2
Kjevik,SN39040,26.02.2023 19:50,30.2
Kjevik,SN39040,26.02.2023 20:20,28.4
Kjevik,SN39040,26.02.2023 20:50,33.8
Kjevik,SN39040,26.02.2023 21:20,33.8
Kjevik,SN39040,26.02.2023 21:50,33.8
Kjevik,SN39040,26.02.2023 22:20,33.8
Kjevik,SN39040,26.02.2023 22:50,33.8
Kjevik,SN39040,26.02.2023 23:20,33.8
Kjevik,SN39040,26.02.2023 23:50,32.0
Kjevik,SN39040,27.02.2023 00:20,28.4
Kjevik,SN39040,27.02.2023 00:50,30.2
Kjevik,SN39040,27.02.2023 01:20,28.4
Kjevik,SN39040,27.02.2023 01:50,28.4
Kjevik,SN39040,27.02.2023 02:20,28.4
Kjevik,SN39040,27.02.2023 02:50,28.4
Kjevik,SN39040,27.02.2023 03:20,26.6
Kjevik,SN39040,27.02.2023 03:50,26.6
Kjevik,SN39040,27.02.2023 04:20,26.6
Kjevik,SN39040,27.02.2023 04:50,26.6
Kjevik,SN39040,27.02.2023 05:20,26.6
Kjevik,SN39040,27.02.2023 05:50,26.6
Kjevik,SN39040,27.02.2023 06:20,26.6
Kjevik,SN39040,27.02.2023 06:50,24.8
Kjevik,SN39040,27.02.2023 07:20,28.4
Kjevik,SN39040,27.02.2023 07:50,26.6
Kjevik,SN39040,27.02.2023 08:20,28.4
Kjevik,SN39040,27.02.2023 08:50,30.2
Kjevik,SN39040,27.02.2023 09:20,32.0
Kjevik,SN39040,27.02.2023 09:50,33.8
Kjevik,SN39040,27.02.2023 10:20,35.6
Kjevik,SN39040,27.02.2023 10:50,39.2
Kjevik,SN39040,27.02.2023 11:20,42.8
Kjevik,SN39040,27.02.2023 11:50,48.2
Kjevik,SN39040,27.02.2023 12:20,50.0
Kjevik,SN39040,27.02.2023 12:50,48.2
Kjevik,SN39040,27.02.2023 13:20,48.2
Kjevik,SN39040,27.02.2023 13:50,48.2
Kjevik,SN39040,27.02.2023 14:20,46.4
Kjevik,SN39040,27.02.2023 14:50,44.6
Kjevik,SN39040,27.02.2023 15:20,44.6
Kjevik,SN39040,27.02.2023 15:50,46.4
Kjevik,SN39040,27.02.2023 16:20,44.6
Kjevik,SN39040,27.02.2023 16:50,44.6
Kjevik,SN39040,27.02.2023 17:20,42.8
Kjevik,SN39040,27.02.2023 17:50,41.0
Kjevik,SN39040,27.02.2023 18:20,39.2
Kjevik,SN39040,27.02.2023 18:50,33.8
Kjevik,SN39040,27.02.2023 19:20,32.0
Kjevik,SN39040,27.02.2023 19:50,30.2
Kjevik,SN39040,27.02.2023 20:20,30.2
Kjevik,SN39040,27.02.2023 20:50,30.2
Kjevik,SN39040,27.02.2023 21:20,30.2
Kjevik,SN39040,27.02.2023 21:50,30.2
Kjevik,SN39040,27.02.2023 22:20,28.4
Kjevik,SN39040,27.02.2023 22:50,28.4
Kjevik,SN39040,27.02.2023 23:20,26.6
Kjevik,SN39040,27.02.2023 23:50,28.4
Kjevik,SN39040,28.02.2023 00:20,26.6
Kjevik,SN39040,28.02.2023 00:50,28.4
Kjevik,SN39040,28.02.2023 01:20,26.6
Kjevik,SN39040,28.02.2023 01:50,28.4
Kjevik,SN39040,28.02.2023 02:20,26.6
Kjevik,SN39040,28.02.2023 02:50,28.4
Kjevik,SN39040,28.02.2023 03:20,26.6
Kjevik,SN39040,28.02.2023 03:50,28.4
Kjevik,SN39040,28.02.2023 04:20,28.4
Kjevik,SN39040,28.02.2023 04:50,28.4
Kjevik,SN39040,28.02.2023 05:20,26.6
Kjevik,SN39040,28.02.2023 05:50,26.6
Kjevik,SN39040,28.02.2023 06:20,26.6
Kjevik,SN39040,28.02.2023 06:50,26.6
Kjevik,SN39040,28.02.2023 07:20,26.6
Kjevik,SN39040,28.02.2023 07:50,26.6
Kjevik,SN39040,28.02.2023 08:20,28.4
Kjevik,SN39040,28.02.2023 08:50,30.2
Kjevik,SN39040,28.02.2023 09:20,30.2
Kjevik,SN39040,28.02.2023 09:50,33.8
Kjevik,SN39040,28.02.2023 10:20,35.6
Kjevik,SN39040,28.02.2023 10:50,41.0
Kjevik,SN39040,28.02.2023 11:20,44.6
Kjevik,SN39040,28.02.2023 11:50,46.4
Kjevik,SN39040,28.02.2023 12:20,46.4
Kjevik,SN39040,28.02.2023 12:50,50.0
Kjevik,SN39040,28.02.2023 13:20,48.2
Kjevik,SN39040,28.02.2023 13:50,48.2
Kjevik,SN39040,28.02.2023 14:20,48.2
Kjevik,SN39040,28.02.2023 14:50,48.2
Kjevik,SN39040,28.02.2023 15:20,48.2
Kjevik,SN39040,28.02.2023 15:50,48.2
Kjevik,SN39040,28.02.2023 16:20,48.2
Kjevik,SN39040,28.02.2023 16:50,48.2
Kjevik,SN39040,28.02.2023 17:20,46.4
Kjevik,SN39040,28.02.2023 17:50,44.6
Kjevik,SN39040,28.02.2023 18:20,39.2
Kjevik,SN39040,28.02.2023 18:50,37.4
Kjevik,SN39040,28.02.2023 19:20,35.6
Kjevik,SN39040,28.02.2023 19:50,30.2
Kjevik,SN39040,28.02.2023 20:20,30.2
Kjevik,SN39040,28.02.2023 20:50,30.2
Kjevik,SN39040,28.02.2023 21:20,30.2
Kjevik,SN39040,28.02.2023 21:50,30.2
Kjevik,SN39040,28.02.2023 22:20,28.4
Kjevik,SN39040,28.02.2023 22:50,28.4
Kjevik,SN39040,28.02.2023 23:20,26.6
Kjevik,SN39040,28.02.2023 23:50,28.4
Kjevik,SN39040,01.03.2023 00:20,26.6
Kjevik,SN39040,01.03.2023 00:50,28.4
Kjevik,SN39040,01.03.2023 01:20,26.6
Kjevik,SN39040,01.03.2023 01:50,26.6
Kjevik,SN39040,01.03.2023 02:20,28.4
Kjevik,SN39040,01.03.2023 02:50,28.4
Kjevik,SN39040,01.03.2023 03:20,28.4
Kjevik,SN39040,01.03.2023 03:50,26.6
Kjevik,SN39040,01.03.2023 04:20,28.4
Kjevik,SN39040,01.03.2023 04:50,32.0
Kjevik,SN39040,01.03.2023 05:20,26.6
Kjevik,SN39040,01.03.2023 05:50,28.4
Kjevik,SN39040,01.03.2023 06:20,28.4
Kjevik,SN39040,01.03.2023 06:50,28.4
Kjevik,SN39040,01.03.2023 07:20,26.6
Kjevik,SN39040,01.03.2023 07:50,28.4
Kjevik,SN39040,01.03.2023 08:20,30.2
Kjevik,SN39040,01.03.2023 08:50,30.2
Kjevik,SN39040,01.03.2023 09:20,33.8
Kjevik,SN39040,01.03.2023 09:50,35.6
Kjevik,SN39040,01.03.2023 10:20,39.2
Kjevik,SN39040,01.03.2023 10:50,39.2
Kjevik,SN39040,01.03.2023 11:20,42.8
Kjevik,SN39040,01.03.2023 11:50,44.6
Kjevik,SN39040,01.03.2023 12:20,46.4
Kjevik,SN39040,01.03.2023 12:50,48.2
Kjevik,SN39040,01.03.2023 13:20,50.0
Kjevik,SN39040,01.03.2023 13:50,48.2
Kjevik,SN39040,01.03.2023 14:20,48.2
Kjevik,SN39040,01.03.2023 14:50,48.2
Kjevik,SN39040,01.03.2023 15:20,46.4
Kjevik,SN39040,01.03.2023 15:50,44.6
Kjevik,SN39040,01.03.2023 16:20,44.6
Kjevik,SN39040,01.03.2023 16:50,42.8
Kjevik,SN39040,01.03.2023 17:20,41.0
Kjevik,SN39040,01.03.2023 17:50,37.4
Kjevik,SN39040,01.03.2023 18:20,37.4
Kjevik,SN39040,01.03.2023 18:50,35.6
Kjevik,SN39040,01.03.2023 19:20,32.0
Kjevik,SN39040,01.03.2023 19:50,28.4
Kjevik,SN39040,01.03.2023 20:20,30.2
Kjevik,SN39040,01.03.2023 20:50,28.4
Kjevik,SN39040,01.03.2023 21:20,28.4
Kjevik,SN39040,01.03.2023 21:50,28.4
Kjevik,SN39040,01.03.2023 22:20,26.6
Kjevik,SN39040,01.03.2023 22:50,26.6
Kjevik,SN39040,01.03.2023 23:20,26.6
Kjevik,SN39040,01.03.2023 23:50,26.6
Kjevik,SN39040,02.03.2023 00:20,26.6
Kjevik,SN39040,02.03.2023 00:50,28.4
Kjevik,SN39040,02.03.2023 01:20,26.6
Kjevik,SN39040,02.03.2023 01:50,26.6
Kjevik,SN39040,02.03.2023 02:20,26.6
Kjevik,SN39040,02.03.2023 02:50,26.6
Kjevik,SN39040,02.03.2023 03:20,24.8
Kjevik,SN39040,02.03.2023 03:50,26.6
Kjevik,SN39040,02.03.2023 04:20,26.6
Kjevik,SN39040,02.03.2023 04:50,24.8
Kjevik,SN39040,02.03.2023 05:20,26.6
Kjevik,SN39040,02.03.2023 05:50,24.8
Kjevik,SN39040,02.03.2023 06:20,26.6
Kjevik,SN39040,02.03.2023 06:50,26.6
Kjevik,SN39040,02.03.2023 07:20,26.6
Kjevik,SN39040,02.03.2023 07:50,26.6
Kjevik,SN39040,02.03.2023 08:20,28.4
Kjevik,SN39040,02.03.2023 08:50,30.2
Kjevik,SN39040,02.03.2023 09:20,32.0
Kjevik,SN39040,02.03.2023 09:50,35.6
Kjevik,SN39040,02.03.2023 10:20,37.4
Kjevik,SN39040,02.03.2023 10:50,41.0
Kjevik,SN39040,02.03.2023 11:20,46.4
Kjevik,SN39040,02.03.2023 11:50,46.4
Kjevik,SN39040,02.03.2023 12:20,50.0
Kjevik,SN39040,02.03.2023 12:50,50.0
Kjevik,SN39040,02.03.2023 13:20,50.0
Kjevik,SN39040,02.03.2023 13:50,51.8
Kjevik,SN39040,02.03.2023 14:20,51.8
Kjevik,SN39040,02.03.2023 14:50,51.8
Kjevik,SN39040,02.03.2023 15:20,53.6
Kjevik,SN39040,02.03.2023 15:50,50.0
Kjevik,SN39040,02.03.2023 16:20,48.2
Kjevik,SN39040,02.03.2023 16:50,46.4
Kjevik,SN39040,02.03.2023 17:20,48.2
Kjevik,SN39040,02.03.2023 17:50,44.6
Kjevik,SN39040,02.03.2023 18:20,39.2
Kjevik,SN39040,02.03.2023 18:50,37.4
Kjevik,SN39040,02.03.2023 19:20,35.6
Kjevik,SN39040,02.03.2023 19:50,32.0
Kjevik,SN39040,02.03.2023 20:20,33.8
Kjevik,SN39040,02.03.2023 20:50,30.2
Kjevik,SN39040,02.03.2023 21:20,30.2
Kjevik,SN39040,02.03.2023 21:50,30.2
Kjevik,SN39040,02.03.2023 22:20,30.2
Kjevik,SN39040,02.03.2023 22:50,28.4
Kjevik,SN39040,02.03.2023 23:20,30.2
Kjevik,SN39040,02.03.2023 23:50,26.6
Kjevik,SN39040,03.03.2023 00:20,28.4
Kjevik,SN39040,03.03.2023 00:50,26.6
Kjevik,SN39040,03.03.2023 01:20,28.4
Kjevik,SN39040,03.03.2023 01:50,26.6
Kjevik,SN39040,03.03.2023 02:20,26.6
Kjevik,SN39040,03.03.2023 02:50,24.8
Kjevik,SN39040,03.03.2023 03:20,26.6
Kjevik,SN39040,03.03.2023 03:50,26.6
Kjevik,SN39040,03.03.2023 04:20,26.6
Kjevik,SN39040,03.03.2023 04:50,24.8
Kjevik,SN39040,03.03.2023 05:20,24.8
Kjevik,SN39040,03.03.2023 05:50,24.8
Kjevik,SN39040,03.03.2023 06:20,24.8
Kjevik,SN39040,03.03.2023 06:50,24.8
Kjevik,SN39040,03.03.2023 07:20,24.8
Kjevik,SN39040,03.03.2023 07:50,24.8
Kjevik,SN39040,03.03.2023 08:20,26.6
Kjevik,SN39040,03.03.2023 08:50,26.6
Kjevik,SN39040,03.03.2023 09:20,30.2
Kjevik,SN39040,03.03.2023 09:50,35.6
Kjevik,SN39040,03.03.2023 10:20,35.6
Kjevik,SN39040,03.03.2023 10:50,41.0
Kjevik,SN39040,03.03.2023 11:20,41.0
Kjevik,SN39040,03.03.2023 11:50,48.2
Kjevik,SN39040,03.03.2023 12:20,51.8
Kjevik,SN39040,03.03.2023 12:50,55.4
Kjevik,SN39040,03.03.2023 13:20,55.4
Kjevik,SN39040,03.03.2023 13:50,55.4
Kjevik,SN39040,03.03.2023 14:20,55.4
Kjevik,SN39040,03.03.2023 14:50,51.8
Kjevik,SN39040,03.03.2023 15:20,50.0
Kjevik,SN39040,03.03.2023 15:50,50.0
Kjevik,SN39040,03.03.2023 16:20,50.0
Kjevik,SN39040,03.03.2023 16:50,48.2
Kjevik,SN39040,03.03.2023 17:20,48.2
Kjevik,SN39040,03.03.2023 17:50,46.4
Kjevik,SN39040,03.03.2023 18:20,44.6
Kjevik,SN39040,03.03.2023 18:50,44.6
Kjevik,SN39040,03.03.2023 19:20,44.6
Kjevik,SN39040,03.03.2023 19:50,44.6
Kjevik,SN39040,03.03.2023 20:20,44.6
Kjevik,SN39040,03.03.2023 20:50,44.6
Kjevik,SN39040,03.03.2023 21:20,44.6
Kjevik,SN39040,03.03.2023 21:50,44.6
Kjevik,SN39040,03.03.2023 22:20,44.6
Kjevik,SN39040,03.03.2023 22:50,42.8
Kjevik,SN39040,03.03.2023 23:20,42.8
Kjevik,SN39040,03.03.2023 23:50,41.0
Kjevik,SN39040,04.03.2023 00:20,41.0
Kjevik,SN39040,04.03.2023 00:50,39.2
Kjevik,SN39040,04.03.2023 01:20,39.2
Kjevik,SN39040,04.03.2023 01:50,39.2
Kjevik,SN39040,04.03.2023 02:20,37.4
Kjevik,SN39040,04.03.2023 02:50,37.4
Kjevik,SN39040,04.03.2023 03:20,37.4
Kjevik,SN39040,04.03.2023 03:50,37.4
Kjevik,SN39040,04.03.2023 04:20,37.4
Kjevik,SN39040,04.03.2023 04:50,37.4
Kjevik,SN39040,04.03.2023 05:20,37.4
Kjevik,SN39040,04.03.2023 05:50,35.6
Kjevik,SN39040,04.03.2023 06:20,35.6
Kjevik,SN39040,04.03.2023 06:50,35.6
Kjevik,SN39040,04.03.2023 07:20,35.6
Kjevik,SN39040,04.03.2023 07:50,33.8
Kjevik,SN39040,04.03.2023 08:20,35.6
Kjevik,SN39040,04.03.2023 08:50,35.6
Kjevik,SN39040,04.03.2023 09:20,35.6
Kjevik,SN39040,04.03.2023 09:50,37.4
Kjevik,SN39040,04.03.2023 10:20,37.4
Kjevik,SN39040,04.03.2023 10:50,39.2
Kjevik,SN39040,04.03.2023 11:20,39.2
Kjevik,SN39040,04.03.2023 11:50,39.2
Kjevik,SN39040,04.03.2023 12:20,39.2
Kjevik,SN39040,04.03.2023 12:50,41.0
Kjevik,SN39040,04.03.2023 13:20,39.2
Kjevik,SN39040,04.03.2023 13:50,41.0
Kjevik,SN39040,04.03.2023 14:20,39.2
Kjevik,SN39040,04.03.2023 14:50,39.2
Kjevik,SN39040,04.03.2023 15:20,39.2
Kjevik,SN39040,04.03.2023 15:50,37.4
Kjevik,SN39040,04.03.2023 16:20,37.4
Kjevik,SN39040,04.03.2023 16:50,37.4
Kjevik,SN39040,04.03.2023 17:20,37.4
Kjevik,SN39040,04.03.2023 17:50,35.6
Kjevik,SN39040,04.03.2023 18:20,35.6
Kjevik,SN39040,04.03.2023 18:50,35.6
Kjevik,SN39040,04.03.2023 19:20,33.8
Kjevik,SN39040,04.03.2023 19:50,33.8
Kjevik,SN39040,04.03.2023 20:20,33.8
Kjevik,SN39040,04.03.2023 20:50,32.0
Kjevik,SN39040,04.03.2023 21:20,32.0
Kjevik,SN39040,04.03.2023 21:50,32.0
Kjevik,SN39040,04.03.2023 22:20,32.0
Kjevik,SN39040,04.03.2023 22:50,30.2
Kjevik,SN39040,04.03.2023 23:20,30.2
Kjevik,SN39040,04.03.2023 23:50,30.2
Kjevik,SN39040,05.03.2023 00:20,30.2
Kjevik,SN39040,05.03.2023 00:50,30.2
Kjevik,SN39040,05.03.2023 01:20,30.2
Kjevik,SN39040,05.03.2023 01:50,30.2
Kjevik,SN39040,05.03.2023 02:20,30.2
Kjevik,SN39040,05.03.2023 02:50,30.2
Kjevik,SN39040,05.03.2023 03:20,30.2
Kjevik,SN39040,05.03.2023 03:50,28.4
Kjevik,SN39040,05.03.2023 04:20,28.4
Kjevik,SN39040,05.03.2023 04:50,28.4
Kjevik,SN39040,05.03.2023 05:20,28.4
Kjevik,SN39040,05.03.2023 05:50,28.4
Kjevik,SN39040,05.03.2023 06:20,28.4
Kjevik,SN39040,05.03.2023 06:50,26.6
Kjevik,SN39040,05.03.2023 07:20,26.6
Kjevik,SN39040,05.03.2023 07:50,26.6
Kjevik,SN39040,05.03.2023 08:20,26.6
Kjevik,SN39040,05.03.2023 08:50,30.2
Kjevik,SN39040,05.03.2023 09:20,32.0
Kjevik,SN39040,05.03.2023 09:50,32.0
Kjevik,SN39040,05.03.2023 10:20,33.8
Kjevik,SN39040,05.03.2023 10:50,35.6
Kjevik,SN39040,05.03.2023 11:20,35.6
Kjevik,SN39040,05.03.2023 11:50,37.4
Kjevik,SN39040,05.03.2023 12:20,37.4
Kjevik,SN39040,05.03.2023 12:50,39.2
Kjevik,SN39040,05.03.2023 13:20,39.2
Kjevik,SN39040,05.03.2023 13:50,41.0
Kjevik,SN39040,05.03.2023 14:20,41.0
Kjevik,SN39040,05.03.2023 14:50,41.0
Kjevik,SN39040,05.03.2023 15:20,41.0
Kjevik,SN39040,05.03.2023 15:50,41.0
Kjevik,SN39040,05.03.2023 16:20,41.0
Kjevik,SN39040,05.03.2023 16:50,41.0
Kjevik,SN39040,05.03.2023 17:20,39.2
Kjevik,SN39040,05.03.2023 17:50,39.2
Kjevik,SN39040,05.03.2023 18:20,35.6
Kjevik,SN39040,05.03.2023 18:50,33.8
Kjevik,SN39040,05.03.2023 19:20,33.8
Kjevik,SN39040,05.03.2023 19:50,33.8
Kjevik,SN39040,05.03.2023 20:20,30.2
Kjevik,SN39040,05.03.2023 20:50,30.2
Kjevik,SN39040,05.03.2023 21:20,28.4
Kjevik,SN39040,05.03.2023 21:50,28.4
Kjevik,SN39040,05.03.2023 22:20,30.2
Kjevik,SN39040,05.03.2023 22:50,30.2
Kjevik,SN39040,05.03.2023 23:20,28.4
Kjevik,SN39040,05.03.2023 23:50,26.6
Kjevik,SN39040,06.03.2023 00:20,28.4
Kjevik,SN39040,06.03.2023 00:50,24.8
Kjevik,SN39040,06.03.2023 01:20,26.6
Kjevik,SN39040,06.03.2023 01:50,24.8
Kjevik,SN39040,06.03.2023 02:20,23.0
Kjevik,SN39040,06.03.2023 02:50,24.8
Kjevik,SN39040,06.03.2023 03:20,23.0
Kjevik,SN39040,06.03.2023 03:50,23.0
Kjevik,SN39040,06.03.2023 04:20,21.2
Kjevik,SN39040,06.03.2023 04:50,21.2
Kjevik,SN39040,06.03.2023 05:20,21.2
Kjevik,SN39040,06.03.2023 05:50,21.2
Kjevik,SN39040,06.03.2023 06:20,19.4
Kjevik,SN39040,06.03.2023 06:50,19.4
Kjevik,SN39040,06.03.2023 07:20,19.4
Kjevik,SN39040,06.03.2023 07:50,19.4
Kjevik,SN39040,06.03.2023 08:20,23.0
Kjevik,SN39040,06.03.2023 08:50,24.8
Kjevik,SN39040,06.03.2023 09:20,26.6
Kjevik,SN39040,06.03.2023 09:50,28.4
Kjevik,SN39040,06.03.2023 10:20,30.2
Kjevik,SN39040,06.03.2023 10:50,32.0
Kjevik,SN39040,06.03.2023 11:20,33.8
Kjevik,SN39040,06.03.2023 11:50,33.8
Kjevik,SN39040,06.03.2023 12:20,33.8
Kjevik,SN39040,06.03.2023 12:50,33.8
Kjevik,SN39040,06.03.2023 13:20,33.8
Kjevik,SN39040,06.03.2023 13:50,33.8
Kjevik,SN39040,06.03.2023 14:20,33.8
Kjevik,SN39040,06.03.2023 14:50,33.8
Kjevik,SN39040,06.03.2023 15:20,33.8
Kjevik,SN39040,06.03.2023 15:50,33.8
Kjevik,SN39040,06.03.2023 16:20,32.0
Kjevik,SN39040,06.03.2023 16:50,32.0
Kjevik,SN39040,06.03.2023 17:20,32.0
Kjevik,SN39040,06.03.2023 17:50,32.0
Kjevik,SN39040,06.03.2023 18:20,30.2
Kjevik,SN39040,06.03.2023 18:50,30.2
Kjevik,SN39040,06.03.2023 19:20,30.2
Kjevik,SN39040,06.03.2023 19:50,30.2
Kjevik,SN39040,06.03.2023 20:20,30.2
Kjevik,SN39040,06.03.2023 20:50,30.2
Kjevik,SN39040,06.03.2023 21:20,30.2
Kjevik,SN39040,06.03.2023 21:50,30.2
Kjevik,SN39040,06.03.2023 22:20,30.2
Kjevik,SN39040,06.03.2023 22:50,32.0
Kjevik,SN39040,06.03.2023 23:20,32.0
Kjevik,SN39040,06.03.2023 23:50,32.0
Kjevik,SN39040,07.03.2023 01:20,30.2
Kjevik,SN39040,07.03.2023 01:50,28.4
Kjevik,SN39040,07.03.2023 02:20,28.4
Kjevik,SN39040,07.03.2023 02:50,28.4
Kjevik,SN39040,07.03.2023 03:20,28.4
Kjevik,SN39040,07.03.2023 03:50,28.4
Kjevik,SN39040,07.03.2023 04:20,28.4
Kjevik,SN39040,07.03.2023 04:50,28.4
Kjevik,SN39040,07.03.2023 05:20,28.4
Kjevik,SN39040,07.03.2023 05:50,28.4
Kjevik,SN39040,07.03.2023 06:20,28.4
Kjevik,SN39040,07.03.2023 06:50,28.4
Kjevik,SN39040,07.03.2023 07:20,28.4
Kjevik,SN39040,07.03.2023 07:50,28.4
Kjevik,SN39040,07.03.2023 08:20,28.4
Kjevik,SN39040,07.03.2023 08:50,26.6
Kjevik,SN39040,07.03.2023 09:20,26.6
Kjevik,SN39040,07.03.2023 09:50,28.4
Kjevik,SN39040,07.03.2023 10:20,28.4
Kjevik,SN39040,07.03.2023 10:50,28.4
Kjevik,SN39040,07.03.2023 11:20,28.4
Kjevik,SN39040,07.03.2023 11:50,30.2
Kjevik,SN39040,07.03.2023 12:20,30.2
Kjevik,SN39040,07.03.2023 12:50,32.0
Kjevik,SN39040,07.03.2023 13:20,32.0
Kjevik,SN39040,07.03.2023 13:50,32.0
Kjevik,SN39040,07.03.2023 14:20,32.0
Kjevik,SN39040,07.03.2023 14:50,33.8
Kjevik,SN39040,07.03.2023 15:20,33.8
Kjevik,SN39040,07.03.2023 15:50,33.8
Kjevik,SN39040,07.03.2023 16:20,33.8
Kjevik,SN39040,07.03.2023 16:50,33.8
Kjevik,SN39040,07.03.2023 17:20,32.0
Kjevik,SN39040,07.03.2023 17:50,33.8
Kjevik,SN39040,07.03.2023 18:20,32.0
Kjevik,SN39040,07.03.2023 18:50,28.4
Kjevik,SN39040,07.03.2023 19:20,23.0
Kjevik,SN39040,07.03.2023 19:50,21.2
Kjevik,SN39040,07.03.2023 20:20,19.4
Kjevik,SN39040,07.03.2023 20:50,19.4
Kjevik,SN39040,07.03.2023 21:20,17.6
Kjevik,SN39040,07.03.2023 21:50,17.6
Kjevik,SN39040,07.03.2023 22:20,17.6
Kjevik,SN39040,07.03.2023 22:50,14.0
Kjevik,SN39040,07.03.2023 23:20,14.0
Kjevik,SN39040,07.03.2023 23:50,15.8
Kjevik,SN39040,08.03.2023 00:20,14.0
Kjevik,SN39040,08.03.2023 00:50,14.0
Kjevik,SN39040,08.03.2023 01:20,14.0
Kjevik,SN39040,08.03.2023 01:50,14.0
Kjevik,SN39040,08.03.2023 02:20,12.2
Kjevik,SN39040,08.03.2023 02:50,12.2
Kjevik,SN39040,08.03.2023 03:20,12.2
Kjevik,SN39040,08.03.2023 03:50,12.2
Kjevik,SN39040,08.03.2023 04:20,12.2
Kjevik,SN39040,08.03.2023 04:50,12.2
Kjevik,SN39040,08.03.2023 05:20,10.4
Kjevik,SN39040,08.03.2023 05:50,10.4
Kjevik,SN39040,08.03.2023 06:20,10.4
Kjevik,SN39040,08.03.2023 06:50,8.6
Kjevik,SN39040,08.03.2023 07:20,10.4
Kjevik,SN39040,08.03.2023 07:50,10.4
Kjevik,SN39040,08.03.2023 08:20,12.2
Kjevik,SN39040,08.03.2023 08:50,15.8
Kjevik,SN39040,08.03.2023 09:20,17.6
Kjevik,SN39040,08.03.2023 09:50,21.2
Kjevik,SN39040,08.03.2023 10:20,24.8
Kjevik,SN39040,08.03.2023 10:50,28.4
Kjevik,SN39040,08.03.2023 11:20,32.0
Kjevik,SN39040,08.03.2023 11:50,33.8
Kjevik,SN39040,08.03.2023 12:20,33.8
Kjevik,SN39040,08.03.2023 12:50,32.0
Kjevik,SN39040,08.03.2023 13:20,32.0
Kjevik,SN39040,08.03.2023 13:50,33.8
Kjevik,SN39040,08.03.2023 14:20,33.8
Kjevik,SN39040,08.03.2023 14:50,33.8
Kjevik,SN39040,08.03.2023 15:20,33.8
Kjevik,SN39040,08.03.2023 15:50,35.6
Kjevik,SN39040,08.03.2023 16:20,33.8
Kjevik,SN39040,08.03.2023 16:50,33.8
Kjevik,SN39040,08.03.2023 17:20,33.8
Kjevik,SN39040,08.03.2023 17:50,33.8
Kjevik,SN39040,08.03.2023 18:20,32.0
Kjevik,SN39040,08.03.2023 18:50,32.0
Kjevik,SN39040,08.03.2023 19:20,32.0
Kjevik,SN39040,08.03.2023 19:50,30.2
Kjevik,SN39040,08.03.2023 20:20,30.2
Kjevik,SN39040,08.03.2023 20:50,26.6
Kjevik,SN39040,08.03.2023 21:20,23.0
Kjevik,SN39040,08.03.2023 21:50,21.2
Kjevik,SN39040,08.03.2023 22:20,23.0
Kjevik,SN39040,08.03.2023 22:50,23.0
Kjevik,SN39040,08.03.2023 23:20,23.0
Kjevik,SN39040,08.03.2023 23:50,21.2
Kjevik,SN39040,09.03.2023 00:20,21.2
Kjevik,SN39040,09.03.2023 00:50,24.8
Kjevik,SN39040,09.03.2023 01:20,19.4
Kjevik,SN39040,09.03.2023 01:50,23.0
Kjevik,SN39040,09.03.2023 02:20,19.4
Kjevik,SN39040,09.03.2023 02:50,19.4
Kjevik,SN39040,09.03.2023 03:20,17.6
Kjevik,SN39040,09.03.2023 03:50,17.6
Kjevik,SN39040,09.03.2023 04:20,19.4
Kjevik,SN39040,09.03.2023 04:50,19.4
Kjevik,SN39040,09.03.2023 05:20,17.6
Kjevik,SN39040,09.03.2023 05:50,19.4
Kjevik,SN39040,09.03.2023 06:20,21.2
Kjevik,SN39040,09.03.2023 06:50,21.2
Kjevik,SN39040,09.03.2023 07:20,19.4
Kjevik,SN39040,09.03.2023 07:50,21.2
Kjevik,SN39040,09.03.2023 08:20,23.0
Kjevik,SN39040,09.03.2023 08:50,23.0
Kjevik,SN39040,09.03.2023 09:20,23.0
Kjevik,SN39040,09.03.2023 09:50,30.2
Kjevik,SN39040,09.03.2023 10:20,32.0
Kjevik,SN39040,09.03.2023 10:50,32.0
Kjevik,SN39040,09.03.2023 11:20,33.8
Kjevik,SN39040,09.03.2023 11:50,33.8
Kjevik,SN39040,09.03.2023 12:20,33.8
Kjevik,SN39040,09.03.2023 12:50,33.8
Kjevik,SN39040,09.03.2023 13:20,35.6
Kjevik,SN39040,09.03.2023 13:50,33.8
Kjevik,SN39040,09.03.2023 14:20,33.8
Kjevik,SN39040,09.03.2023 14:50,33.8
Kjevik,SN39040,09.03.2023 15:20,33.8
Kjevik,SN39040,09.03.2023 15:50,33.8
Kjevik,SN39040,09.03.2023 16:20,33.8
Kjevik,SN39040,09.03.2023 16:50,33.8
Kjevik,SN39040,09.03.2023 17:20,32.0
Kjevik,SN39040,09.03.2023 17:50,33.8
Kjevik,SN39040,09.03.2023 18:20,32.0
Kjevik,SN39040,09.03.2023 18:50,30.2
Kjevik,SN39040,09.03.2023 19:20,28.4
Kjevik,SN39040,09.03.2023 19:50,28.4
Kjevik,SN39040,09.03.2023 20:20,28.4
Kjevik,SN39040,09.03.2023 20:50,26.6
Kjevik,SN39040,09.03.2023 21:20,24.8
Kjevik,SN39040,09.03.2023 21:50,24.8
Kjevik,SN39040,09.03.2023 22:20,24.8
Kjevik,SN39040,09.03.2023 22:50,26.6
Kjevik,SN39040,09.03.2023 23:20,26.6
Kjevik,SN39040,09.03.2023 23:50,26.6
Kjevik,SN39040,10.03.2023 00:20,26.6
Kjevik,SN39040,10.03.2023 00:50,24.8
Kjevik,SN39040,10.03.2023 01:20,24.8
Kjevik,SN39040,10.03.2023 01:50,23.0
Kjevik,SN39040,10.03.2023 02:20,23.0
Kjevik,SN39040,10.03.2023 02:50,23.0
Kjevik,SN39040,10.03.2023 03:20,23.0
Kjevik,SN39040,10.03.2023 03:50,23.0
Kjevik,SN39040,10.03.2023 04:20,23.0
Kjevik,SN39040,10.03.2023 04:50,21.2
Kjevik,SN39040,10.03.2023 05:20,21.2
Kjevik,SN39040,10.03.2023 05:50,21.2
Kjevik,SN39040,10.03.2023 06:20,21.2
Kjevik,SN39040,10.03.2023 06:50,21.2
Kjevik,SN39040,10.03.2023 07:20,21.2
Kjevik,SN39040,10.03.2023 07:50,21.2
Kjevik,SN39040,10.03.2023 08:20,23.0
Kjevik,SN39040,10.03.2023 08:50,23.0
Kjevik,SN39040,10.03.2023 09:20,24.8
Kjevik,SN39040,10.03.2023 09:50,26.6
Kjevik,SN39040,10.03.2023 10:20,26.6
Kjevik,SN39040,10.03.2023 10:50,28.4
Kjevik,SN39040,10.03.2023 11:20,28.4
Kjevik,SN39040,10.03.2023 11:50,30.2
Kjevik,SN39040,10.03.2023 12:20,32.0
Kjevik,SN39040,10.03.2023 12:50,32.0
Kjevik,SN39040,10.03.2023 13:20,32.0
Kjevik,SN39040,10.03.2023 13:50,32.0
Kjevik,SN39040,10.03.2023 14:20,33.8
Kjevik,SN39040,10.03.2023 14:50,32.0
Kjevik,SN39040,10.03.2023 15:20,32.0
Kjevik,SN39040,10.03.2023 15:50,32.0
Kjevik,SN39040,10.03.2023 16:20,32.0
Kjevik,SN39040,10.03.2023 16:50,32.0
Kjevik,SN39040,10.03.2023 17:20,30.2
Kjevik,SN39040,10.03.2023 17:50,32.0
Kjevik,SN39040,10.03.2023 18:20,32.0
Kjevik,SN39040,10.03.2023 18:50,30.2
Kjevik,SN39040,10.03.2023 19:20,28.4
Kjevik,SN39040,10.03.2023 19:50,26.6
Kjevik,SN39040,10.03.2023 20:20,26.6
Kjevik,SN39040,10.03.2023 20:50,24.8
Kjevik,SN39040,10.03.2023 21:20,23.0
Kjevik,SN39040,10.03.2023 21:50,23.0
Kjevik,SN39040,10.03.2023 22:20,23.0
Kjevik,SN39040,10.03.2023 22:50,23.0
Kjevik,SN39040,10.03.2023 23:20,21.2
Kjevik,SN39040,10.03.2023 23:50,19.4
Kjevik,SN39040,11.03.2023 00:20,19.4
Kjevik,SN39040,11.03.2023 00:50,19.4
Kjevik,SN39040,11.03.2023 01:20,17.6
Kjevik,SN39040,11.03.2023 01:50,17.6
Kjevik,SN39040,11.03.2023 02:20,15.8
Kjevik,SN39040,11.03.2023 02:50,15.8
Kjevik,SN39040,11.03.2023 03:20,15.8
Kjevik,SN39040,11.03.2023 03:50,12.2
Kjevik,SN39040,11.03.2023 04:20,14.0
Kjevik,SN39040,11.03.2023 04:50,15.8
Kjevik,SN39040,11.03.2023 05:20,14.0
Kjevik,SN39040,11.03.2023 05:50,14.0
Kjevik,SN39040,11.03.2023 06:20,14.0
Kjevik,SN39040,11.03.2023 06:50,14.0
Kjevik,SN39040,11.03.2023 07:20,15.8
Kjevik,SN39040,11.03.2023 07:50,17.6
Kjevik,SN39040,11.03.2023 08:20,21.2
Kjevik,SN39040,11.03.2023 08:50,21.2
Kjevik,SN39040,11.03.2023 09:20,23.0
Kjevik,SN39040,11.03.2023 09:50,30.2
Kjevik,SN39040,11.03.2023 10:20,28.4
Kjevik,SN39040,11.03.2023 10:50,32.0
Kjevik,SN39040,11.03.2023 11:20,35.6
Kjevik,SN39040,11.03.2023 11:50,37.4
Kjevik,SN39040,11.03.2023 12:20,37.4
Kjevik,SN39040,11.03.2023 12:50,39.2
Kjevik,SN39040,11.03.2023 13:20,37.4
Kjevik,SN39040,11.03.2023 13:50,35.6
Kjevik,SN39040,11.03.2023 14:20,37.4
Kjevik,SN39040,11.03.2023 14:50,37.4
Kjevik,SN39040,11.03.2023 15:20,37.4
Kjevik,SN39040,11.03.2023 15:50,35.6
Kjevik,SN39040,11.03.2023 16:20,35.6
Kjevik,SN39040,11.03.2023 16:50,35.6
Kjevik,SN39040,11.03.2023 17:20,35.6
Kjevik,SN39040,11.03.2023 17:50,33.8
Kjevik,SN39040,11.03.2023 18:20,32.0
Kjevik,SN39040,11.03.2023 18:50,32.0
Kjevik,SN39040,11.03.2023 19:20,32.0
Kjevik,SN39040,11.03.2023 19:50,30.2
Kjevik,SN39040,11.03.2023 20:20,30.2
Kjevik,SN39040,11.03.2023 20:50,30.2
Kjevik,SN39040,11.03.2023 21:20,28.4
Kjevik,SN39040,11.03.2023 21:50,28.4
Kjevik,SN39040,11.03.2023 22:20,28.4
Kjevik,SN39040,11.03.2023 22:50,28.4
Kjevik,SN39040,11.03.2023 23:20,28.4
Kjevik,SN39040,11.03.2023 23:50,28.4
Kjevik,SN39040,12.03.2023 00:20,28.4
Kjevik,SN39040,12.03.2023 00:50,26.6
Kjevik,SN39040,12.03.2023 01:20,26.6
Kjevik,SN39040,12.03.2023 01:50,26.6
Kjevik,SN39040,12.03.2023 02:20,26.6
Kjevik,SN39040,12.03.2023 02:50,24.8
Kjevik,SN39040,12.03.2023 03:20,23.0
Kjevik,SN39040,12.03.2023 03:50,19.4
Kjevik,SN39040,12.03.2023 04:20,19.4
Kjevik,SN39040,12.03.2023 04:50,19.4
Kjevik,SN39040,12.03.2023 05:20,19.4
Kjevik,SN39040,12.03.2023 05:50,17.6
Kjevik,SN39040,12.03.2023 06:20,19.4
Kjevik,SN39040,12.03.2023 06:50,17.6
Kjevik,SN39040,12.03.2023 07:20,19.4
Kjevik,SN39040,12.03.2023 07:50,19.4
Kjevik,SN39040,12.03.2023 08:20,21.2
Kjevik,SN39040,12.03.2023 08:50,21.2
Kjevik,SN39040,12.03.2023 09:20,23.0
Kjevik,SN39040,12.03.2023 09:50,24.8
Kjevik,SN39040,12.03.2023 10:20,26.6
Kjevik,SN39040,12.03.2023 10:50,28.4
Kjevik,SN39040,12.03.2023 11:20,30.2
Kjevik,SN39040,12.03.2023 11:50,32.0
Kjevik,SN39040,12.03.2023 12:20,33.8
Kjevik,SN39040,12.03.2023 12:50,33.8
Kjevik,SN39040,12.03.2023 13:20,35.6
Kjevik,SN39040,12.03.2023 13:50,35.6
Kjevik,SN39040,12.03.2023 14:20,33.8
Kjevik,SN39040,12.03.2023 14:50,33.8
Kjevik,SN39040,12.03.2023 15:20,35.6
Kjevik,SN39040,12.03.2023 15:50,35.6
Kjevik,SN39040,12.03.2023 16:20,35.6
Kjevik,SN39040,12.03.2023 16:50,32.0
Kjevik,SN39040,12.03.2023 17:20,32.0
Kjevik,SN39040,12.03.2023 17:50,32.0
Kjevik,SN39040,12.03.2023 18:20,33.8
Kjevik,SN39040,12.03.2023 18:50,33.8
Kjevik,SN39040,12.03.2023 19:20,33.8
Kjevik,SN39040,12.03.2023 19:50,33.8
Kjevik,SN39040,12.03.2023 20:20,33.8
Kjevik,SN39040,12.03.2023 20:50,32.0
Kjevik,SN39040,12.03.2023 21:20,33.8
Kjevik,SN39040,12.03.2023 21:50,33.8
Kjevik,SN39040,12.03.2023 22:20,33.8
Kjevik,SN39040,12.03.2023 22:50,33.8
Kjevik,SN39040,12.03.2023 23:20,33.8
Kjevik,SN39040,12.03.2023 23:50,33.8
Kjevik,SN39040,13.03.2023 00:20,33.8
Kjevik,SN39040,13.03.2023 00:50,33.8
Kjevik,SN39040,13.03.2023 01:20,33.8
Kjevik,SN39040,13.03.2023 01:50,33.8
Kjevik,SN39040,13.03.2023 02:20,33.8
Kjevik,SN39040,13.03.2023 02:50,33.8
Kjevik,SN39040,13.03.2023 03:20,33.8
Kjevik,SN39040,13.03.2023 03:50,33.8
Kjevik,SN39040,13.03.2023 04:20,33.8
Kjevik,SN39040,13.03.2023 05:20,33.8
Kjevik,SN39040,13.03.2023 05:50,33.8
Kjevik,SN39040,13.03.2023 06:20,33.8
Kjevik,SN39040,13.03.2023 06:50,33.8
Kjevik,SN39040,13.03.2023 07:20,33.8
Kjevik,SN39040,13.03.2023 07:50,33.8
Kjevik,SN39040,13.03.2023 08:20,33.8
Kjevik,SN39040,13.03.2023 08:50,33.8
Kjevik,SN39040,13.03.2023 09:20,33.8
Kjevik,SN39040,13.03.2023 09:50,33.8
Kjevik,SN39040,13.03.2023 10:20,33.8
Kjevik,SN39040,13.03.2023 10:50,33.8
Kjevik,SN39040,13.03.2023 11:20,33.8
Kjevik,SN39040,13.03.2023 11:50,35.6
Kjevik,SN39040,13.03.2023 12:20,35.6
Kjevik,SN39040,13.03.2023 12:50,35.6
Kjevik,SN39040,13.03.2023 13:20,35.6
Kjevik,SN39040,13.03.2023 13:50,37.4
Kjevik,SN39040,13.03.2023 14:20,35.6
Kjevik,SN39040,13.03.2023 14:50,35.6
Kjevik,SN39040,13.03.2023 15:20,44.6
Kjevik,SN39040,13.03.2023 15:50,44.6
Kjevik,SN39040,13.03.2023 16:20,44.6
Kjevik,SN39040,13.03.2023 16:50,42.8
Kjevik,SN39040,13.03.2023 17:20,42.8
Kjevik,SN39040,13.03.2023 17:50,42.8
Kjevik,SN39040,13.03.2023 18:20,42.8
Kjevik,SN39040,13.03.2023 18:50,42.8
Kjevik,SN39040,13.03.2023 19:20,42.8
Kjevik,SN39040,13.03.2023 19:50,42.8
Kjevik,SN39040,13.03.2023 20:20,42.8
Kjevik,SN39040,13.03.2023 20:50,42.8
Kjevik,SN39040,13.03.2023 21:20,42.8
Kjevik,SN39040,13.03.2023 21:50,42.8
Kjevik,SN39040,13.03.2023 22:20,42.8
Kjevik,SN39040,13.03.2023 22:50,41.0
Kjevik,SN39040,13.03.2023 23:20,39.2
Kjevik,SN39040,13.03.2023 23:50,39.2
Kjevik,SN39040,14.03.2023 00:20,39.2
Kjevik,SN39040,14.03.2023 00:50,39.2
Kjevik,SN39040,14.03.2023 01:20,37.4
Kjevik,SN39040,14.03.2023 01:50,39.2
Kjevik,SN39040,14.03.2023 02:20,37.4
Kjevik,SN39040,14.03.2023 02:50,37.4
Kjevik,SN39040,14.03.2023 03:20,37.4
Kjevik,SN39040,14.03.2023 03:50,37.4
Kjevik,SN39040,14.03.2023 04:50,35.6
Kjevik,SN39040,14.03.2023 05:20,35.6
Kjevik,SN39040,14.03.2023 05:50,35.6
Kjevik,SN39040,14.03.2023 06:20,35.6
Kjevik,SN39040,14.03.2023 06:50,33.8
Kjevik,SN39040,14.03.2023 07:20,33.8
Kjevik,SN39040,14.03.2023 07:50,35.6
Kjevik,SN39040,14.03.2023 08:20,35.6
Kjevik,SN39040,14.03.2023 08:50,37.4
Kjevik,SN39040,14.03.2023 09:20,37.4
Kjevik,SN39040,14.03.2023 09:50,39.2
Kjevik,SN39040,14.03.2023 10:20,41.0
Kjevik,SN39040,14.03.2023 10:50,39.2
Kjevik,SN39040,14.03.2023 11:20,39.2
Kjevik,SN39040,14.03.2023 11:50,39.2
Kjevik,SN39040,14.03.2023 12:20,39.2
Kjevik,SN39040,14.03.2023 12:50,41.0
Kjevik,SN39040,14.03.2023 13:20,39.2
Kjevik,SN39040,14.03.2023 13:50,41.0
Kjevik,SN39040,14.03.2023 14:20,41.0
Kjevik,SN39040,14.03.2023 14:50,42.8
Kjevik,SN39040,14.03.2023 15:20,42.8
Kjevik,SN39040,14.03.2023 15:50,42.8
Kjevik,SN39040,14.03.2023 16:20,42.8
Kjevik,SN39040,14.03.2023 16:50,42.8
Kjevik,SN39040,14.03.2023 17:20,41.0
Kjevik,SN39040,14.03.2023 17:50,41.0
Kjevik,SN39040,14.03.2023 18:20,39.2
Kjevik,SN39040,14.03.2023 18:50,37.4
Kjevik,SN39040,14.03.2023 19:20,35.6
Kjevik,SN39040,14.03.2023 19:50,35.6
Kjevik,SN39040,14.03.2023 20:20,35.6
Kjevik,SN39040,14.03.2023 20:50,33.8
Kjevik,SN39040,14.03.2023 21:20,33.8
Kjevik,SN39040,14.03.2023 21:50,33.8
Kjevik,SN39040,14.03.2023 22:20,32.0
Kjevik,SN39040,14.03.2023 22:50,32.0
Kjevik,SN39040,14.03.2023 23:20,32.0
Kjevik,SN39040,14.03.2023 23:50,32.0
Kjevik,SN39040,15.03.2023 00:20,32.0
Kjevik,SN39040,15.03.2023 00:50,32.0
Kjevik,SN39040,15.03.2023 01:20,32.0
Kjevik,SN39040,15.03.2023 01:50,32.0
Kjevik,SN39040,15.03.2023 02:20,32.0
Kjevik,SN39040,15.03.2023 02:50,32.0
Kjevik,SN39040,15.03.2023 03:20,30.2
Kjevik,SN39040,15.03.2023 03:50,30.2
Kjevik,SN39040,15.03.2023 04:20,28.4
Kjevik,SN39040,15.03.2023 04:50,30.2
Kjevik,SN39040,15.03.2023 05:20,30.2
Kjevik,SN39040,15.03.2023 05:50,30.2
Kjevik,SN39040,15.03.2023 06:20,30.2
Kjevik,SN39040,15.03.2023 06:50,26.6
Kjevik,SN39040,15.03.2023 07:20,30.2
Kjevik,SN39040,15.03.2023 07:50,32.0
Kjevik,SN39040,15.03.2023 08:20,33.8
Kjevik,SN39040,15.03.2023 08:50,33.8
Kjevik,SN39040,15.03.2023 09:20,35.6
Kjevik,SN39040,15.03.2023 09:50,37.4
Kjevik,SN39040,15.03.2023 10:20,39.2
Kjevik,SN39040,15.03.2023 10:50,41.0
Kjevik,SN39040,15.03.2023 11:20,42.8
Kjevik,SN39040,15.03.2023 11:50,42.8
Kjevik,SN39040,15.03.2023 12:20,41.0
Kjevik,SN39040,15.03.2023 12:50,44.6
Kjevik,SN39040,15.03.2023 13:20,42.8
Kjevik,SN39040,15.03.2023 13:50,42.8
Kjevik,SN39040,15.03.2023 14:20,42.8
Kjevik,SN39040,15.03.2023 14:50,44.6
Kjevik,SN39040,15.03.2023 15:20,42.8
Kjevik,SN39040,15.03.2023 15:50,42.8
Kjevik,SN39040,15.03.2023 16:20,41.0
Kjevik,SN39040,15.03.2023 16:50,41.0
Kjevik,SN39040,15.03.2023 17:20,41.0
Kjevik,SN39040,15.03.2023 17:50,41.0
Kjevik,SN39040,15.03.2023 18:20,39.2
Kjevik,SN39040,15.03.2023 18:50,35.6
Kjevik,SN39040,15.03.2023 19:20,33.8
Kjevik,SN39040,15.03.2023 19:50,30.2
Kjevik,SN39040,15.03.2023 20:20,28.4
Kjevik,SN39040,15.03.2023 20:50,28.4
Kjevik,SN39040,15.03.2023 21:20,28.4
Kjevik,SN39040,15.03.2023 21:50,26.6
Kjevik,SN39040,15.03.2023 22:20,26.6
Kjevik,SN39040,15.03.2023 22:50,26.6
Kjevik,SN39040,15.03.2023 23:20,26.6
Kjevik,SN39040,15.03.2023 23:50,24.8
Kjevik,SN39040,16.03.2023 00:20,24.8
Kjevik,SN39040,16.03.2023 00:50,24.8
Kjevik,SN39040,16.03.2023 01:20,24.8
Kjevik,SN39040,16.03.2023 01:50,24.8
Kjevik,SN39040,16.03.2023 02:20,24.8
Kjevik,SN39040,16.03.2023 02:50,24.8
Kjevik,SN39040,16.03.2023 03:20,24.8
Kjevik,SN39040,16.03.2023 03:50,24.8
Kjevik,SN39040,16.03.2023 04:20,24.8
Kjevik,SN39040,16.03.2023 04:50,24.8
Kjevik,SN39040,16.03.2023 05:20,24.8
Kjevik,SN39040,16.03.2023 05:50,24.8
Kjevik,SN39040,16.03.2023 06:20,26.6
Kjevik,SN39040,16.03.2023 06:50,28.4
Kjevik,SN39040,16.03.2023 07:20,28.4
Kjevik,SN39040,16.03.2023 07:50,30.2
Kjevik,SN39040,16.03.2023 08:20,30.2
Kjevik,SN39040,16.03.2023 08:50,32.0
Kjevik,SN39040,16.03.2023 09:20,33.8
Kjevik,SN39040,16.03.2023 09:50,37.4
Kjevik,SN39040,16.03.2023 10:20,37.4
Kjevik,SN39040,16.03.2023 10:50,39.2
Kjevik,SN39040,16.03.2023 11:20,37.4
Kjevik,SN39040,16.03.2023 11:50,39.2
Kjevik,SN39040,16.03.2023 12:20,39.2
Kjevik,SN39040,16.03.2023 12:50,39.2
Kjevik,SN39040,16.03.2023 13:20,37.4
Kjevik,SN39040,16.03.2023 13:50,37.4
Kjevik,SN39040,16.03.2023 14:20,35.6
Kjevik,SN39040,16.03.2023 14:50,35.6
Kjevik,SN39040,16.03.2023 15:20,35.6
Kjevik,SN39040,16.03.2023 15:50,33.8
Kjevik,SN39040,16.03.2023 16:20,33.8
Kjevik,SN39040,16.03.2023 16:50,33.8
Kjevik,SN39040,16.03.2023 17:20,33.8
Kjevik,SN39040,16.03.2023 17:50,33.8
Kjevik,SN39040,16.03.2023 18:20,33.8
Kjevik,SN39040,16.03.2023 18:50,33.8
Kjevik,SN39040,16.03.2023 19:20,32.0
Kjevik,SN39040,16.03.2023 19:50,32.0
Kjevik,SN39040,16.03.2023 20:20,33.8
Kjevik,SN39040,16.03.2023 20:50,33.8
Kjevik,SN39040,16.03.2023 21:20,32.0
Kjevik,SN39040,16.03.2023 21:50,33.8
Kjevik,SN39040,16.03.2023 22:20,33.8
Kjevik,SN39040,16.03.2023 22:50,33.8
Kjevik,SN39040,16.03.2023 23:20,35.6
Kjevik,SN39040,16.03.2023 23:50,37.4
Kjevik,SN39040,17.03.2023 00:20,37.4
Kjevik,SN39040,17.03.2023 00:50,37.4
Kjevik,SN39040,17.03.2023 01:20,37.4
Kjevik,SN39040,17.03.2023 01:50,37.4
Kjevik,SN39040,17.03.2023 02:20,37.4
Kjevik,SN39040,17.03.2023 02:50,37.4
Kjevik,SN39040,17.03.2023 03:20,37.4
Kjevik,SN39040,17.03.2023 03:50,37.4
Kjevik,SN39040,17.03.2023 04:20,37.4
Kjevik,SN39040,17.03.2023 05:20,37.4
Kjevik,SN39040,17.03.2023 05:50,39.2
Kjevik,SN39040,17.03.2023 06:20,39.2
Kjevik,SN39040,17.03.2023 06:50,39.2
Kjevik,SN39040,17.03.2023 07:20,39.2
Kjevik,SN39040,17.03.2023 07:50,39.2
Kjevik,SN39040,17.03.2023 08:20,39.2
Kjevik,SN39040,17.03.2023 08:50,39.2
Kjevik,SN39040,17.03.2023 09:20,39.2
Kjevik,SN39040,17.03.2023 09:50,39.2
Kjevik,SN39040,17.03.2023 10:20,39.2
Kjevik,SN39040,17.03.2023 10:50,39.2
Kjevik,SN39040,17.03.2023 11:20,39.2
Kjevik,SN39040,17.03.2023 11:50,39.2
Kjevik,SN39040,17.03.2023 12:20,39.2
Kjevik,SN39040,17.03.2023 12:50,41.0
Kjevik,SN39040,17.03.2023 13:20,41.0
Kjevik,SN39040,17.03.2023 13:50,41.0
Kjevik,SN39040,17.03.2023 14:20,41.0
Kjevik,SN39040,17.03.2023 14:50,41.0
Kjevik,SN39040,17.03.2023 15:20,41.0
Kjevik,SN39040,17.03.2023 15:50,41.0
Kjevik,SN39040,17.03.2023 16:20,41.0
Kjevik,SN39040,17.03.2023 16:50,41.0
Kjevik,SN39040,17.03.2023 17:20,41.0
Kjevik,SN39040,17.03.2023 17:50,37.4
Kjevik,SN39040,17.03.2023 18:20,37.4
Kjevik,SN39040,17.03.2023 18:50,37.4
Kjevik,SN39040,17.03.2023 19:20,39.2
Kjevik,SN39040,17.03.2023 19:50,39.2
Kjevik,SN39040,17.03.2023 20:20,35.6
Kjevik,SN39040,17.03.2023 20:50,35.6
Kjevik,SN39040,17.03.2023 21:20,37.4
Kjevik,SN39040,17.03.2023 21:50,35.6
Kjevik,SN39040,17.03.2023 22:20,35.6
Kjevik,SN39040,17.03.2023 22:50,35.6
Kjevik,SN39040,17.03.2023 23:20,39.2
Kjevik,SN39040,17.03.2023 23:50,39.2
Kjevik,SN39040,18.03.2023 00:20,39.2
Data er basert paa gyldig data (per 18.03.2023) (CC BY 4.0) fra Meteorologisk institutt (MET); endringen er gjort av Max lee
